# transform file /out/sourcedata/freesurfer/sub-v2s13x29131_ses-1/mri/transforms/cc_up.lta
# created by oesteban on Wed Mar 11 06:45:07 2026

type      = 0 # LINEAR_VOX_TO_VOX
nxforms   = 1
mean      = 131.0000 142.0000 118.0000
sigma     = 10000.0000
1 4 4
9.970366358757019e-01 -7.651881873607635e-02 7.929447107017040e-03 7.555107116699219e+00 
7.651639729738235e-02 9.970681667327881e-01 6.085360655561090e-04 4.096234142780304e-01 
-7.952763698995113e-03 0.000000000000000e+00 9.999684691429138e-01 2.102931404113770e+01 
0.000000000000000e+00 0.000000000000000e+00 0.000000000000000e+00 1.000000000000000e+00 
src volume info
valid = 1  # volume info valid
filename = /out/sourcedata/freesurfer/sub-v2s13x29131_ses-1/mri/norm.mgz
volume = 256 256 256
voxelsize = 8.984375000000000e-01 8.984375000000000e-01 8.984375000000000e-01
xras   = -9.999999403953552e-01 5.183012352638627e-10 -2.073204941055451e-09
yras   = -2.073204941055451e-09 1.658563952844361e-08 -1.000000000000000e+00
zras   = -2.591506176319314e-10 9.999999403953552e-01 -1.658563952844361e-08
cras   = 5.016227722167969e+00 4.693374633789062e+00 3.410403442382812e+01
dst volume info
valid = 1  # volume info valid
filename = /out/sourcedata/freesurfer/sub-v2s13x29131_ses-1/mri/norm.mgz
volume = 256 256 256
voxelsize = 8.984375000000000e-01 8.984375000000000e-01 8.984375000000000e-01
xras   = -9.999999403953552e-01 5.183012352638627e-10 -2.073204941055451e-09
yras   = -2.073204941055451e-09 1.658563952844361e-08 -1.000000000000000e+00
zras   = -2.591506176319314e-10 9.999999403953552e-01 -1.658563952844361e-08
cras   = 5.016227722167969e+00 4.693374633789062e+00 3.410403442382812e+01
