type      = 1 # LINEAR_RAS_TO_RAS
nxforms   = 1
mean      = 0.0000 0.0000 0.0000
sigma     = 1.0000
1 4 4
1.098613977432251e+00 -1.195599976927042e-02 -8.983399718999863e-02 -4.057160019874573e-01 
2.877599932253361e-02 1.044525980949402e+00 1.910209953784943e-01 -1.938996887207031e+01 
6.376799941062927e-02 -1.441249996423721e-01 1.077651977539062e+00 -2.213789367675781e+01 
0.000000000000000e+00 0.000000000000000e+00 0.000000000000000e+00 1.000000000000000e+00 
src volume info
valid = 1  # volume info valid
filename = /out/sourcedata/freesurfer/sub-v2s13x29131_ses-1/mri/orig_nu.mgz
volume = 256 256 256
voxelsize = 8.984375000000000e-01 8.984375000000000e-01 8.984375000000000e-01
xras   = -9.999999403953552e-01 5.183012352638627e-10 -2.073204941055451e-09
yras   = -2.073204941055451e-09 1.658563952844361e-08 -1.000000000000000e+00
zras   = -2.591506176319314e-10 9.999999403953552e-01 -1.658563952844361e-08
cras   = 5.016227722167969e+00 4.693374633789062e+00 3.410403442382812e+01
dst volume info
valid = 1  # volume info valid
filename = /opt/freesurfer/average/mni305.cor.mgz
volume = 256 256 256
voxelsize = 1.000000000000000e+00 1.000000000000000e+00 1.000000000000000e+00
xras   = -1.000000000000000e+00 0.000000000000000e+00 0.000000000000000e+00
yras   = 0.000000000000000e+00 0.000000000000000e+00 -1.000000000000000e+00
zras   = 0.000000000000000e+00 1.000000000000000e+00 0.000000000000000e+00
cras   = 0.000000000000000e+00 0.000000000000000e+00 0.000000000000000e+00
subject fsaverage
fscale 0.100000
