type      = 0 # LINEAR_VOX_TO_VOX
nxforms   = 1
mean      = 0.0000 0.0000 0.0000
sigma     = 1.0000
1 4 4
9.870359301567078e-01 -8.071023225784302e-02 1.074171718209982e-02 8.629989624023438e+00 
5.729156360030174e-02 9.682029485702515e-01 1.294873058795929e-01 -3.409548950195312e+01 
-2.585343457758427e-02 -1.716204136610031e-01 9.384412765502930e-01 2.532749176025391e+01 
0.000000000000000e+00 0.000000000000000e+00 0.000000000000000e+00 1.000000000000000e+00 
src volume info
valid = 1  # volume info valid
filename = /out/sourcedata/freesurfer/sub-v2s13x29131_ses-1/mri/orig.mgz
volume = 256 256 256
voxelsize = 8.984375000000000e-01 8.984375000000000e-01 8.984375000000000e-01
xras   = -9.999999403953552e-01 5.183012352638627e-10 -2.073204941055451e-09
yras   = -2.073204941055451e-09 1.658563952844361e-08 -1.000000000000000e+00
zras   = -2.591506176319314e-10 9.999999403953552e-01 -1.658563952844361e-08
cras   = 5.016227722167969e+00 4.693374633789062e+00 3.410403442382812e+01
dst volume info
valid = 1  # volume info valid
filename = /opt/freesurfer/average/mni305.cor.mgz
volume = 256 256 256
voxelsize = 1.000000000000000e+00 1.000000000000000e+00 1.000000000000000e+00
xras   = -1.000000000000000e+00 0.000000000000000e+00 0.000000000000000e+00
yras   = 0.000000000000000e+00 0.000000000000000e+00 -1.000000000000000e+00
zras   = 0.000000000000000e+00 1.000000000000000e+00 0.000000000000000e+00
cras   = 0.000000000000000e+00 0.000000000000000e+00 0.000000000000000e+00
subject fsaverage
fscale 0.100000
