# transform file transforms/talairach.lta
# created by oesteban on Wed Mar 11 05:14:25 2026

type      = 0 # LINEAR_VOX_TO_VOX
nxforms   = 1
mean      = 131.0000 142.0000 118.0000
sigma     = 10000.0000
1 4 4
9.306232333183289e-01 -9.004005789756775e-02 1.313744485378265e-02 1.515128231048584e+01 
8.437284827232361e-02 9.456176757812500e-01 1.813809871673584e-01 -4.125595855712891e+01 
-3.222698718309402e-02 -1.791773438453674e-01 8.788971900939941e-01 3.539585113525391e+01 
0.000000000000000e+00 0.000000000000000e+00 0.000000000000000e+00 1.000000000000000e+00 
src volume info
valid = 1  # volume info valid
filename = nu.mgz
volume = 256 256 256
voxelsize = 8.984375000000000e-01 8.984375000000000e-01 8.984375000000000e-01
xras   = -9.999999403953552e-01 5.183012352638627e-10 -2.073204941055451e-09
yras   = -2.073204941055451e-09 1.658563952844361e-08 -1.000000000000000e+00
zras   = -2.591506176319314e-10 9.999999403953552e-01 -1.658563952844361e-08
cras   = 5.016227722167969e+00 4.693374633789062e+00 3.410403442382812e+01
dst volume info
valid = 1  # volume info valid
filename = /opt/freesurfer/average/RB_all_2020-01-02.gca
volume = 256 256 256
voxelsize = 1.000000000000000e+00 1.000000000000000e+00 1.000000000000000e+00
xras   = -1.000000000000000e+00 0.000000000000000e+00 0.000000000000000e+00
yras   = 0.000000000000000e+00 0.000000000000000e+00 -1.000000000000000e+00
zras   = 0.000000000000000e+00 1.000000000000000e+00 0.000000000000000e+00
cras   = 0.000000000000000e+00 0.000000000000000e+00 0.000000000000000e+00
