#Insight Transform File V1.0
#Transform 0
Transform: AffineTransform_float_3_3
Parameters: 0.999999 0.00116151 0.000632881 -0.00116216 1 0.00030503 -0.000633142 -0.000306132 0.999999 -0.148349 0.0384783 0.0445858
FixedParameters: 0 0 0

#Transform 1
Transform: AffineTransform_float_3_3
Parameters: 0.999998 0.00166239 4.85043e-05 -0.00166305 0.999997 0.00149025 -4.54827e-05 -0.00149004 0.999999 -0.11888 0.0626897 0.0254977
FixedParameters: 0 0 0

#Transform 2
Transform: AffineTransform_float_3_3
Parameters: 0.999999 0.000837014 0.00044635 -0.000837483 0.999999 0.00131676 -0.000445368 -0.00131664 0.999999 -0.107194 0.0816844 0.118293
FixedParameters: 0 0 0

#Transform 3
Transform: AffineTransform_float_3_3
Parameters: 1 0.00112702 0.000117614 -0.00112653 0.999999 0.000918521 -0.000116772 -0.000918419 0.999999 -0.124403 0.0414779 0.0951614
FixedParameters: 0 0 0

#Transform 4
Transform: AffineTransform_float_3_3
Parameters: 0.999999 0.00130127 0.000382805 -0.00130134 0.999999 8.19667e-05 -0.000382595 -8.25928e-05 1 -0.126786 0.0521367 0.0582958
FixedParameters: 0 0 0

#Transform 5
Transform: AffineTransform_float_3_3
Parameters: 0.999999 0.00134372 0.000716243 -0.00134369 1 -2.05657e-05 -0.000716303 2.03757e-05 1 -0.125303 0.0388386 0.0123206
FixedParameters: 0 0 0

#Transform 6
Transform: AffineTransform_float_3_3
Parameters: 0.999998 0.00219894 0.000648139 -0.0021982 0.999997 -0.000916107 -0.000649984 0.000914496 0.999999 -0.162858 0.0560472 -0.0829795
FixedParameters: 0 0 0

#Transform 7
Transform: AffineTransform_float_3_3
Parameters: 0.999996 0.00266876 0.00140092 -0.00267142 0.999995 0.00162071 -0.00139691 -0.00162522 0.999997 -0.119646 0.0419341 0.0714244
FixedParameters: 0 0 0

#Transform 8
Transform: AffineTransform_float_3_3
Parameters: 0.99999 0.00425063 0.0013965 -0.00425396 0.999988 0.00269686 -0.00138503 -0.0027029 0.999996 -0.124771 0.0122994 0.182625
FixedParameters: 0 0 0

#Transform 9
Transform: AffineTransform_float_3_3
Parameters: 0.999996 0.002834 0.000640103 -0.00283428 0.999996 0.00056908 -0.000639081 -0.000570236 0.999999 -0.10552 0.130101 0.0853195
FixedParameters: 0 0 0

#Transform 10
Transform: AffineTransform_float_3_3
Parameters: 0.999994 0.00325852 0.00128982 -0.00326284 0.999991 0.00275455 -0.00128088 -0.00275874 0.999995 -0.138329 0.0663656 0.126703
FixedParameters: 0 0 0

#Transform 11
Transform: AffineTransform_float_3_3
Parameters: 0.999998 0.00199172 0.000296806 -0.00199271 0.999995 0.00275451 -0.000291169 -0.00275582 0.999996 -0.122935 0.0334177 0.0880652
FixedParameters: 0 0 0

#Transform 12
Transform: AffineTransform_float_3_3
Parameters: 0.999999 0.00124632 0.00062707 -0.00124795 0.999998 0.00166235 -0.000625112 -0.00166305 0.999999 -0.0580516 0.11436 0.0740353
FixedParameters: 0 0 0

#Transform 13
Transform: AffineTransform_float_3_3
Parameters: 0.999999 -0.00148354 0.000329657 0.00148372 0.999998 -0.000674361 -0.000328624 0.000674838 1 0.0312864 0.051731 0.0507135
FixedParameters: 0 0 0

#Transform 14
Transform: AffineTransform_float_3_3
Parameters: 1 0.000364768 3.17372e-05 -0.00036475 1 -0.000281388 -3.19425e-05 0.000281365 1 -0.0674407 0.0517674 0.0514348
FixedParameters: 0 0 0

#Transform 15
Transform: AffineTransform_float_3_3
Parameters: 1 0.00036802 -0.000483231 -0.000366396 0.999999 0.0016865 0.000484474 -0.00168665 0.999998 -0.0754178 0.114594 0.0380182
FixedParameters: 0 0 0

#Transform 16
Transform: AffineTransform_float_3_3
Parameters: 1 0.000468353 -0.000106258 -0.00046812 1 0.00110955 0.0001073 -0.00110945 1 -0.0361074 0.0908362 -0.0270123
FixedParameters: 0 0 0

#Transform 17
Transform: AffineTransform_float_3_3
Parameters: 1 0.000468771 -0.000105797 -0.000468597 0.999999 0.000817552 0.000106563 -0.000817452 0.999999 -0.0399053 0.110867 -0.0341579
FixedParameters: 0 0 0

#Transform 18
Transform: AffineTransform_float_3_3
Parameters: 1 0.000358341 -0.000519899 -0.00035689 0.999998 0.00164667 0.000520114 -0.0016463 0.999998 -0.0196262 0.0538407 -0.0215162
FixedParameters: 0 0 0

#Transform 19
Transform: AffineTransform_float_3_3
Parameters: 1 0.000469676 -0.000104791 -0.000469638 1 0.000182554 0.000104962 -0.000182456 1 -0.0284919 0.0965042 -0.0330014
FixedParameters: 0 0 0

#Transform 20
Transform: AffineTransform_float_3_3
Parameters: 1 1.85402e-05 -5.80775e-05 -1.8523e-05 1 0.000147911 5.8083e-05 -0.000147909 1 -0.0205715 0.0103608 0.000227169
FixedParameters: 0 0 0

#Transform 21
Transform: AffineTransform_float_3_3
Parameters: 0.999999 0.000533416 0.000689516 -0.000534078 0.999999 0.00117887 -0.000688512 -0.00117961 0.999999 -0.0208825 0.035075 0.0530341
FixedParameters: 0 0 0

#Transform 22
Transform: AffineTransform_float_3_3
Parameters: 1 -6.59816e-05 0.000338564 6.57685e-05 1 -6.53836e-05 -0.000339521 6.54267e-05 1 0.00316751 0.0180683 0.0356674
FixedParameters: 0 0 0

#Transform 23
Transform: AffineTransform_float_3_3
Parameters: 1 0.000111026 0.000290344 -0.00011053 1 0.000366734 -0.000291487 -0.000366802 1 -0.000669344 0.015838 0.0109066
FixedParameters: 0 0 0

#Transform 24
Transform: AffineTransform_float_3_3
Parameters: 1 0.000130205 0.000364131 -0.000129743 1 0.0006919 -0.000364209 -0.000691997 0.999999 -0.0159024 0.0681675 0.059361
FixedParameters: 0 0 0

#Transform 25
Transform: AffineTransform_float_3_3
Parameters: 1 0.000524441 0.000878103 -0.00052459 0.999999 0.00118515 -0.000877374 -0.00118607 0.999999 -0.0141465 0.0190736 0.037578
FixedParameters: 0 0 0

#Transform 26
Transform: AffineTransform_float_3_3
Parameters: 1 0.000112883 0.00029232 -0.000112502 1 -0.000651262 -0.000292467 0.000651196 0.999999 -0.0167017 0.0159036 0.0283638
FixedParameters: 0 0 0

#Transform 27
Transform: AffineTransform_float_3_3
Parameters: 0.999999 0.000837973 0.00114416 -0.000837835 0.999999 0.000362923 -0.00114381 -0.000364345 0.999999 0.0151988 0.0088154 0.00647423
FixedParameters: 0 0 0

#Transform 28
Transform: AffineTransform_float_3_3
Parameters: 0.999999 0.000572798 0.000678489 -0.000572358 1 -0.00103912 -0.000679418 0.00103835 0.999999 0.0502055 -0.0746817 -0.0127557
FixedParameters: 0 0 0

#Transform 29
Transform: AffineTransform_float_3_3
Parameters: 1 5.96092e-06 0.000400489 -5.53763e-06 0.999999 0.00100108 -0.000399767 -0.00100059 1 0.0707836 0.0788483 -0.0489642
FixedParameters: 0 0 0

#Transform 30
Transform: AffineTransform_float_3_3
Parameters: 0.999999 0.00059784 0.000772175 -0.000597223 1 -0.00102703 -0.000773145 0.00102698 0.999999 0.0450882 0.101659 -0.0242301
FixedParameters: 0 0 0

#Transform 31
Transform: AffineTransform_float_3_3
Parameters: 1 0.00014602 0.000378358 -0.000145633 1 -0.000512056 -0.000378507 0.000511946 1 0.0683333 0.0132036 -0.0404587
FixedParameters: 0 0 0

#Transform 32
Transform: AffineTransform_float_3_3
Parameters: 1 0.000207178 0.00036239 -0.000206696 1 -0.000665015 -0.000362665 0.000664865 0.999999 0.06723 0.00824772 -0.0167534
FixedParameters: 0 0 0

#Transform 33
Transform: AffineTransform_float_3_3
Parameters: 1 8.01865e-05 0.000394514 -7.92667e-05 1 5.89002e-05 -0.000394762 -5.89652e-05 1 0.0638896 0.0498465 -0.0181808
FixedParameters: 0 0 0

#Transform 34
Transform: AffineTransform_float_3_3
Parameters: 1 8.36762e-05 0.000398082 -8.22898e-05 0.999999 -0.0017511 -0.000398367 0.00175103 0.999999 0.0696088 0.0415695 -0.0198138
FixedParameters: 0 0 0

#Transform 35
Transform: AffineTransform_float_3_3
Parameters: 1 8.12525e-05 0.000395604 -8.08616e-05 1 -0.000494097 -0.000395684 0.000494033 1 0.0631198 0.0462205 -0.0119711
FixedParameters: 0 0 0

#Transform 36
Transform: AffineTransform_float_3_3
Parameters: 1 -0.000116421 0.000446272 0.000116167 1 0.000284791 -0.000446338 -0.000284687 1 0.0476829 0.000399121 0.0396981
FixedParameters: 0 0 0

#Transform 37
Transform: AffineTransform_float_3_3
Parameters: 0.999999 -0.000420353 0.000633161 0.000419319 1 0.000812677 -0.000633843 -0.000812643 0.999999 0.081155 0.0676418 0.0484405
FixedParameters: 0 0 0

#Transform 38
Transform: AffineTransform_float_3_3
Parameters: 1 -0.000455068 0.00045744 0.000454715 0.999999 0.000385518 -0.000457788 -0.000385969 1 0.0791299 0.0186707 0.0439025
FixedParameters: 0 0 0

#Transform 39
Transform: AffineTransform_float_3_3
Parameters: 1 -0.000415799 0.00104758 0.000415269 1 0.000255016 -0.00104779 -0.000255013 0.999999 0.071778 0.0515549 0.0405098
FixedParameters: 0 0 0

#Transform 40
Transform: AffineTransform_float_3_3
Parameters: 0.999999 -0.000531504 0.000608822 0.000531124 0.999999 -0.000482176 -0.000608049 0.000481957 1 0.0711282 0.0326555 0.0585651
FixedParameters: 0 0 0

#Transform 41
Transform: AffineTransform_float_3_3
Parameters: 0.999999 -0.00115633 0.000656482 0.00115774 0.999999 -0.00127392 -0.000654498 0.00127494 0.999999 0.0796861 0.025469 -0.0139625
FixedParameters: 0 0 0

#Transform 42
Transform: AffineTransform_float_3_3
Parameters: 1 -0.00102376 0.000621376 0.00102425 0.999999 -0.00138191 -0.000619252 0.00138269 0.999999 0.0736794 -0.0361641 0.0705857
FixedParameters: 0 0 0

#Transform 43
Transform: AffineTransform_float_3_3
Parameters: 0.999999 -0.00072699 0.000715172 0.000729564 0.999995 -0.00303308 -0.000713378 0.00303325 0.999996 0.0627942 -0.0682309 0.0295811
FixedParameters: 0 0 0

#Transform 44
Transform: AffineTransform_float_3_3
Parameters: 0.999999 -0.000558558 0.0011824 0.00056056 0.999998 -0.00147246 -0.00118242 0.00147341 0.999999 0.0669621 -0.0404201 0.0314633
FixedParameters: 0 0 0

#Transform 45
Transform: AffineTransform_float_3_3
Parameters: 0.999998 -0.00124555 0.00101673 0.00124845 0.999997 -0.00229075 -0.00101365 0.00229192 0.999997 0.0831391 -0.0804111 0.0665508
FixedParameters: 0 0 0

#Transform 46
Transform: AffineTransform_float_3_3
Parameters: 0.999998 -0.00134177 0.000869855 0.00134212 0.999999 -0.00105429 -0.000868696 0.00105526 0.999999 0.0922992 -0.00941451 0.00218673
FixedParameters: 0 0 0

#Transform 47
Transform: AffineTransform_float_3_3
Parameters: 0.999999 -0.00107926 0.000761816 0.00108183 0.999996 -0.00284453 -0.000758298 0.00284568 0.999995 0.0799456 0.0175894 0.0092351
FixedParameters: 0 0 0

#Transform 48
Transform: AffineTransform_float_3_3
Parameters: 0.999999 -0.0009476 0.000836665 0.000948269 0.999998 -0.00128588 -0.000835899 0.0012866 0.999999 0.063786 0.00966868 0.0771927
FixedParameters: 0 0 0

#Transform 49
Transform: AffineTransform_float_3_3
Parameters: 0.999999 -0.000940284 0.0011409 0.000941161 1 -0.00038421 -0.00114017 0.000384991 0.999999 0.0852589 0.0384781 0.0902489
FixedParameters: 0 0 0

#Transform 50
Transform: AffineTransform_float_3_3
Parameters: 0.999998 -0.00084685 0.00148501 0.0008489 0.999999 -0.00110193 -0.00148385 0.00110358 0.999998 0.0744502 -0.0216569 0.134141
FixedParameters: 0 0 0

#Transform 51
Transform: AffineTransform_float_3_3
Parameters: 0.999999 -0.000837844 0.00151878 0.00083993 0.999999 -0.00108783 -0.00151767 0.00108951 0.999998 0.0757026 -0.0265174 0.129969
FixedParameters: 0 0 0

#Transform 52
Transform: AffineTransform_float_3_3
Parameters: 0.999998 -0.0011542 0.00109307 0.00115566 0.999999 -0.00134745 -0.00109163 0.00134861 0.999998 0.0805054 0.00522446 0.121336
FixedParameters: 0 0 0

#Transform 53
Transform: AffineTransform_float_3_3
Parameters: 0.999999 -0.00131335 0.00130047 0.00131482 0.999998 -0.00113676 -0.00129916 0.00113794 0.999999 0.0930206 -0.00334877 0.0914661
FixedParameters: 0 0 0

#Transform 54
Transform: AffineTransform_float_3_3
Parameters: 0.999998 -0.00167376 0.00122462 0.00167411 0.999999 0.00035857 -0.00122511 -0.000356332 0.999999 0.0994766 0.000383671 0.0799633
FixedParameters: 0 0 0

#Transform 55
Transform: AffineTransform_float_3_3
Parameters: 0.999999 -0.00155427 0.000739904 0.00155385 0.999998 0.000286107 -0.000740794 -0.000285171 1 0.0932092 -0.0302461 0.105076
FixedParameters: 0 0 0

#Transform 56
Transform: AffineTransform_float_3_3
Parameters: 0.999998 -0.000845647 0.00171131 0.00084464 1 0.000295798 -0.00171181 -0.00029464 0.999998 0.0614168 0.0984288 0.0373887
FixedParameters: 0 0 0

#Transform 57
Transform: AffineTransform_float_3_3
Parameters: 0.999998 -0.00116511 0.00162898 0.00116337 0.999999 0.000987346 -0.0016296 -0.000985783 0.999998 0.0902012 -0.0283187 0.129996
FixedParameters: 0 0 0

#Transform 58
Transform: AffineTransform_float_3_3
Parameters: 0.999998 -0.00140199 0.0012853 0.00140366 0.999999 -0.000749895 -0.00128416 0.000752133 0.999999 0.088481 0.0704931 0.146054
FixedParameters: 0 0 0

#Transform 59
Transform: AffineTransform_float_3_3
Parameters: 0.999998 -0.00108616 0.00172026 0.0010853 0.999999 0.000605871 -0.00172087 -0.00060387 0.999998 0.0901402 0.0742974 0.193416
FixedParameters: 0 0 0

#Transform 60
Transform: AffineTransform_float_3_3
Parameters: 0.999998 -0.00112361 0.00178478 0.00112153 0.999999 0.000927836 -0.00178615 -0.00092606 0.999998 0.0916029 0.0707926 0.167353
FixedParameters: 0 0 0

#Transform 61
Transform: AffineTransform_float_3_3
Parameters: 0.999998 -0.00112034 0.00178791 0.00111959 0.999999 -5.6911e-05 -0.00178752 5.91825e-05 0.999998 0.0916969 0.0791874 0.201271
FixedParameters: 0 0 0

#Transform 62
Transform: AffineTransform_float_3_3
Parameters: 0.999997 -0.000990224 0.00228584 0.000987808 0.999999 0.000798888 -0.00228671 -0.000796471 0.999997 0.0972381 0.0489682 0.203083
FixedParameters: 0 0 0

#Transform 63
Transform: AffineTransform_float_3_3
Parameters: 0.999998 -0.00105914 0.00200451 0.00106112 0.999998 -0.00134619 -0.00200281 0.00134784 0.999997 0.068162 0.0175376 0.218538
FixedParameters: 0 0 0

#Transform 64
Transform: AffineTransform_float_3_3
Parameters: 0.999996 -0.00107655 0.00231679 0.00107936 0.999999 -0.00113196 -0.00231576 0.00113485 0.999997 0.0680292 0.00711153 0.212795
FixedParameters: 0 0 0

#Transform 65
Transform: AffineTransform_float_3_3
Parameters: 0.999996 -0.00188916 0.00214024 0.00189073 0.999997 -0.000996448 -0.00213884 0.00100057 0.999997 0.108995 -0.0127974 0.125404
FixedParameters: 0 0 0

#Transform 66
Transform: AffineTransform_float_3_3
Parameters: 0.999993 -0.00344102 0.00140618 0.00344432 0.999991 -0.00278927 -0.0013961 0.00279455 0.999995 0.135 -0.028811 0.138673
FixedParameters: 0 0 0

#Transform 67
Transform: AffineTransform_float_3_3
Parameters: 0.999995 -0.00274157 0.00195579 0.00274387 0.999996 -0.00109781 -0.00195336 0.00110257 0.999997 0.11937 0.00229504 0.0961076
FixedParameters: 0 0 0

#Transform 68
Transform: AffineTransform_float_3_3
Parameters: 0.999995 -0.0025328 0.00179095 0.00253523 0.999996 -0.00123648 -0.00178828 0.00124095 0.999997 0.105107 0.000199688 0.159933
FixedParameters: 0 0 0

#Transform 69
Transform: AffineTransform_float_3_3
Parameters: 0.999997 -0.000633083 0.00259793 0.000633179 1 0.000170705 -0.0025984 -0.000169025 0.999997 0.0963821 -0.000284093 0.162655
FixedParameters: 0 0 0

#Transform 70
Transform: AffineTransform_float_3_3
Parameters: 0.999996 2.05067e-05 0.00258135 -1.67384e-05 0.999998 -0.00152684 -0.00258134 0.00152651 0.999995 0.0412956 -0.0488964 0.189228
FixedParameters: 0 0 0

#Transform 71
Transform: AffineTransform_float_3_3
Parameters: 0.999998 -0.000460496 0.00205324 0.000465013 0.999998 -0.00193092 -0.0020526 0.00193208 0.999996 0.0365187 -0.0858972 0.202227
FixedParameters: 0 0 0

#Transform 72
Transform: AffineTransform_float_3_3
Parameters: 0.999998 -0.00183485 0.00102746 0.00183641 0.999998 -0.00101126 -0.00102568 0.00101316 0.999999 0.0724012 0.00239726 0.148299
FixedParameters: 0 0 0

#Transform 73
Transform: AffineTransform_float_3_3
Parameters: 0.999997 -0.0021773 0.00156444 0.00217563 0.999997 0.00139568 -0.00156813 -0.00139209 0.999997 0.0935781 0.15893 0.0090889
FixedParameters: 0 0 0

#Transform 74
Transform: AffineTransform_float_3_3
Parameters: 0.999995 0.00259804 0.00145536 -0.00259701 0.999997 -0.000597327 -0.00145724 0.000592737 0.999999 -0.0571348 0.0394389 -0.038836
FixedParameters: 0 0 0

#Transform 75
Transform: AffineTransform_float_3_3
Parameters: 0.999997 0.00165322 0.00214809 -0.00164768 0.999996 -0.00245931 -0.00215176 0.00245582 0.999994 -0.013585 0.0729705 -0.0541898
FixedParameters: 0 0 0

#Transform 76
Transform: AffineTransform_float_3_3
Parameters: 0.999993 0.00200783 0.00294504 -0.00200397 0.999997 -0.00138681 -0.00294738 0.00138096 0.999995 -0.0278797 0.00141348 0.0339961
FixedParameters: 0 0 0

#Transform 77
Transform: AffineTransform_float_3_3
Parameters: 0.999996 0.00178799 0.00211169 -0.00178311 0.999995 -0.00234215 -0.00211561 0.00233871 0.999995 -0.0341295 -0.0720297 0.00717245
FixedParameters: 0 0 0

#Transform 78
Transform: AffineTransform_float_3_3
Parameters: 0.999998 0.00165319 0.00160024 -0.00164852 0.999994 -0.00325178 -0.0016053 0.0032496 0.999993 -0.0518226 -0.0145826 0.00441776
FixedParameters: 0 0 0

#Transform 79
Transform: AffineTransform_float_3_3
Parameters: 0.999997 0.00160208 0.00141655 -0.00159846 0.999995 -0.00270686 -0.00142103 0.00270543 0.999995 -0.0417782 -0.00267969 0.026468
FixedParameters: 0 0 0

#Transform 80
Transform: AffineTransform_float_3_3
Parameters: 0.999998 0.000827134 0.00136896 -0.00082446 0.999998 -0.00194187 -0.00137043 0.00194098 0.999997 -0.0302362 -0.0627831 0.0859611
FixedParameters: 0 0 0

#Transform 81
Transform: AffineTransform_float_3_3
Parameters: 0.999999 0.000714074 0.00139857 -0.000711298 0.999998 -0.00159085 -0.00139936 0.00159023 0.999997 -0.0120128 0.00453132 0.0853083
FixedParameters: 0 0 0

#Transform 82
Transform: AffineTransform_float_3_3
Parameters: 0.999998 0.000266493 0.00160235 -0.000263407 0.999998 -0.00194848 -0.00160357 0.00194814 0.999997 0.0107488 -0.0136357 0.0769861
FixedParameters: 0 0 0

#Transform 83
Transform: AffineTransform_float_3_3
Parameters: 0.999998 0.000243742 0.00223428 -0.000240534 0.999999 -0.00136502 -0.00223417 0.00136407 0.999996 0.0227607 0.0223035 0.208649
FixedParameters: 0 0 0

#Transform 84
Transform: AffineTransform_float_3_3
Parameters: 0.999997 6.16527e-05 0.00236509 -5.79613e-05 0.999999 -0.00144538 -0.00236545 0.00144573 0.999996 0.0307667 -0.027921 0.165178
FixedParameters: 0 0 0

#Transform 85
Transform: AffineTransform_float_3_3
Parameters: 0.999999 -0.000598391 0.00175066 0.000600728 0.999999 -0.00164197 -0.00174985 0.0016437 0.999997 0.0309798 0.00164608 0.152426
FixedParameters: 0 0 0

#Transform 86
Transform: AffineTransform_float_3_3
Parameters: 0.999998 -0.000527002 0.00202105 0.000529864 0.999999 -0.00124828 -0.00202018 0.00125005 0.999997 0.0337304 -0.00868129 0.104943
FixedParameters: 0 0 0

#Transform 87
Transform: AffineTransform_float_3_3
Parameters: 0.999997 -0.000491341 0.0021449 0.0004959 0.999998 -0.00208492 -0.00214373 0.0020858 0.999995 0.0556709 -0.0221031 0.170066
FixedParameters: 0 0 0

#Transform 88
Transform: AffineTransform_float_3_3
Parameters: 0.999995 -0.00242786 0.00172152 0.00243144 0.999994 -0.00240983 -0.00171578 0.00241358 0.999995 0.0956572 -0.00694869 0.158476
FixedParameters: 0 0 0

#Transform 89
Transform: AffineTransform_float_3_3
Parameters: 0.999996 -0.00203762 0.00204955 0.00204026 0.999998 -0.00100405 -0.00204712 0.0010088 0.999998 0.0946036 -0.0326595 0.153407
FixedParameters: 0 0 0

#Transform 90
Transform: AffineTransform_float_3_3
Parameters: 0.999996 -0.00231644 0.00188192 0.00232093 0.999995 -0.0023779 -0.0018759 0.00238251 0.999996 0.0964383 -0.0167391 0.151715
FixedParameters: 0 0 0

#Transform 91
Transform: AffineTransform_float_3_3
Parameters: 0.999996 -0.00162626 0.00228012 0.00162765 0.999999 -0.00057109 -0.00227896 0.00057454 0.999998 0.0916049 0.00619422 0.16857
FixedParameters: 0 0 0

#Transform 92
Transform: AffineTransform_float_3_3
Parameters: 0.999996 -0.00218294 0.00186499 0.00218259 0.999997 -0.000230746 -0.00186468 0.00023529 0.999998 0.0986726 -0.0208865 0.165946
FixedParameters: 0 0 0

#Transform 93
Transform: AffineTransform_float_3_3
Parameters: 0.999997 -0.00170853 0.00173984 0.00170914 0.999998 -0.000523127 -0.00173875 0.000525972 0.999999 0.0725936 -0.00188055 0.14265
FixedParameters: 0 0 0

#Transform 94
Transform: AffineTransform_float_3_3
Parameters: 0.999998 -0.00152515 0.00176542 0.00152799 0.999998 -0.00122408 -0.00176335 0.00122636 0.999998 0.0650828 -0.0459861 0.0500515
FixedParameters: 0 0 0

#Transform 95
Transform: AffineTransform_float_3_3
Parameters: 0.999998 -0.00095132 0.0020609 0.000954002 0.999999 -0.00118107 -0.0020591 0.0011824 0.999997 0.061196 0.0821661 0.153808
FixedParameters: 0 0 0

#Transform 96
Transform: AffineTransform_float_3_3
Parameters: 0.999998 -0.00126693 0.00196372 0.00126729 0.999999 -8.92897e-05 -0.00196349 9.2531e-05 0.999998 0.0807025 0.0589634 0.106821
FixedParameters: 0 0 0

#Transform 97
Transform: AffineTransform_float_3_3
Parameters: 0.999997 -0.00120255 0.00212355 0.00119942 0.999998 0.00137452 -0.00212446 -0.00137153 0.999997 0.0790243 0.0333002 0.0979888
FixedParameters: 0 0 0

#Transform 98
Transform: AffineTransform_float_3_3
Parameters: 0.999998 -0.00133925 0.00145532 0.001341 0.999998 -0.00110924 -0.00145402 0.0011109 0.999998 0.0617597 0.0131591 0.159383
FixedParameters: 0 0 0

#Transform 99
Transform: AffineTransform_float_3_3
Parameters: 0.999998 -0.00170913 0.00155733 0.00171167 0.999997 -0.00176814 -0.00155462 0.00177073 0.999997 0.0698538 -0.00981634 0.132796
FixedParameters: 0 0 0

#Transform 100
Transform: AffineTransform_float_3_3
Parameters: 0.999997 -0.00182321 0.00163383 0.00182421 0.999998 -0.000303579 -0.00163271 0.000307304 0.999999 0.0734298 -0.0329469 0.155078
FixedParameters: 0 0 0

#Transform 101
Transform: AffineTransform_float_3_3
Parameters: 0.999997 -0.00184248 0.00159447 0.0018458 0.999997 -0.00205499 -0.00159119 0.00205814 0.999997 0.0777764 -0.050574 0.173558
FixedParameters: 0 0 0

#Transform 102
Transform: AffineTransform_float_3_3
Parameters: 0.999996 -0.00231482 0.00172434 0.00231914 0.999994 -0.00262459 -0.00171815 0.00262846 0.999995 0.0836124 -0.0626325 0.147035
FixedParameters: 0 0 0

#Transform 103
Transform: AffineTransform_float_3_3
Parameters: 0.999996 -0.00167493 0.00193195 0.00167975 0.999996 -0.00258568 -0.00192706 0.00258856 0.999994 0.0639003 -0.0599441 0.160951
FixedParameters: 0 0 0

#Transform 104
Transform: AffineTransform_float_3_3
Parameters: 0.999997 -0.00113927 0.00189661 0.00113963 0.999999 -0.000348494 -0.00189555 0.000350215 0.999998 0.0822053 -0.0243612 0.0766268
FixedParameters: 0 0 0

#Transform 105
Transform: AffineTransform_float_3_3
Parameters: 0.999995 -0.00235704 0.0019942 0.00235098 0.999993 0.00306373 -0.00200093 -0.00305928 0.999994 0.089182 0.18828 0.130105
FixedParameters: 0 0 0

#Transform 106
Transform: AffineTransform_float_3_3
Parameters: 0.999998 -0.0002669 0.00197193 0.000268166 1 -0.000875455 -0.00197191 0.000875275 0.999998 0.000671747 0.0199732 0.0118267
FixedParameters: 0 0 0

#Transform 107
Transform: AffineTransform_float_3_3
Parameters: 0.999998 -0.00118471 0.00113091 0.00118273 0.999999 0.00110167 -0.00113158 -0.00110035 0.999999 0.065173 0.147375 -0.0625026
FixedParameters: 0 0 0

#Transform 108
Transform: AffineTransform_float_3_3
Parameters: 0.999995 0.000294151 0.00307605 -0.000322716 0.999956 0.00938615 -0.00307277 -0.00938648 0.999951 0.069122 0.589324 -0.388349
FixedParameters: 0 0 0

#Transform 109
Transform: AffineTransform_float_3_3
Parameters: 0.999987 0.00228111 0.00455946 -0.00232506 0.999949 0.00984002 -0.00453652 -0.00985078 0.999941 -0.0470928 0.397942 -0.379237
FixedParameters: 0 0 0

#Transform 110
Transform: AffineTransform_float_3_3
Parameters: 0.999982 0.00426707 0.00437697 -0.00427369 0.99999 0.00152002 -0.00436989 -0.00153903 0.999989 -0.117336 0.105548 -0.00818017
FixedParameters: 0 0 0

#Transform 111
Transform: AffineTransform_float_3_3
Parameters: 0.999977 0.00505033 0.0043735 -0.00505436 0.999986 0.000893472 -0.00436959 -0.000914968 0.99999 -0.166647 0.102822 0.010095
FixedParameters: 0 0 0

#Transform 112
Transform: AffineTransform_float_3_3
Parameters: 0.999981 0.00382641 0.00469861 -0.00383958 0.99999 0.00264856 -0.00468866 -0.00266647 0.999986 -0.0366495 0.241312 -0.35799
FixedParameters: 0 0 0

#Transform 113
Transform: AffineTransform_float_3_3
Parameters: 0.999988 0.00175399 0.0047319 -0.00175755 0.999998 0.000556129 -0.00473143 -0.00056368 0.999989 -0.0222135 0.137463 -0.349565
FixedParameters: 0 0 0

#Transform 114
Transform: AffineTransform_float_3_3
Parameters: 0.999986 0.00124693 0.005023 -0.0012493 0.999999 0.000527503 -0.00502246 -0.00053395 0.999988 -0.0724681 0.0497735 -0.138749
FixedParameters: 0 0 0

#Transform 115
Transform: AffineTransform_float_3_3
Parameters: 0.999986 0.00199254 0.00486009 -0.00199405 0.999997 0.000455628 -0.00485905 -0.00046544 0.999988 -0.12038 0.0405294 -0.0358348
FixedParameters: 0 0 0

#Transform 116
Transform: AffineTransform_float_3_3
Parameters: 0.999988 0.00203199 0.00447073 -0.00203209 0.999998 -9.50735e-05 -0.00447086 8.63457e-05 0.99999 -0.126843 0.0966799 -0.0455036
FixedParameters: 0 0 0

#Transform 117
Transform: AffineTransform_float_3_3
Parameters: 0.999987 0.00136447 0.00503068 -0.00136517 0.999999 0.000264036 -0.00503048 -0.000270807 0.999988 -0.0951725 0.0353209 -0.15719
FixedParameters: 0 0 0

#Transform 118
Transform: AffineTransform_float_3_3
Parameters: 0.999988 0.000311531 0.00499431 -0.000311016 0.999999 -4.65075e-05 -0.00499434 4.50313e-05 0.999988 -0.074608 0.0950078 -0.152961
FixedParameters: 0 0 0

#Transform 119
Transform: AffineTransform_float_3_3
Parameters: 0.999987 -0.000350779 0.00511251 0.000359959 0.999999 -0.00169921 -0.00511116 0.0017009 0.999985 -0.0175316 0.0324331 -0.22987
FixedParameters: 0 0 0

#Transform 120
Transform: AffineTransform_float_3_3
Parameters: 0.999989 9.40979e-05 0.00455941 -0.000101076 0.999999 0.00146157 -0.00455874 -0.00146146 0.999988 -0.0473573 0.129806 -0.213675
FixedParameters: 0 0 0

#Transform 121
Transform: AffineTransform_float_3_3
Parameters: 0.999991 0.000480975 0.0042079 -0.000490187 0.999997 0.00204677 -0.004207 -0.002049 0.999989 -0.0768635 0.241059 -0.620227
FixedParameters: 0 0 0

#Transform 122
Transform: AffineTransform_float_3_3
Parameters: 0.999994 0.000962599 0.00335218 -0.00096548 0.999999 0.000864619 -0.00335129 -0.000868102 0.999994 -0.0397495 0.0927442 -0.611162
FixedParameters: 0 0 0

#Transform 123
Transform: AffineTransform_float_3_3
Parameters: 0.999994 0.00203493 0.00301499 -0.00203714 0.999998 0.000646148 -0.00301384 -0.000652472 0.999995 -0.122145 0.0944026 -0.401618
FixedParameters: 0 0 0

#Transform 124
Transform: AffineTransform_float_3_3
Parameters: 0.999994 0.00211326 0.00252022 -0.00211265 0.999998 -0.000311432 -0.00252128 0.000305744 0.999996 -0.143771 0.121002 -0.417747
FixedParameters: 0 0 0

#Transform 125
Transform: AffineTransform_float_3_3
Parameters: 0.999997 0.00187444 0.00164644 -0.00187706 0.999997 0.00152022 -0.00164344 -0.0015233 0.999997 -0.129425 0.137487 -0.561551
FixedParameters: 0 0 0

#Transform 126
Transform: AffineTransform_float_3_3
Parameters: 0.999997 0.00121486 0.0020991 -0.00121823 0.999997 0.00166623 -0.00209705 -0.00166812 0.999996 -0.136867 0.0607415 -0.55781
FixedParameters: 0 0 0

#Transform 127
Transform: AffineTransform_float_3_3
Parameters: 0.999996 0.00137918 0.00273087 -0.00138585 0.999996 0.00236681 -0.00272805 -0.00237065 0.999993 -0.193379 0.12283 -0.276677
FixedParameters: 0 0 0

#Transform 128
Transform: AffineTransform_float_3_3
Parameters: 0.999993 0.00204256 0.00326685 -0.00204642 0.999997 0.00114439 -0.00326418 -0.00115129 0.999994 -0.251943 0.167752 -0.0655402
FixedParameters: 0 0 0

#Transform 129
Transform: AffineTransform_float_3_3
Parameters: 0.999993 0.00194716 0.0031841 -0.00195451 0.999996 0.00224954 -0.00318028 -0.00225552 0.999992 -0.279635 0.103599 0.0773324
FixedParameters: 0 0 0

#Transform 130
Transform: AffineTransform_float_3_3
Parameters: 0.999994 0.00150418 0.00316904 -0.00150516 0.999999 0.000310403 -0.00316837 -0.00031522 0.999995 -0.247886 0.107241 -0.0216728
FixedParameters: 0 0 0

#Transform 131
Transform: AffineTransform_float_3_3
Parameters: 0.999992 0.00199193 0.00345102 -0.00198853 0.999997 -0.00111626 -0.00345225 0.00110948 0.999993 -0.251149 0.0654881 -0.0688529
FixedParameters: 0 0 0

#Transform 132
Transform: AffineTransform_float_3_3
Parameters: 0.999993 0.00205465 0.00304849 -0.00205301 0.999998 -0.000584943 -0.00305039 0.000579245 0.999995 -0.258245 0.0694526 -0.0395474
FixedParameters: 0 0 0

#Transform 133
Transform: AffineTransform_float_3_3
Parameters: 0.999992 0.00194547 0.00329554 -0.00194172 0.999998 -0.000967432 -0.00329757 0.00096108 0.999994 -0.252662 0.0386311 -0.00923108
FixedParameters: 0 0 0

#Transform 134
Transform: AffineTransform_float_3_3
Parameters: 0.999992 0.00211965 0.00344722 -0.00211554 0.999997 -0.0013985 -0.00345063 0.00139086 0.999994 -0.252824 0.0145173 0.0140425
FixedParameters: 0 0 0

#Transform 135
Transform: AffineTransform_float_3_3
Parameters: 0.999991 0.00239223 0.0034835 -0.00238878 0.999996 -0.000974101 -0.0034852 0.000965273 0.999993 -0.256338 0.0860065 0.0422202
FixedParameters: 0 0 0

#Transform 136
Transform: AffineTransform_float_3_3
Parameters: 0.999994 0.00172716 0.0029269 -0.00172419 0.999997 -0.00128735 -0.0029291 0.00128235 0.999995 -0.249043 0.0746043 -0.0162914
FixedParameters: 0 0 0

#Transform 137
Transform: AffineTransform_float_3_3
Parameters: 0.999996 0.0013257 0.00247723 -0.00132259 0.999999 -0.00115955 -0.00247856 0.00115622 0.999996 -0.264559 0.0139971 -0.0152738
FixedParameters: 0 0 0

#Transform 138
Transform: AffineTransform_float_3_3
Parameters: 0.999995 0.00143834 0.00286121 -0.00142846 0.999993 -0.00349292 -0.00286644 0.00348895 0.99999 -0.270162 0.039577 -0.03497
FixedParameters: 0 0 0

#Transform 139
Transform: AffineTransform_float_3_3
Parameters: 0.999993 0.00200595 0.00313977 -0.00199708 0.999994 -0.00267254 -0.00314525 0.00266644 0.999992 -0.296222 0.00464326 0.00140559
FixedParameters: 0 0 0

#Transform 140
Transform: AffineTransform_float_3_3
Parameters: 0.999991 0.00213686 0.00347338 -0.00212718 0.999994 -0.00281053 -0.00347962 0.00280269 0.999991 -0.305514 0.0184178 -0.00955483
FixedParameters: 0 0 0

#Transform 141
Transform: AffineTransform_float_3_3
Parameters: 0.999992 0.0019462 0.00352258 -0.00193464 0.999992 -0.00344983 -0.00352945 0.00344277 0.999988 -0.291919 0.0137357 0.0054803
FixedParameters: 0 0 0

#Transform 142
Transform: AffineTransform_float_3_3
Parameters: 0.999992 0.00161067 0.00350121 -0.0015981 0.999993 -0.00337542 -0.00350701 0.00337029 0.999988 -0.296472 -0.0320595 0.0758141
FixedParameters: 0 0 0

#Transform 143
Transform: AffineTransform_float_3_3
Parameters: 0.999992 0.00166093 0.00366578 -0.00164441 0.999989 -0.00452039 -0.00367316 0.00451352 0.999983 -0.287074 -0.0338587 0.0268034
FixedParameters: 0 0 0

#Transform 144
Transform: AffineTransform_float_3_3
Parameters: 0.999991 0.00207149 0.00386957 -0.00205555 0.99999 -0.0039219 -0.00387776 0.0039139 0.999985 -0.286468 -0.0284142 0.00362763
FixedParameters: 0 0 0

#Transform 145
Transform: AffineTransform_float_3_3
Parameters: 0.999992 0.00194054 0.0034607 -0.00192723 0.999991 -0.00400639 -0.00346819 0.00399949 0.999986 -0.322402 -0.00744248 0.0558483
FixedParameters: 0 0 0

#Transform 146
Transform: AffineTransform_float_3_3
Parameters: 0.999992 0.00202736 0.00350357 -0.00201596 0.999992 -0.00330831 -0.00351069 0.00330111 0.999988 -0.311426 0.0124006 0.102292
FixedParameters: 0 0 0

#Transform 147
Transform: AffineTransform_float_3_3
Parameters: 0.999993 0.001929 0.00321099 -0.00192091 0.999995 -0.00249341 -0.00321537 0.00248752 0.999992 -0.294097 0.0121845 0.0395041
FixedParameters: 0 0 0

#Transform 148
Transform: AffineTransform_float_3_3
Parameters: 0.99999 0.00224475 0.00373863 -0.00223064 0.99999 -0.0038156 -0.00374771 0.0038072 0.999986 -0.301032 0.0135894 0.0503209
FixedParameters: 0 0 0

#Transform 149
Transform: AffineTransform_float_3_3
Parameters: 0.999989 0.00272852 0.00387338 -0.00271122 0.999987 -0.00433588 -0.00388432 0.00432489 0.999983 -0.295452 -0.0411607 0.013167
FixedParameters: 0 0 0

#Transform 150
Transform: AffineTransform_float_3_3
Parameters: 0.999987 0.00291354 0.00431802 -0.00289745 0.999989 -0.00369602 -0.00432905 0.00368335 0.999984 -0.282527 -0.00595025 0.072228
FixedParameters: 0 0 0

#Transform 151
Transform: AffineTransform_float_3_3
Parameters: 0.999988 0.00277259 0.00420409 -0.0027556 0.999988 -0.00398772 -0.00421446 0.00397555 0.999983 -0.293731 -0.00270167 0.0597739
FixedParameters: 0 0 0

#Transform 152
Transform: AffineTransform_float_3_3
Parameters: 0.999987 0.00272962 0.00430296 -0.00271636 0.999992 -0.00307343 -0.00431099 0.00306156 0.999987 -0.291661 0.0211161 0.120443
FixedParameters: 0 0 0

#Transform 153
Transform: AffineTransform_float_3_3
Parameters: 0.999987 0.00264241 0.00423838 -0.00263012 0.999992 -0.00300741 -0.00424553 0.00299613 0.999987 -0.272392 0.0161202 0.162212
FixedParameters: 0 0 0

#Transform 154
Transform: AffineTransform_float_3_3
Parameters: 0.999993 0.00250024 0.0029784 -0.00248966 0.99999 -0.00362265 -0.00298732 0.00361549 0.999989 -0.288325 -0.0550821 0.0093654
FixedParameters: 0 0 0

#Transform 155
Transform: AffineTransform_float_3_3
Parameters: 0.999993 0.00273315 0.00282633 -0.00272893 0.999995 -0.00146213 -0.00283013 0.0014539 0.999995 -0.311306 0.0620231 0.0609994
FixedParameters: 0 0 0

#Transform 156
Transform: AffineTransform_float_3_3
Parameters: 0.999991 0.00239214 0.00331333 -0.0023903 0.999997 -0.000528361 -0.00331439 0.000520708 0.999994 -0.298684 0.0966707 0.0860663
FixedParameters: 0 0 0

#Transform 157
Transform: AffineTransform_float_3_3
Parameters: 0.999992 0.00260224 0.00301689 -0.00260109 0.999996 -0.000189822 -0.00301788 0.000181814 0.999995 -0.353853 0.0994648 0.252597
FixedParameters: 0 0 0

#Transform 158
Transform: AffineTransform_float_3_3
Parameters: 0.99999 0.00301469 0.00314691 -0.00301608 0.999995 0.000221304 -0.00314557 -0.000230852 0.999995 -0.362003 0.119293 0.315327
FixedParameters: 0 0 0

#Transform 159
Transform: AffineTransform_float_3_3
Parameters: 0.999991 0.00286369 0.00318698 -0.00286481 0.999996 0.000479516 -0.00318476 -0.000488344 0.999994 -0.359166 0.0922631 0.306137
FixedParameters: 0 0 0

#Transform 160
Transform: AffineTransform_float_3_3
Parameters: 0.999991 0.00270804 0.00323 -0.00270087 0.999994 -0.00214593 -0.00323568 0.00213752 0.999993 -0.355553 0.0740259 0.358205
FixedParameters: 0 0 0

#Transform 161
Transform: AffineTransform_float_3_3
Parameters: 0.999993 0.00229177 0.00290125 -0.0022839 0.999994 -0.00267551 -0.00290731 0.00266857 0.999992 -0.35409 0.0677837 0.34324
FixedParameters: 0 0 0

#Transform 162
Transform: AffineTransform_float_3_3
Parameters: 0.999995 0.00198384 0.00248773 -0.00197511 0.999993 -0.00324105 -0.0024934 0.00323668 0.999992 -0.332228 0.0219893 0.347975
FixedParameters: 0 0 0

#Transform 163
Transform: AffineTransform_float_3_3
Parameters: 0.999994 0.0016487 0.00299058 -0.00163859 0.999993 -0.00333721 -0.00299581 0.00333249 0.99999 -0.316452 -0.0386006 0.456867
FixedParameters: 0 0 0

#Transform 164
Transform: AffineTransform_float_3_3
Parameters: 0.999994 0.000966117 0.00314509 -0.000957696 0.999996 -0.00256567 -0.00314797 0.00256348 0.999992 -0.245313 0.0833852 0.336904
FixedParameters: 0 0 0

#Transform 165
Transform: AffineTransform_float_3_3
Parameters: 0.999994 0.00106622 0.00327408 -0.00105615 0.999996 -0.0028247 -0.00327679 0.00282162 0.999991 -0.241355 0.0483753 0.311211
FixedParameters: 0 0 0

#Transform 166
Transform: AffineTransform_float_3_3
Parameters: 0.999996 0.000775205 0.00290687 -0.000767175 0.999996 -0.0027101 -0.00290899 0.00270762 0.999992 -0.234071 0.0223541 0.315145
FixedParameters: 0 0 0

#Transform 167
Transform: AffineTransform_float_3_3
Parameters: 0.999995 0.00089862 0.00279828 -0.000890586 0.999996 -0.00281639 -0.00280125 0.00281339 0.999992 -0.237999 0.0669732 0.329582
FixedParameters: 0 0 0

#Transform 168
Transform: AffineTransform_float_3_3
Parameters: 0.999996 0.00119002 0.00279725 -0.00118225 0.999996 -0.00272189 -0.00280068 0.002719 0.999992 -0.230383 0.0505045 0.309165
FixedParameters: 0 0 0

#Transform 169
Transform: AffineTransform_float_3_3
Parameters: 0.999995 0.000920262 0.00285858 -0.000915445 0.999998 -0.00185542 -0.00286044 0.00185304 0.999994 -0.245541 0.053356 0.282157
FixedParameters: 0 0 0

#Transform 170
Transform: AffineTransform_float_3_3
Parameters: 0.999995 0.0010381 0.00274401 -0.00103066 0.999996 -0.00276269 -0.00274766 0.00275988 0.999992 -0.251076 0.0292998 0.331985
FixedParameters: 0 0 0

#Transform 171
Transform: AffineTransform_float_3_3
Parameters: 0.999997 0.000865575 0.00255225 -0.000859662 0.999997 -0.00229296 -0.00255466 0.00229093 0.999994 -0.252304 0.0318744 0.323467
FixedParameters: 0 0 0

#Transform 172
Transform: AffineTransform_float_3_3
Parameters: 0.999996 0.00102277 0.00262689 -0.00101436 0.999994 -0.00320579 -0.00263012 0.00320331 0.999991 -0.250105 0.0186544 0.373285
FixedParameters: 0 0 0

#Transform 173
Transform: AffineTransform_float_3_3
Parameters: 0.999997 0.000434106 0.00257146 -0.000429314 0.999997 -0.00210711 -0.00257269 0.00210602 0.999995 -0.241851 0.0233048 0.346015
FixedParameters: 0 0 0

#Transform 174
Transform: AffineTransform_float_3_3
Parameters: 0.999996 0.000981035 0.00267395 -0.000974255 0.999996 -0.00253163 -0.00267709 0.0025284 0.999993 -0.25371 0.0264342 0.379719
FixedParameters: 0 0 0

#Transform 175
Transform: AffineTransform_float_3_3
Parameters: 0.999997 0.000844756 0.00240816 -0.000838001 0.999995 -0.00295386 -0.0024101 0.00295269 0.999993 -0.270226 0.000180024 0.416217
FixedParameters: 0 0 0

#Transform 176
Transform: AffineTransform_float_3_3
Parameters: 0.999996 0.00105322 0.00234988 -0.00104869 0.999998 -0.00193642 -0.0023517 0.00193472 0.999995 -0.274511 0.00161456 0.401208
FixedParameters: 0 0 0

#Transform 177
Transform: AffineTransform_float_3_3
Parameters: 0.999996 0.00111448 0.00233364 -0.00110951 0.999997 -0.00204349 -0.00233593 0.00204153 0.999995 -0.275736 0.0639414 0.403106
FixedParameters: 0 0 0

#Transform 178
Transform: AffineTransform_float_3_3
Parameters: 0.999996 0.00101526 0.00236198 -0.00100829 0.999995 -0.00285331 -0.00236498 0.0028509 0.999993 -0.2818 0.00906744 0.396366
FixedParameters: 0 0 0

#Transform 179
Transform: AffineTransform_float_3_3
Parameters: 0.999997 0.000622046 0.00261146 -0.000617124 0.999998 -0.0018665 -0.00261249 0.00186389 0.999995 -0.261839 0.0927996 0.419704
FixedParameters: 0 0 0

#Transform 180
Transform: AffineTransform_float_3_3
Parameters: 0.999994 0.00227884 0.00259011 -0.00227765 0.999997 -0.000552429 -0.00259115 0.000546957 0.999996 -0.301204 0.0351728 0.440938
FixedParameters: 0 0 0

#Transform 181
Transform: AffineTransform_float_3_3
Parameters: 0.999996 0.00181679 0.00214314 -0.00181525 0.999998 -0.00052341 -0.00214382 0.000519226 0.999997 -0.276164 0.132594 0.352555
FixedParameters: 0 0 0

#Transform 182
Transform: AffineTransform_float_3_3
Parameters: 0.999997 0.00152113 0.00159979 -0.00152098 0.999999 -0.000350702 -0.0016006 0.000348069 0.999999 -0.256844 0.0755125 0.397459
FixedParameters: 0 0 0

#Transform 183
Transform: AffineTransform_float_3_3
Parameters: 0.999998 0.00113082 0.00170021 -0.00113407 0.999998 0.00173242 -0.00169803 -0.00173404 0.999997 -0.24341 0.102688 0.410224
FixedParameters: 0 0 0

#Transform 184
Transform: AffineTransform_float_3_3
Parameters: 0.999997 0.00146155 0.00161627 -0.00146077 0.999999 -0.000758689 -0.00161701 0.000756202 0.999998 -0.255523 0.112091 0.428899
FixedParameters: 0 0 0

#Transform 185
Transform: AffineTransform_float_3_3
Parameters: 0.999998 0.00113538 0.00170151 -0.00113647 0.999999 0.000321732 -0.00170078 -0.000323734 0.999999 -0.256548 0.0922677 0.435747
FixedParameters: 0 0 0

#Transform 186
Transform: AffineTransform_float_3_3
Parameters: 0.999996 0.00171337 0.00231062 -0.0017158 0.999998 0.000890956 -0.00230905 -0.000894787 0.999997 -0.256741 0.139651 0.434925
FixedParameters: 0 0 0

#Transform 187
Transform: AffineTransform_float_3_3
Parameters: 0.999998 0.00112939 0.0016998 -0.00113317 0.999998 0.00217342 -0.00169688 -0.00217504 0.999996 -0.276018 0.0962008 0.440897
FixedParameters: 0 0 0

#Transform 188
Transform: AffineTransform_float_3_3
