# transform file /out/sourcedata/freesurfer/sub-v2s13x29105_ses-1/mri/transforms/cc_up.lta
# created by oesteban on Wed Mar 11 05:20:46 2026

type      = 0 # LINEAR_VOX_TO_VOX
nxforms   = 1
mean      = 129.0000 141.0000 125.0000
sigma     = 10000.0000
1 4 4
9.956015348434448e-01 5.860519781708717e-02 -7.309433817863464e-02 -2.200506329536438e-01 
-5.844788625836372e-02 9.982811212539673e-01 4.291083663702011e-03 1.626370620727539e+01 
7.322018593549728e-02 0.000000000000000e+00 9.973157048225403e-01 6.855230331420898e+00 
0.000000000000000e+00 0.000000000000000e+00 0.000000000000000e+00 1.000000000000000e+00 
src volume info
valid = 1  # volume info valid
filename = /out/sourcedata/freesurfer/sub-v2s13x29105_ses-1/mri/norm.mgz
volume = 256 256 256
voxelsize = 8.984375000000000e-01 8.984375000000000e-01 8.984375000000000e-01
xras   = -1.000000119209290e+00 0.000000000000000e+00 0.000000000000000e+00
yras   = 0.000000000000000e+00 0.000000000000000e+00 -1.000000119209290e+00
zras   = 1.036602470527725e-09 1.000000119209290e+00 -1.658563952844361e-08
cras   = 9.037475585937500e-01 5.849609375000000e-01 3.133337402343750e+01
dst volume info
valid = 1  # volume info valid
filename = /out/sourcedata/freesurfer/sub-v2s13x29105_ses-1/mri/norm.mgz
volume = 256 256 256
voxelsize = 8.984375000000000e-01 8.984375000000000e-01 8.984375000000000e-01
xras   = -1.000000119209290e+00 0.000000000000000e+00 0.000000000000000e+00
yras   = 0.000000000000000e+00 0.000000000000000e+00 -1.000000119209290e+00
zras   = 1.036602470527725e-09 1.000000119209290e+00 -1.658563952844361e-08
cras   = 9.037475585937500e-01 5.849609375000000e-01 3.133337402343750e+01
