# transform file transforms/talairach.lta
# created by oesteban on Wed Mar 11 03:46:44 2026

type      = 0 # LINEAR_VOX_TO_VOX
nxforms   = 1
mean      = 129.0000 142.0000 125.0000
sigma     = 10000.0000
1 4 4
9.287338256835938e-01 6.394468247890472e-02 -5.294280499219894e-02 4.492165565490723e+00 
-6.829893589019775e-02 9.552829265594482e-01 1.141799613833427e-01 -1.660465049743652e+01 
5.679357051849365e-02 -9.968806058168411e-02 8.772276639938354e-01 7.063513278961182e+00 
0.000000000000000e+00 0.000000000000000e+00 0.000000000000000e+00 1.000000000000000e+00 
src volume info
valid = 1  # volume info valid
filename = nu.mgz
volume = 256 256 256
voxelsize = 8.984375000000000e-01 8.984375000000000e-01 8.984375000000000e-01
xras   = -1.000000119209290e+00 0.000000000000000e+00 0.000000000000000e+00
yras   = 0.000000000000000e+00 0.000000000000000e+00 -1.000000119209290e+00
zras   = 1.036602470527725e-09 1.000000119209290e+00 -1.658563952844361e-08
cras   = 9.037475585937500e-01 5.849609375000000e-01 3.133337402343750e+01
dst volume info
valid = 1  # volume info valid
filename = /opt/freesurfer/average/RB_all_2020-01-02.gca
volume = 256 256 256
voxelsize = 1.000000000000000e+00 1.000000000000000e+00 1.000000000000000e+00
xras   = -1.000000000000000e+00 0.000000000000000e+00 0.000000000000000e+00
yras   = 0.000000000000000e+00 0.000000000000000e+00 -1.000000000000000e+00
zras   = 0.000000000000000e+00 1.000000000000000e+00 0.000000000000000e+00
cras   = 0.000000000000000e+00 0.000000000000000e+00 0.000000000000000e+00
