#Insight Transform File V1.0
#Transform 0
Transform: AffineTransform_float_3_3
Parameters: 0.999997 -0.00179985 0.00172528 0.00179839 0.999998 0.000493083 -0.00172607 -0.000490005 0.999998 0.0631012 0.0339268 0.0137985
FixedParameters: 0 0 0

#Transform 1
Transform: AffineTransform_float_3_3
Parameters: 0.999997 -0.00101601 0.0021223 0.00101569 0.999999 -0.000203374 -0.00212263 0.000205436 0.999998 0.068442 -0.0193927 0.0201075
FixedParameters: 0 0 0

#Transform 2
Transform: AffineTransform_float_3_3
Parameters: 0.999997 -0.00101632 0.00212198 0.00101659 0.999999 -0.000113374 -0.00212271 0.000115436 0.999998 0.0683231 -0.0314024 -0.0268759
FixedParameters: 0 0 0

#Transform 3
Transform: AffineTransform_float_3_3
Parameters: 0.999997 -0.00101662 0.00212166 0.00101652 0.999999 -2.53749e-05 -0.00212258 2.74367e-05 0.999998 0.0482218 -0.0291361 -0.012056
FixedParameters: 0 0 0

#Transform 4
Transform: AffineTransform_float_3_3
Parameters: 0.999998 -0.000547586 0.00201431 0.000548339 1 -0.000483136 -0.00201452 0.000483991 0.999998 0.0206621 -0.00635142 -0.0176545
FixedParameters: 0 0 0

#Transform 5
Transform: AffineTransform_float_3_3
Parameters: 0.999998 -0.000664511 0.00177405 0.00066454 1 -0.000344103 -0.00177433 0.000345563 0.999998 0.0213887 -0.0409716 -0.00750647
FixedParameters: 0 0 0

#Transform 6
Transform: AffineTransform_float_3_3
Parameters: 0.999998 -0.000599177 0.00202866 0.00060113 0.999999 -0.00107106 -0.00202886 0.00107214 0.999997 0.0172916 0.0303335 -0.0917864
FixedParameters: 0 0 0

#Transform 7
Transform: AffineTransform_float_3_3
Parameters: 0.999998 -0.000272278 0.00164468 0.000272476 1 -5.84242e-05 -0.00164465 5.88642e-05 0.999998 0.00968898 0.0293401 -0.0291865
FixedParameters: 0 0 0

#Transform 8
Transform: AffineTransform_float_3_3
Parameters: 0.999999 -0.000338264 0.00136049 0.000338627 1 -0.000131228 -0.0013604 0.000131693 0.999999 0.00939048 0.00861955 -0.00295617
FixedParameters: 0 0 0

#Transform 9
Transform: AffineTransform_float_3_3
Parameters: 0.999999 -0.00115873 0.000833494 0.001158 0.999999 0.00115336 -0.000835415 -0.00115187 0.999999 0.0273303 -0.0576274 -0.000592043
FixedParameters: 0 0 0

#Transform 10
Transform: AffineTransform_float_3_3
Parameters: 1 -0.000323812 0.00101924 0.000324415 1 -0.000404436 -0.00101995 0.000404197 0.999999 0.0150529 0.0467857 -0.0313025
FixedParameters: 0 0 0

#Transform 11
Transform: AffineTransform_float_3_3
Parameters: 0.999999 -0.000267648 0.000941908 0.00026751 1 7.3313e-05 -0.000941947 -7.28089e-05 0.999999 0.00587447 -0.0289898 0.0303768
FixedParameters: 0 0 0

#Transform 12
Transform: AffineTransform_float_3_3
Parameters: 0.999999 -0.000160985 0.00139242 0.000162336 0.999999 -0.00083315 -0.00139193 0.000833146 0.999999 -0.00842318 0.0431291 0.00719121
FixedParameters: 0 0 0

#Transform 13
Transform: AffineTransform_float_3_3
Parameters: 0.999999 -3.35288e-05 0.000848043 3.26228e-05 1 0.00053416 -0.000848078 -0.000534104 0.999999 0.00116512 -0.0356498 0.0352015
FixedParameters: 0 0 0

#Transform 14
Transform: AffineTransform_float_3_3
Parameters: 0.999999 1.5368e-05 0.000892313 -1.56175e-05 1 0.000139346 -0.000892306 -0.000140271 0.999999 0.00248157 -0.0265125 -0.0126891
FixedParameters: 0 0 0

#Transform 15
Transform: AffineTransform_float_3_3
Parameters: 0.999999 -0.000129689 0.000927531 0.000130292 1 -0.000324675 -0.000927447 0.000324916 0.999999 0.0156142 0.0141101 -0.000320651
FixedParameters: 0 0 0

#Transform 16
Transform: AffineTransform_float_3_3
Parameters: 1 -4.68679e-05 0.000462504 4.65074e-05 1 0.000389198 -0.000462537 -0.000390053 1 4.48804e-05 -0.0579484 0.0406004
FixedParameters: 0 0 0

#Transform 17
Transform: AffineTransform_float_3_3
Parameters: 0.999999 -0.000128972 0.000928389 0.000129192 1 -0.000642453 -0.000927995 0.000643136 1 -0.0059244 0.0285431 -0.0281353
FixedParameters: 0 0 0

#Transform 18
Transform: AffineTransform_float_3_3
Parameters: 1 9.89532e-05 0.000434632 -9.90316e-05 1 9.02026e-05 -0.000434614 -9.02887e-05 1 -0.00154959 -0.0166976 0.0208272
FixedParameters: 0 0 0

#Transform 19
Transform: AffineTransform_float_3_3
Parameters: 1 0.000228747 0.000404846 -0.000228703 1 -5.47521e-05 -0.000404871 5.45669e-05 1 -0.00171024 0.0105214 -0.0313042
FixedParameters: 0 0 0

#Transform 20
Transform: AffineTransform_float_3_3
Parameters: 1 0.000339402 0.000130501 -0.000339401 1 -4.26048e-06 -0.000130504 4.1719e-06 1 0.00167462 0.00979506 -0.00806762
FixedParameters: 0 0 0

#Transform 21
Transform: AffineTransform_float_3_3
Parameters: 1 0.00033203 0.000100382 -0.00033211 1 0.000398665 -0.000100117 -0.000398731 1 -0.00769151 -0.0087544 -0.00236566
FixedParameters: 0 0 0

#Transform 22
Transform: AffineTransform_float_3_3
Parameters: 1 0.00034313 0.00014624 -0.000343109 1 -7.42213e-05 -0.000146291 7.4121e-05 1 0.00188041 0.0259446 -0.00131039
FixedParameters: 0 0 0

#Transform 23
Transform: AffineTransform_float_3_3
Parameters: 1 0.00027291 -0.000154013 -0.000272766 1 0.00046801 0.000154268 -0.000467926 1 -0.00760317 -0.0128605 0.0365009
FixedParameters: 0 0 0

#Transform 24
Transform: AffineTransform_float_3_3
Parameters: 1 2.42318e-06 -0.00024659 -2.67057e-06 1 -0.00050163 0.000246587 0.000501631 1 -0.00108262 0.0628902 -0.0376489
FixedParameters: 0 0 0

#Transform 25
Transform: AffineTransform_float_3_3
Parameters: 1 0.000218014 -0.000390177 -0.000217504 1 0.000652375 0.000390461 -0.000652205 0.999999 -0.00828301 -0.00622845 0.00729578
FixedParameters: 0 0 0

#Transform 26
Transform: AffineTransform_float_3_3
Parameters: 1 0.000179105 -0.000558135 -0.000178643 1 0.000413907 0.000558283 -0.000413707 1 -0.00597545 -0.0125038 -0.0112709
FixedParameters: 0 0 0

#Transform 27
Transform: AffineTransform_float_3_3
Parameters: 1 0.000131873 -0.000332658 -0.000131585 1 0.000433367 0.000332772 -0.000433279 1 -0.0116248 -0.0225781 0.0221262
FixedParameters: 0 0 0

#Transform 28
Transform: AffineTransform_float_3_3
Parameters: 1 0.000273396 -0.000153062 -0.000273379 1 5.30115e-05 0.000153091 -5.29278e-05 1 -0.0144389 0.0250679 -0.0137275
FixedParameters: 0 0 0

#Transform 29
Transform: AffineTransform_float_3_3
Parameters: 1 0.000162549 -0.000129041 -0.000162365 0.999999 0.000709907 0.000129271 -0.000709865 0.999999 -0.00838951 0.00620034 0.0134003
FixedParameters: 0 0 0

#Transform 30
Transform: AffineTransform_float_3_3
Parameters: 1 7.71181e-05 -0.000238202 -7.72017e-05 1 -0.000175491 0.000238175 0.000175528 1 -0.00866106 0.0408566 -0.0363495
FixedParameters: 0 0 0

#Transform 31
Transform: AffineTransform_float_3_3
Parameters: 1 0.000219929 -0.000380875 -0.000220179 0.999999 0.0012554 0.000380682 -0.00125524 0.999999 0.000648512 -0.0173497 0.0275931
FixedParameters: 0 0 0

#Transform 32
Transform: AffineTransform_float_3_3
Parameters: 1 0.000185993 -0.000528606 -0.000185692 1 0.00028499 0.000528711 -0.000284793 1 -0.0114126 0.015782 -0.0265955
FixedParameters: 0 0 0

#Transform 33
Transform: AffineTransform_float_3_3
Parameters: 1 0.00012517 -0.000511248 -0.000124364 0.999999 0.00101114 0.000510528 -0.00101058 1 -0.0181842 0.00420375 0.0304881
FixedParameters: 0 0 0

#Transform 34
Transform: AffineTransform_float_3_3
Parameters: 1 8.27514e-05 -0.000561809 -8.21247e-05 1 0.000557717 0.000561901 -0.000557624 0.999999 -0.02606 0.0572109 -0.018991
FixedParameters: 0 0 0

#Transform 35
Transform: AffineTransform_float_3_3
Parameters: 1 6.78575e-05 -0.00103808 -6.68146e-05 1 0.00108055 0.00103748 -0.00108131 0.999999 -0.0250626 0.0203207 0.0035182
FixedParameters: 0 0 0

#Transform 36
Transform: AffineTransform_float_3_3
Parameters: 1 4.92884e-05 -0.00111889 -4.79922e-05 0.999999 0.00144948 0.00111949 -0.00144892 0.999999 -0.0271695 0.010705 -0.0184258
FixedParameters: 0 0 0

#Transform 37
Transform: AffineTransform_float_3_3
Parameters: 0.999999 0.000120906 -0.000808803 -0.000120992 0.999999 0.000548238 0.000809165 -0.000548938 0.999999 -0.0157452 0.0360719 -0.0434174
FixedParameters: 0 0 0

#Transform 38
Transform: AffineTransform_float_3_3
Parameters: 0.999999 0.00023445 -0.000815113 -0.00023404 0.999998 0.00158864 0.00081534 -0.00158781 0.999999 -0.0167376 0.0138671 0.0025169
FixedParameters: 0 0 0

#Transform 39
Transform: AffineTransform_float_3_3
Parameters: 1 0.000153213 -0.000669715 -0.000152903 1 0.000231589 0.000669786 -0.000231384 0.999999 -0.0175242 0.0715547 -0.0481851
FixedParameters: 0 0 0

#Transform 40
Transform: AffineTransform_float_3_3
Parameters: 1 2.92736e-05 -0.00120503 -2.85038e-05 1 0.00122199 0.00120458 -0.00122192 0.999998 -0.0201963 -0.0126785 0.00581059
FixedParameters: 0 0 0

#Transform 41
Transform: AffineTransform_float_3_3
Parameters: 0.999999 0.000101643 -0.000891878 -0.000101439 1 0.000660163 0.00089224 -0.000659538 1 -0.0267546 0.021128 -0.0559391
FixedParameters: 0 0 0

#Transform 42
Transform: AffineTransform_float_3_3
Parameters: 1 2.92473e-05 -0.00120561 -2.7926e-05 0.999999 0.00145021 0.00120517 -0.0014497 0.999998 -0.0274545 0.0176171 0.00274412
FixedParameters: 0 0 0

#Transform 43
Transform: AffineTransform_float_3_3
Parameters: 0.999999 0.000136302 -0.000742397 -0.000135603 0.999999 0.00128243 0.000742004 -0.00128313 0.999999 -0.0165218 0.00732908 -0.0499315
FixedParameters: 0 0 0

#Transform 44
Transform: AffineTransform_float_3_3
Parameters: 0.999999 8.13689e-05 -0.000980404 -8.0047e-05 0.999999 0.00178868 0.000980177 -0.00178852 0.999998 -0.0299533 0.0286416 -0.0183806
FixedParameters: 0 0 0

#Transform 45
Transform: AffineTransform_float_3_3
Parameters: 0.999999 0.000617404 -0.000743651 -0.000615867 0.999999 0.00118937 0.000744146 -0.00118846 0.999999 -0.0212488 0.00842395 -0.0504699
FixedParameters: 0 0 0

#Transform 46
Transform: AffineTransform_float_3_3
Parameters: 0.999999 0.000177552 -0.000785957 -0.000176986 0.999999 0.00175037 0.000786062 -0.00175009 0.999998 -0.0350913 0.0380378 -0.00147212
FixedParameters: 0 0 0

#Transform 47
Transform: AffineTransform_float_3_3
Parameters: 1 0.000541867 -0.000954968 -0.000540933 0.999999 0.00162979 0.000956214 -0.00162876 0.999998 -0.0401276 0.0161587 -0.0380561
FixedParameters: 0 0 0

#Transform 48
Transform: AffineTransform_float_3_3
Parameters: 0.999999 0.000270126 -0.000945254 -0.000267702 0.999998 0.00192219 0.000945546 -0.00192169 0.999997 -0.0314582 0.0288827 0.00453748
FixedParameters: 0 0 0

#Transform 49
Transform: AffineTransform_float_3_3
Parameters: 0.999999 0.000287404 -0.00126677 -0.000285227 0.999998 0.00210372 0.00126768 -0.00210255 0.999997 -0.0314822 0.0165025 -0.039097
FixedParameters: 0 0 0

#Transform 50
Transform: AffineTransform_float_3_3
Parameters: 1 0.000474351 -0.00107032 -0.000471651 0.999997 0.0023874 0.00107109 -0.00238638 0.999996 -0.0363855 -0.00920268 0.0374367
FixedParameters: 0 0 0

#Transform 51
Transform: AffineTransform_float_3_3
Parameters: 0.999999 0.000364987 -0.000787622 -0.000363574 0.999998 0.00151681 0.000788959 -0.00151713 0.999998 -0.0407892 0.0420457 -0.0419254
FixedParameters: 0 0 0

#Transform 52
Transform: AffineTransform_float_3_3
Parameters: 0.999999 0.000433061 -0.00125035 -0.000429632 0.999996 0.00272597 0.00125145 -0.00272578 0.999995 -0.0339494 0.00300518 0.0351766
FixedParameters: 0 0 0

#Transform 53
Transform: AffineTransform_float_3_3
Parameters: 1 0.000214436 -0.00099036 -0.000213116 0.999999 0.00127296 0.000990157 -0.00127254 0.999998 -0.03449 0.0318978 -0.016084
FixedParameters: 0 0 0

#Transform 54
Transform: AffineTransform_float_3_3
Parameters: 0.999999 0.00053597 -0.000802523 -0.000534393 0.999996 0.00248614 0.0008037 -0.00248618 0.999996 -0.0631452 0.0333231 0.0543986
FixedParameters: 0 0 0

#Transform 55
Transform: AffineTransform_float_3_3
Parameters: 0.999999 0.000421891 -0.00129675 -0.000419833 0.999999 0.00163379 0.0012976 -0.00163269 0.999998 -0.0523665 0.026204 -0.0402701
FixedParameters: 0 0 0

#Transform 56
Transform: AffineTransform_float_3_3
Parameters: 0.999999 0.000421872 -0.00129838 -0.00041903 0.999997 0.00239801 0.00129914 -0.00239647 0.999997 -0.0456917 0.0229254 0.0181211
FixedParameters: 0 0 0

#Transform 57
Transform: AffineTransform_float_3_3
Parameters: 0.999999 0.00043304 -0.000919568 -0.000432225 0.999998 0.00162789 0.000920463 -0.00162755 0.999999 -0.037331 0.0206683 -0.0443406
FixedParameters: 0 0 0

#Transform 58
Transform: AffineTransform_float_3_3
Parameters: 0.999999 0.000421885 -0.00129731 -0.000419142 0.999998 0.00189683 0.00129839 -0.00189664 0.999997 -0.033381 0.0255023 -0.00985321
FixedParameters: 0 0 0

#Transform 59
Transform: AffineTransform_float_3_3
Parameters: 1 0.000476791 -0.00105982 -0.00047369 0.999996 0.0024917 0.00106167 -0.00249114 0.999997 -0.0362511 0.0162633 -0.0181927
FixedParameters: 0 0 0

#Transform 60
Transform: AffineTransform_float_3_3
Parameters: 0.999999 0.000423345 -0.000779187 -0.000421034 0.999998 0.0022619 0.000780357 -0.00226124 0.999997 -0.0480516 0.0227781 -0.00207617
FixedParameters: 0 0 0

#Transform 61
Transform: AffineTransform_float_3_3
Parameters: 1 0.000485427 -0.0010231 -0.000481492 0.999994 0.00358358 0.00102532 -0.00358348 0.999993 -0.0478642 -0.0166001 -0.0111885
FixedParameters: 0 0 0

#Transform 62
Transform: AffineTransform_float_3_3
Parameters: 0.999999 0.000432327 -0.000606275 -0.000430535 0.999996 0.00247734 0.000607676 -0.00247771 0.999997 -0.0405129 0.0316468 -0.0109732
FixedParameters: 0 0 0

#Transform 63
Transform: AffineTransform_float_3_3
Parameters: 1 0.000577359 -0.000872411 -0.000575575 0.999997 0.00240304 0.000873692 -0.00240203 0.999996 -0.0559413 -0.0266816 -0.0144308
FixedParameters: 0 0 0

#Transform 64
Transform: AffineTransform_float_3_3
Parameters: 0.999999 0.000534855 -0.00080755 -0.000533477 0.999999 0.00160208 0.000808519 -0.00160121 0.999999 -0.0526109 0.0254499 -0.0067338
FixedParameters: 0 0 0

#Transform 65
Transform: AffineTransform_float_3_3
Parameters: 0.999999 0.000578134 -0.000619248 -0.000576532 0.999996 0.00245659 0.000620374 -0.00245678 0.999997 -0.0519895 -0.0143804 -0.0138874
FixedParameters: 0 0 0

#Transform 66
Transform: AffineTransform_float_3_3
Parameters: 0.999999 0.000329181 -0.000684754 -0.000327822 0.999998 0.00187591 0.000685245 -0.00187546 0.999998 -0.0386782 0.0331346 -0.0202077
FixedParameters: 0 0 0

#Transform 67
Transform: AffineTransform_float_3_3
Parameters: 1 0.000276735 -0.000609446 -0.000275452 0.999998 0.00204598 0.000609834 -0.00204564 0.999997 -0.0434931 -0.0129489 -0.0444612
FixedParameters: 0 0 0

#Transform 68
Transform: AffineTransform_float_3_3
Parameters: 1 0.000147688 -0.000665715 -0.000145666 0.999995 0.0031706 0.000666137 -0.0031704 0.999995 -0.0485678 -0.0235389 -0.0159325
FixedParameters: 0 0 0

#Transform 69
Transform: AffineTransform_float_3_3
Parameters: 0.999999 0.000339169 -0.000774827 -0.000337648 0.999996 0.00254073 0.00077506 -0.00254021 0.999996 -0.0531097 -0.00155201 -0.0602668
FixedParameters: 0 0 0

#Transform 70
Transform: AffineTransform_float_3_3
Parameters: 0.999999 0.000638781 -0.000743059 -0.000636255 0.999993 0.00348447 0.000745051 -0.00348442 0.999994 -0.0627322 -0.0142551 -0.00500489
FixedParameters: 0 0 0

#Transform 71
Transform: AffineTransform_float_3_3
Parameters: 0.999999 0.000438381 -0.000704915 -0.000436476 0.999997 0.00237409 0.000705278 -0.00237347 0.999997 -0.0485558 0.00923568 -0.0712883
FixedParameters: 0 0 0

#Transform 72
Transform: AffineTransform_float_3_3
Parameters: 1 0.000424633 -0.0010362 -0.00042218 0.999998 0.00187535 0.00103607 -0.00187447 0.999997 -0.0359273 0.0316311 -0.0234705
FixedParameters: 0 0 0

#Transform 73
Transform: AffineTransform_float_3_3
Parameters: 0.999999 0.000351865 -0.00062643 -0.000350687 0.999998 0.00190609 0.000627027 -0.00190565 0.999998 -0.039349 0.027549 -0.0390636
FixedParameters: 0 0 0

#Transform 74
Transform: AffineTransform_float_3_3
Parameters: 1 0.00048097 -0.00087208 -0.000479535 0.999997 0.00207088 0.000873554 -0.00207093 0.999997 -0.0380133 0.0100078 0.0349628
FixedParameters: 0 0 0

#Transform 75
Transform: AffineTransform_float_3_3
Parameters: 0.999999 0.00032904 -0.000725323 -0.000328149 0.999997 0.00211887 0.000726203 -0.00211929 0.999997 -0.0426887 0.00442985 0.0139299
FixedParameters: 0 0 0

#Transform 76
Transform: AffineTransform_float_3_3
Parameters: 0.999999 0.000342513 -0.00066685 -0.000340899 0.999997 0.00211698 0.000667555 -0.00211652 0.999997 -0.038977 0.0648651 0.00697986
FixedParameters: 0 0 0

#Transform 77
Transform: AffineTransform_float_3_3
Parameters: 0.999999 0.000535302 -0.000765302 -0.000534 0.999997 0.00242721 0.000766413 -0.00242729 0.999997 -0.0541123 0.00100196 -0.0163379
FixedParameters: 0 0 0

#Transform 78
Transform: AffineTransform_float_3_3
Parameters: 0.999999 0.000563726 -0.000721927 -0.00056142 0.999997 0.00259831 0.000723139 -0.0025975 0.999997 -0.0405282 0.0450095 -0.0161033
FixedParameters: 0 0 0

#Transform 79
Transform: AffineTransform_float_3_3
Parameters: 0.999999 0.000354565 -0.00061445 -0.000353055 0.999998 0.00221712 0.000615279 -0.00221669 0.999998 -0.0394741 0.0296847 -0.0768318
FixedParameters: 0 0 0

#Transform 80
Transform: AffineTransform_float_3_3
Parameters: 0.999999 0.000491484 -0.000643794 -0.000490149 0.999998 0.0021561 0.000644196 -0.00215591 0.999997 -0.0517044 0.0339235 -0.0319076
FixedParameters: 0 0 0

#Transform 81
Transform: AffineTransform_float_3_3
Parameters: 1 0.000399513 -0.000419843 -0.000398897 0.999998 0.00190163 0.000421593 -0.00190129 0.999998 -0.0417916 0.00614736 -0.0550133
FixedParameters: 0 0 0

#Transform 82
Transform: AffineTransform_float_3_3
Parameters: 0.999999 0.000634318 -0.000455485 -0.00063263 0.999997 0.00236497 0.000456541 -0.00236439 0.999997 -0.0627053 0.0196092 -0.0134599
FixedParameters: 0 0 0

#Transform 83
Transform: AffineTransform_float_3_3
Parameters: 1 0.000866322 -0.000572152 -0.000864687 0.999998 0.00162901 0.000574002 -0.00162936 0.999998 -0.0447041 0.0116621 -0.0461972
FixedParameters: 0 0 0

#Transform 84
Transform: AffineTransform_float_3_3
Parameters: 1 0.000819264 -0.000873459 -0.000816952 0.999995 0.00283356 0.000875634 -0.00283214 0.999995 -0.0411879 -0.0240108 -0.00333365
FixedParameters: 0 0 0

#Transform 85
Transform: AffineTransform_float_3_3
Parameters: 0.999999 0.000561228 -0.00079099 -0.000559191 0.999997 0.00205121 0.000792549 -0.00205122 0.999997 -0.0520045 0.0298455 -0.0804711
FixedParameters: 0 0 0

#Transform 86
Transform: AffineTransform_float_3_3
Parameters: 1 0.000569448 -0.000906911 -0.000566264 0.999995 0.00308795 0.000908934 -0.00308692 0.999995 -0.0492461 0.00437938 -0.0266534
FixedParameters: 0 0 0

#Transform 87
Transform: AffineTransform_float_3_3
Parameters: 1 0.000804146 -0.000742726 -0.000802371 0.999995 0.00281581 0.000745765 -0.00281552 0.999996 -0.0655004 0.00157589 -0.0365929
FixedParameters: 0 0 0

#Transform 88
Transform: AffineTransform_float_3_3
Parameters: 0.999999 0.00086194 -0.0010361 -0.000858745 0.999995 0.00281443 0.00103849 -0.00281355 0.999995 -0.058916 -0.0209325 0.00340513
FixedParameters: 0 0 0

#Transform 89
Transform: AffineTransform_float_3_3
Parameters: 1 0.000696108 -0.000851356 -0.000694554 0.999997 0.00232639 0.000853105 -0.0023261 0.999997 -0.0563752 0.0575853 -0.04317
FixedParameters: 0 0 0

#Transform 90
Transform: AffineTransform_float_3_3
Parameters: 1 0.000679532 -0.000704337 -0.000677868 0.999995 0.00305858 0.00070603 -0.00305763 0.999995 -0.0531033 0.0178805 0.0416426
FixedParameters: 0 0 0

#Transform 91
Transform: AffineTransform_float_3_3
Parameters: 0.999999 0.000485879 -0.00118082 -0.000482538 0.999997 0.00243524 0.00118169 -0.002435 0.999996 -0.0582698 0.0524082 0.0574136
FixedParameters: 0 0 0

#Transform 92
Transform: AffineTransform_float_3_3
Parameters: 0.999999 0.000466192 -0.000931834 -0.000464269 0.999997 0.00232772 0.000932516 -0.00232775 0.999997 -0.0371274 0.0301083 0.0399295
FixedParameters: 0 0 0

#Transform 93
Transform: AffineTransform_float_3_3
Parameters: 0.999999 0.000570498 -0.000754834 -0.000568589 0.999995 0.00286531 0.000756616 -0.00286535 0.999995 -0.0610601 0.0142551 0.0646773
FixedParameters: 0 0 0

#Transform 94
Transform: AffineTransform_float_3_3
Parameters: 0.999999 0.000304381 -0.000778907 -0.000302456 0.999998 0.00201265 0.000779387 -0.00201218 0.999997 -0.0530511 0.0862226 0.0212472
FixedParameters: 0 0 0

#Transform 95
Transform: AffineTransform_float_3_3
Parameters: 1 0.000423412 -0.00111868 -0.000419838 0.999995 0.00311322 0.00112005 -0.00311318 0.999994 -0.0567151 -0.00734132 0.0463583
FixedParameters: 0 0 0

#Transform 96
Transform: AffineTransform_float_3_3
Parameters: 0.999999 0.000397554 -0.00122998 -0.000394305 0.999997 0.00230092 0.00123032 -0.00230084 0.999996 -0.0805191 0.0157935 0.0423846
FixedParameters: 0 0 0

#Transform 97
Transform: AffineTransform_float_3_3
Parameters: 0.999999 0.00119345 -0.00132161 -0.00118976 0.999995 0.00285082 0.00132519 -0.00284857 0.999995 -0.0865061 -0.0184434 0.0508147
FixedParameters: 0 0 0

#Transform 98
Transform: AffineTransform_float_3_3
Parameters: 1 0.000844907 -0.000775881 -0.000843302 0.999998 0.00180884 0.000778192 -0.00180843 0.999998 -0.0743714 0.0723734 0.0208901
FixedParameters: 0 0 0

#Transform 99
Transform: AffineTransform_float_3_3
Parameters: 0.999999 0.000803073 -0.00124357 -0.00079915 0.999995 0.00303093 0.00124619 -0.00302983 0.999994 -0.075376 -0.043282 0.0569168
FixedParameters: 0 0 0

#Transform 100
Transform: AffineTransform_float_3_3
Parameters: 0.999999 0.000685526 -0.00074612 -0.000684162 0.999999 0.00172451 0.000747739 -0.00172349 0.999998 -0.0755787 0.0205854 0.0272806
FixedParameters: 0 0 0

#Transform 101
Transform: AffineTransform_float_3_3
Parameters: 1 0.00083783 -0.000805988 -0.000834856 0.999996 0.0028805 0.000808119 -0.0028796 0.999995 -0.0703698 -0.0193467 0.0618395
FixedParameters: 0 0 0

#Transform 102
Transform: AffineTransform_float_3_3
Parameters: 0.999999 0.000723054 -0.00130352 -0.000720462 0.999999 0.00154361 0.00130403 -0.00154263 0.999998 -0.0799975 0.0883551 0.0260446
FixedParameters: 0 0 0

#Transform 103
Transform: AffineTransform_float_3_3
Parameters: 0.999999 0.00114031 -0.00132013 -0.00113645 0.999996 0.00245868 0.00132327 -0.00245657 0.999996 -0.0909365 0.00992454 0.0810502
FixedParameters: 0 0 0

#Transform 104
Transform: AffineTransform_float_3_3
Parameters: 1 0.000855219 -0.000810765 -0.000853399 0.999995 0.0027488 0.000813004 -0.00274832 0.999996 -0.101152 0.0114443 0.0485235
FixedParameters: 0 0 0

#Transform 105
Transform: AffineTransform_float_3_3
Parameters: 0.999999 0.000812695 -0.00132632 -0.00080904 0.999996 0.00273981 0.00132853 -0.00273855 0.999995 -0.0800199 -0.0469807 0.0662778
FixedParameters: 0 0 0

#Transform 106
Transform: AffineTransform_float_3_3
Parameters: 0.999999 0.000764442 -0.00104961 -0.000760958 0.999995 0.00280718 0.00105241 -0.00280647 0.999995 -0.0762203 0.0409922 0.0629853
FixedParameters: 0 0 0

#Transform 107
Transform: AffineTransform_float_3_3
Parameters: 0.999999 0.000706465 -0.00130177 -0.000703139 0.999996 0.00266557 0.0013033 -0.00266464 0.999995 -0.0704365 -0.0432033 0.0808626
FixedParameters: 0 0 0

#Transform 108
Transform: AffineTransform_float_3_3
Parameters: 1 0.000589346 -0.000838283 -0.000588122 0.999998 0.00144518 0.00083924 -0.00144509 0.999998 -0.0741642 0.0619586 0.00745523
FixedParameters: 0 0 0

#Transform 109
Transform: AffineTransform_float_3_3
Parameters: 0.999999 0.000811466 -0.0012382 -0.00080773 0.999995 0.00296896 0.00124078 -0.00296785 0.999995 -0.0745558 -0.0280652 0.0870651
FixedParameters: 0 0 0

#Transform 110
Transform: AffineTransform_float_3_3
Parameters: 1 0.000648948 -0.000980275 -0.000646613 0.999998 0.00192104 0.000981048 -0.00192067 0.999998 -0.0731479 0.0117925 0.043908
FixedParameters: 0 0 0

#Transform 111
Transform: AffineTransform_float_3_3
Parameters: 0.999999 0.000627069 -0.00107542 -0.000624657 0.999997 0.0022418 0.00107673 -0.00224135 0.999997 -0.0719768 0.00524675 0.0623433
FixedParameters: 0 0 0

#Transform 112
Transform: AffineTransform_float_3_3
Parameters: 0.999999 0.000839629 -0.000954513 -0.000837466 0.999997 0.0025153 0.000956272 -0.00251504 0.999996 -0.0714709 -0.0164923 0.0608709
FixedParameters: 0 0 0

#Transform 113
Transform: AffineTransform_float_3_3
Parameters: 1 0.000650071 -0.000975403 -0.000647526 0.999998 0.00192105 0.000977154 -0.00192068 0.999998 -0.0698555 0.0577448 0.0309013
FixedParameters: 0 0 0

#Transform 114
Transform: AffineTransform_float_3_3
Parameters: 1 0.0008582 -0.000860218 -0.000855595 0.999995 0.00304873 0.000862987 -0.00304815 0.999995 -0.0716557 -0.0070797 0.0543385
FixedParameters: 0 0 0

#Transform 115
Transform: AffineTransform_float_3_3
Parameters: 0.999999 0.000532398 -0.000698447 -0.00053066 0.999999 0.00124729 0.000699775 -0.00124654 0.999999 -0.0617334 0.0785248 -0.000311283
FixedParameters: 0 0 0

#Transform 116
Transform: AffineTransform_float_3_3
Parameters: 1 0.000655417 -0.000675895 -0.000653614 0.999997 0.00239558 0.000677315 -0.0023947 0.999997 -0.0629202 0.000505353 0.077112
FixedParameters: 0 0 0

#Transform 117
Transform: AffineTransform_float_3_3
Parameters: 1 0.000703731 -0.000742922 -0.000702762 0.999999 0.00161538 0.000743477 -0.00161568 0.999998 -0.0627874 0.0384661 0.0370754
FixedParameters: 0 0 0

#Transform 118
Transform: AffineTransform_float_3_3
Parameters: 0.999999 0.000721002 -0.000667355 -0.000719263 0.999997 0.00238078 0.000669074 -0.00238072 0.999997 -0.060788 0.0290765 0.0898763
FixedParameters: 0 0 0

#Transform 119
Transform: AffineTransform_float_3_3
Parameters: 1 0.000829288 -0.000892339 -0.000826716 0.999996 0.00292161 0.000894722 -0.00292103 0.999996 -0.0622875 -0.0540629 0.0628528
FixedParameters: 0 0 0

#Transform 120
Transform: AffineTransform_float_3_3
Parameters: 0.999999 0.000696889 -0.000772665 -0.000695977 0.999998 0.00136953 0.000773831 -0.00136935 0.999999 -0.0624508 0.0300426 0.0268927
FixedParameters: 0 0 0

#Transform 121
Transform: AffineTransform_float_3_3
Parameters: 0.999999 0.00059272 -0.00122482 -0.000589256 0.999997 0.00239742 0.00122617 -0.00239687 0.999996 -0.0794204 0.000622332 0.0857648
FixedParameters: 0 0 0

#Transform 122
Transform: AffineTransform_float_3_3
Parameters: 0.999999 0.000689819 -0.000803341 -0.000688282 0.999999 0.00110141 0.000803886 -0.0011003 0.999999 -0.0621191 0.0434169 0.0698202
FixedParameters: 0 0 0

#Transform 123
Transform: AffineTransform_float_3_3
Parameters: 1 0.000688228 -0.000809762 -0.0006857 0.999996 0.00244645 0.00081141 -0.00244623 0.999997 -0.0619468 0.0320766 0.0922186
FixedParameters: 0 0 0

#Transform 124
Transform: AffineTransform_float_3_3
Parameters: 0.999999 0.000759424 -0.000501518 -0.000757905 0.999998 0.0017481 0.000503202 -0.00174734 0.999999 -0.0657663 0.0123472 0.0633976
FixedParameters: 0 0 0

#Transform 125
Transform: AffineTransform_float_3_3
Parameters: 1 0.000910431 -0.000717806 -0.000908115 0.999995 0.00277107 0.000720161 -0.00277067 0.999996 -0.072938 -0.0262027 0.116849
FixedParameters: 0 0 0

#Transform 126
Transform: AffineTransform_float_3_3
Parameters: 1 0.00068887 -0.000807266 -0.000687433 0.999999 0.00163523 0.000808774 -0.00163546 0.999998 -0.0619624 0.0445478 0.0282853
FixedParameters: 0 0 0

#Transform 127
Transform: AffineTransform_float_3_3
Parameters: 1 0.000859724 -0.00072464 -0.000858167 0.999997 0.00222096 0.000725768 -0.00222062 0.999998 -0.0643907 -0.0174931 0.0698233
FixedParameters: 0 0 0

#Transform 128
Transform: AffineTransform_float_3_3
Parameters: 0.999999 0.000877896 -0.000935361 -0.000876087 0.999996 0.00237564 0.000937067 -0.0023749 0.999997 -0.0623508 -0.0222648 0.0266483
FixedParameters: 0 0 0

#Transform 129
Transform: AffineTransform_float_3_3
Parameters: 0.999999 0.000722902 -0.000659965 -0.000721102 0.999999 0.00154252 0.000661222 -0.00154201 0.999998 -0.0639345 0.0559899 0.0461836
FixedParameters: 0 0 0

#Transform 130
Transform: AffineTransform_float_3_3
Parameters: 0.999999 0.000734889 -0.000607379 -0.00073379 0.999998 0.00209065 0.000608734 -0.0020902 0.999997 -0.0645658 0.0471061 0.0522259
FixedParameters: 0 0 0

#Transform 131
Transform: AffineTransform_float_3_3
Parameters: 0.999999 0.000806942 -0.000296401 -0.000806303 0.999998 0.00146555 0.000297794 -0.00146507 0.999999 -0.0683788 0.0341257 0.101986
FixedParameters: 0 0 0

#Transform 132
Transform: AffineTransform_float_3_3
Parameters: 0.999999 0.000782728 -0.000401426 -0.000781873 0.999999 0.00135232 0.00040257 -0.0013517 0.999999 -0.0670172 0.0256177 0.0597669
FixedParameters: 0 0 0

#Transform 133
Transform: AffineTransform_float_3_3
Parameters: 0.999999 0.000797024 -0.000568887 -0.000795758 0.999996 0.00237611 0.000570961 -0.0023761 0.999997 -0.0654728 0.0155099 0.0706007
FixedParameters: 0 0 0

#Transform 134
Transform: AffineTransform_float_3_3
Parameters: 0.999999 0.000628956 -0.000447814 -0.000627193 0.999998 0.00223397 0.000449654 -0.00223341 0.999998 -0.0649731 0.00575224 0.0215598
FixedParameters: 0 0 0

#Transform 135
Transform: AffineTransform_float_3_3
Parameters: 0.999999 0.000773636 -0.000439003 -0.000772164 0.999998 0.00220624 0.000440473 -0.00220557 0.999998 -0.0665751 0.0155434 0.0616914
FixedParameters: 0 0 0

#Transform 136
Transform: AffineTransform_float_3_3
Parameters: 1 0.000726818 -0.000642436 -0.000725585 0.999998 0.00207662 0.000643737 -0.00207703 0.999998 -0.0639934 0.0440506 0.0271842
FixedParameters: 0 0 0

#Transform 137
Transform: AffineTransform_float_3_3
Parameters: 1 0.000966191 -0.000716261 -0.000963875 0.999995 0.00277714 0.000718933 -0.00277576 0.999996 -0.0653773 -0.0287718 0.0815088
FixedParameters: 0 0 0

#Transform 138
Transform: AffineTransform_float_3_3
Parameters: 1 0.000465796 -0.000170448 -0.000465663 1 0.00107226 0.000170476 -0.00107211 1 -0.0639978 0.0393367 0.0231005
FixedParameters: 0 0 0

#Transform 139
Transform: AffineTransform_float_3_3
Parameters: 0.999999 0.000739179 -0.000236316 -0.000738551 0.999997 0.00231355 0.000237794 -0.00231321 0.999998 -0.0543717 -0.0497828 0.0798222
FixedParameters: 0 0 0

#Transform 140
Transform: AffineTransform_float_3_3
Parameters: 0.999999 0.000691916 0.000242497 -0.000691398 1 0.000932099 -0.000241436 -0.00093198 0.999999 -0.0571111 0.0502614 0.0470084
FixedParameters: 0 0 0

#Transform 141
Transform: AffineTransform_float_3_3
Parameters: 1 0.000612099 -0.000205912 -0.000611595 0.999998 0.00179341 0.000207138 -0.00179316 0.999999 -0.057913 0.0076897 0.0954102
FixedParameters: 0 0 0

#Transform 142
Transform: AffineTransform_float_3_3
Parameters: 1 0.000572933 -0.000129274 -0.000572693 1 0.000946283 0.000130359 -0.000946575 0.999999 -0.0598556 0.0566929 -0.00351158
FixedParameters: 0 0 0

#Transform 143
Transform: AffineTransform_float_3_3
Parameters: 0.999999 0.000922443 -0.00035733 -0.000921162 0.999995 0.00276369 0.000359517 -0.00276393 0.999996 -0.0668276 -0.0249369 0.0394935
FixedParameters: 0 0 0

#Transform 144
Transform: AffineTransform_float_3_3
Parameters: 1 0.00046127 -0.000168697 -0.000461235 0.999999 0.000775258 0.000168438 -0.000775105 0.999999 -0.0599177 0.0295231 -0.00630047
FixedParameters: 0 0 0

#Transform 145
Transform: AffineTransform_float_3_3
Parameters: 1 0.000460057 -0.000170904 -0.000460642 0.999998 0.00182526 0.000171843 -0.0018251 0.999999 -0.0553928 0.014354 0.0499143
FixedParameters: 0 0 0

#Transform 146
Transform: AffineTransform_float_3_3
Parameters: 1 0.000461104 -0.000168995 -0.000461026 1 0.000917037 0.000168868 -0.000917325 0.999999 -0.0463038 0.0319303 0.0118169
FixedParameters: 0 0 0

#Transform 147
Transform: AffineTransform_float_3_3
Parameters: 0.999999 0.00143681 -0.000395673 -0.00143617 0.999998 0.00138824 0.000397713 -0.00138754 0.999999 -0.0739796 0.00989968 0.0611079
FixedParameters: 0 0 0

#Transform 148
Transform: AffineTransform_float_3_3
Parameters: 1 0.000200021 -0.000108509 -0.00020005 0.999999 0.000917011 0.000107902 -0.00091697 0.999999 -0.0443933 0.0351835 0.00420506
FixedParameters: 0 0 0

#Transform 149
Transform: AffineTransform_float_3_3
Parameters: 0.999999 0.000635506 -0.000597801 -0.000634452 0.999997 0.00208269 0.00059873 -0.00208194 0.999997 -0.0436159 -0.0015849 0.0633437
FixedParameters: 0 0 0

#Transform 150
Transform: AffineTransform_float_3_3
Parameters: 1 0.000633825 -0.000606402 -0.000632857 1 0.000984671 0.000606675 -0.000983905 1 -0.0514675 0.0630206 0.012514
FixedParameters: 0 0 0

#Transform 151
Transform: AffineTransform_float_3_3
Parameters: 0.999999 0.000641497 -0.00057287 -0.000640262 0.999999 0.0012798 0.000573542 -0.00127997 0.999999 -0.0592852 0.0822156 0.040772
FixedParameters: 0 0 0

#Transform 152
Transform: AffineTransform_float_3_3
Parameters: 0.999999 0.000645458 -0.000555157 -0.000643811 0.999999 0.00169557 0.000556373 -0.0016953 0.999998 -0.0569871 -0.00753014 0.0502901
FixedParameters: 0 0 0

#Transform 153
Transform: AffineTransform_float_3_3
Parameters: 1 0.000656873 -0.000214436 -0.000656694 1 0.000957242 0.000214721 -0.000957404 0.999999 -0.0477575 0.0440684 0.0154051
FixedParameters: 0 0 0

#Transform 154
Transform: AffineTransform_float_3_3
Parameters: 0.999999 0.000674774 -0.000428834 -0.000673836 0.999999 0.00136309 0.000429701 -0.00136251 0.999999 -0.063684 -0.00580469 0.0300478
FixedParameters: 0 0 0

#Transform 155
Transform: AffineTransform_float_3_3
Parameters: 0.999999 0.000721171 -0.00022933 -0.000720963 1 0.000957314 0.000229738 -0.000957426 0.999999 -0.0682949 0.0216654 0.0256493
FixedParameters: 0 0 0

#Transform 156
Transform: AffineTransform_float_3_3
Parameters: 0.999999 0.000608007 -0.000717264 -0.000606746 0.999998 0.00188046 0.000717835 -0.00188049 0.999998 -0.0555839 -0.0293047 0.0391819
FixedParameters: 0 0 0

#Transform 157
Transform: AffineTransform_float_3_3
Parameters: 0.999999 0.000705864 -0.00029267 -0.000705146 0.999997 0.00201539 0.00029357 -0.00201499 0.999998 -0.0605404 -0.0265335 0.0577785
FixedParameters: 0 0 0

#Transform 158
Transform: AffineTransform_float_3_3
Parameters: 0.999999 0.000720199 -0.000230968 -0.000719808 0.999998 0.00184653 0.000231684 -0.0018462 0.999999 -0.0680552 -0.00270824 0.0327325
FixedParameters: 0 0 0

#Transform 159
Transform: AffineTransform_float_3_3
Parameters: 0.999999 0.000721092 -0.000229462 -0.000720851 0.999999 0.00102953 0.000229975 -0.00102921 1 -0.0577473 0.0347589 0.0180195
FixedParameters: 0 0 0

#Transform 160
Transform: AffineTransform_float_3_3
Parameters: 0.999999 0.000682476 -0.0003951 -0.00068148 0.999999 0.00155794 0.000396255 -0.00155785 0.999998 -0.055519 -0.025122 0.056201
FixedParameters: 0 0 0

#Transform 161
Transform: AffineTransform_float_3_3
Parameters: 1 0.00051699 -0.000183195 -0.000516687 0.999999 0.00145931 0.000183732 -0.00145913 0.999999 -0.060363 -0.000361867 0.0292538
FixedParameters: 0 0 0

#Transform 162
Transform: AffineTransform_float_3_3
Parameters: 0.999999 0.000720432 -0.000230574 -0.000720142 0.999999 0.00163231 0.000230981 -0.00163243 0.999998 -0.0672832 -0.022265 0.0318229
FixedParameters: 0 0 0

#Transform 163
Transform: AffineTransform_float_3_3
Parameters: 1 0.000372851 -0.000147716 -0.000372907 1 0.000579172 0.000147174 -0.000579064 1 -0.0627929 0.00904621 0.0354526
FixedParameters: 0 0 0

#Transform 164
Transform: AffineTransform_float_3_3
Parameters: 0.999999 0.000726061 -0.000232291 -0.000725672 0.999998 0.00183254 0.000233008 -0.00183221 0.999999 -0.0709558 -0.0307329 0.0637341
FixedParameters: 0 0 0

#Transform 165
Transform: AffineTransform_float_3_3
Parameters: 1 0.000368429 -0.000405991 -0.0003681 1 0.000404597 0.000406289 -0.000404298 1 -0.0676146 -0.00240409 0.0520499
FixedParameters: 0 0 0

#Transform 166
Transform: AffineTransform_float_3_3
Parameters: 1 0.000345461 -0.00050288 -0.000343759 0.999998 0.00192735 0.00050324 -0.001927 0.999998 -0.060614 -0.0407965 0.0424766
FixedParameters: 0 0 0

#Transform 167
Transform: AffineTransform_float_3_3
Parameters: 1 0.000338665 -0.000139979 -0.000338707 0.999999 0.000657139 0.00013945 -0.000657046 1 -0.0643436 0.0620497 0.0235618
FixedParameters: 0 0 0

#Transform 168
Transform: AffineTransform_float_3_3
Parameters: 1 0.000424094 -0.000162419 -0.000423763 0.999999 0.00174722 0.000162932 -0.00174708 0.999999 -0.05522 -0.0135869 0.0680435
FixedParameters: 0 0 0

#Transform 169
Transform: AffineTransform_float_3_3
Parameters: 1 0.00046029 -9.86102e-06 -0.000459532 0.999999 0.000557589 9.17333e-06 -0.000557584 1 -0.0532889 -0.00131733 0.0114563
FixedParameters: 0 0 0

#Transform 170
Transform: AffineTransform_float_3_3
Parameters: 1 0.000502759 -0.000181108 -0.000503251 0.999998 0.0019763 0.000182354 -0.00197612 0.999998 -0.0600367 -0.0208729 0.0488332
FixedParameters: 0 0 0

#Transform 171
Transform: AffineTransform_float_3_3
Parameters: 1 0.000424633 -0.000161429 -0.00042445 0.999999 0.00128422 0.000161548 -0.00128409 0.999999 -0.0647671 0.0712464 0.0313638
FixedParameters: 0 0 0

#Transform 172
Transform: AffineTransform_float_3_3
Parameters: 1 0.000511728 -5.08178e-06 -0.000510972 0.999999 0.00174045 5.66531e-06 -0.00174089 0.999998 -0.0739685 -0.0125829 0.0394851
FixedParameters: 0 0 0

#Transform 173
Transform: AffineTransform_float_3_3
Parameters: 1 0.000563798 0.000270681 -0.00056414 0.999998 0.00199724 -0.000269627 -0.00199665 0.999998 -0.067422 -0.0313228 0.0638975
FixedParameters: 0 0 0

#Transform 174
Transform: AffineTransform_float_3_3
Parameters: 1 0.000612673 -3.45668e-05 -0.000612786 0.999999 0.0017537 3.57437e-05 -0.00175276 0.999999 -0.0592069 -0.0344352 0.064224
FixedParameters: 0 0 0

#Transform 175
Transform: AffineTransform_float_3_3
Parameters: 1 0.000454126 -0.000167704 -0.000454005 1 0.00105425 0.00016769 -0.0010541 1 -0.0635494 0.0337001 0.0594132
FixedParameters: 0 0 0

#Transform 176
Transform: AffineTransform_float_3_3
Parameters: 1 0.000579613 3.45944e-06 -0.000579854 0.999999 0.00147673 -2.72196e-06 -0.00147584 0.999999 -0.0585788 -0.0113505 0.138817
FixedParameters: 0 0 0

#Transform 177
Transform: AffineTransform_float_3_3
Parameters: 1 0.000493353 -1.94649e-06 -0.000493353 1 4.66491e-05 1.99252e-06 -4.66472e-05 1 -0.062571 0.0245191 0.061543
FixedParameters: 0 0 0

#Transform 178
Transform: AffineTransform_float_3_3
Parameters: 1 0.000620303 0.000170614 -0.00062006 0.999998 0.00146616 -0.000169993 -0.00146637 0.999999 -0.0599454 0.00459094 0.131421
FixedParameters: 0 0 0

#Transform 179
Transform: AffineTransform_float_3_3
Parameters: 1 0.000582554 0.000384589 -0.000583024 0.999999 0.000610535 -0.000383878 -0.000610982 0.999999 -0.062975 0.0305484 0.0693403
FixedParameters: 0 0 0

#Transform 180
Transform: AffineTransform_float_3_3
Parameters: 1 0.000549873 0.000248248 -0.000549905 0.999998 0.00156023 -0.000247729 -0.00156051 0.999999 -0.05298 -0.0218642 0.142752
FixedParameters: 0 0 0

#Transform 181
Transform: AffineTransform_float_3_3
Parameters: 1 0.000280583 0.000357864 -0.000281096 0.999999 0.000717191 -0.000357461 -0.000717392 0.999999 -0.0510686 0.0511827 0.0277606
FixedParameters: 0 0 0

#Transform 182
Transform: AffineTransform_float_3_3
Parameters: 1 0.000453349 -0.000169124 -0.000453001 0.999999 0.00172703 0.00016972 -0.00172732 0.999998 -0.0653836 -0.012164 0.101816
FixedParameters: 0 0 0

#Transform 183
Transform: AffineTransform_float_3_3
Parameters: 1 0.00030682 0.000600612 -0.000306069 1 0.000185762 -0.000600725 -0.000186132 1 -0.0450142 0.00837756 0.0609324
FixedParameters: 0 0 0

#Transform 184
Transform: AffineTransform_float_3_3
Parameters: 0.999999 0.00048187 0.000759236 -0.000483757 0.999998 0.00173239 -0.000758763 -0.00173179 0.999998 -0.0570625 -0.0355001 0.0654154
FixedParameters: 0 0 0

#Transform 185
Transform: AffineTransform_float_3_3
Parameters: 1 0.000162315 0.000465947 -0.000163473 0.999999 0.00123734 -0.000465541 -0.00123749 0.999999 -0.0421398 -0.00143975 0.108256
FixedParameters: 0 0 0

#Transform 186
Transform: AffineTransform_float_3_3
Parameters: 1 0.000169854 0.000496197 -0.000170659 0.999999 0.000810415 -0.000495921 -0.000810584 0.999999 -0.0536156 0.000535608 0.0863322
FixedParameters: 0 0 0

#Transform 187
Transform: AffineTransform_float_3_3
Parameters: 1 0.00017158 0.000509326 -0.000172717 0.999999 0.00183845 -0.000509889 -0.00183863 0.999998 -0.0521631 -0.0505566 0.125627
