# transform file /out/sourcedata/freesurfer/sub-v2s13x29109_ses-1/mri/transforms/cc_up.lta
# created by oesteban on Wed Mar 11 05:36:16 2026

type      = 0 # LINEAR_VOX_TO_VOX
nxforms   = 1
mean      = 129.0000 141.0000 128.0000
sigma     = 10000.0000
1 4 4
9.992232322692871e-01 1.687614433467388e-02 -3.560928255319595e-02 9.463682174682617e-01 
-1.686543785035610e-02 9.998575448989868e-01 6.010330398567021e-04 6.109943866729736e+00 
3.561435639858246e-02 -5.820765397457350e-11 9.993655681610107e-01 3.505604505538940e+00 
0.000000000000000e+00 0.000000000000000e+00 0.000000000000000e+00 1.000000000000000e+00 
src volume info
valid = 1  # volume info valid
filename = /out/sourcedata/freesurfer/sub-v2s13x29109_ses-1/mri/norm.mgz
volume = 256 256 256
voxelsize = 8.984375000000000e-01 8.984375000000000e-01 8.984375000000000e-01
xras   = -1.000000119209290e+00 -1.044700992380854e-09 -4.859074254071061e-11
yras   = 6.478765440798284e-11 3.317127905688722e-08 -1.000000000000000e+00
zras   = 1.008257921597533e-09 1.000000000000000e+00 0.000000000000000e+00
cras   = 2.525581359863281e+00 -4.067474365234375e+00 3.472133636474609e+01
dst volume info
valid = 1  # volume info valid
filename = /out/sourcedata/freesurfer/sub-v2s13x29109_ses-1/mri/norm.mgz
volume = 256 256 256
voxelsize = 8.984375000000000e-01 8.984375000000000e-01 8.984375000000000e-01
xras   = -1.000000119209290e+00 -1.044700992380854e-09 -4.859074254071061e-11
yras   = 6.478765440798284e-11 3.317127905688722e-08 -1.000000000000000e+00
zras   = 1.008257921597533e-09 1.000000000000000e+00 0.000000000000000e+00
cras   = 2.525581359863281e+00 -4.067474365234375e+00 3.472133636474609e+01
