type      = 0 # LINEAR_VOX_TO_VOX
nxforms   = 1
mean      = 0.0000 0.0000 0.0000
sigma     = 1.0000
1 4 4
8.961529135704041e-01 -5.776055157184601e-03 -1.735961064696312e-02 1.468434906005859e+01 
3.799492260441184e-03 9.425328373908997e-01 1.689727306365967e-01 -2.861149597167969e+01 
1.541718840599060e-02 -1.547980606555939e-01 9.010186791419983e-01 1.454164123535156e+01 
0.000000000000000e+00 0.000000000000000e+00 0.000000000000000e+00 1.000000000000000e+00 
src volume info
valid = 1  # volume info valid
filename = /out/sourcedata/freesurfer/sub-v2s13x29109_ses-1/mri/orig.mgz
volume = 256 256 256
voxelsize = 8.984375000000000e-01 8.984375000000000e-01 8.984375000000000e-01
xras   = -1.000000119209290e+00 -1.044700992380854e-09 -4.859074254071061e-11
yras   = 6.478765440798284e-11 3.317127905688722e-08 -1.000000000000000e+00
zras   = 1.008257921597533e-09 1.000000000000000e+00 0.000000000000000e+00
cras   = 2.525581359863281e+00 -4.067474365234375e+00 3.472133636474609e+01
dst volume info
valid = 1  # volume info valid
filename = /opt/freesurfer/average/mni305.cor.mgz
volume = 256 256 256
voxelsize = 1.000000000000000e+00 1.000000000000000e+00 1.000000000000000e+00
xras   = -1.000000000000000e+00 0.000000000000000e+00 0.000000000000000e+00
yras   = 0.000000000000000e+00 0.000000000000000e+00 -1.000000000000000e+00
zras   = 0.000000000000000e+00 1.000000000000000e+00 0.000000000000000e+00
cras   = 0.000000000000000e+00 0.000000000000000e+00 0.000000000000000e+00
subject fsaverage
fscale 0.100000
