# transform file transforms/talairach.lta
# created by oesteban on Wed Mar 11 04:01:57 2026

type      = 0 # LINEAR_VOX_TO_VOX
nxforms   = 1
mean      = 129.0000 140.0000 128.0000
sigma     = 10000.0000
1 4 4
8.975089788436890e-01 -9.874730370938778e-03 -3.209694474935532e-02 1.489755439758301e+01 
1.485245674848557e-02 9.595852494239807e-01 1.931553632020950e-01 -3.581833267211914e+01 
2.899792790412903e-02 -1.842924356460571e-01 8.630660176277161e-01 2.207133102416992e+01 
0.000000000000000e+00 0.000000000000000e+00 0.000000000000000e+00 1.000000000000000e+00 
src volume info
valid = 1  # volume info valid
filename = nu.mgz
volume = 256 256 256
voxelsize = 8.984375000000000e-01 8.984375000000000e-01 8.984375000000000e-01
xras   = -1.000000119209290e+00 -1.044700992380854e-09 -4.859074254071061e-11
yras   = 6.478765440798284e-11 3.317127905688722e-08 -1.000000000000000e+00
zras   = 1.008257921597533e-09 1.000000000000000e+00 0.000000000000000e+00
cras   = 2.525581359863281e+00 -4.067474365234375e+00 3.472133636474609e+01
dst volume info
valid = 1  # volume info valid
filename = /opt/freesurfer/average/RB_all_2020-01-02.gca
volume = 256 256 256
voxelsize = 1.000000000000000e+00 1.000000000000000e+00 1.000000000000000e+00
xras   = -1.000000000000000e+00 0.000000000000000e+00 0.000000000000000e+00
yras   = 0.000000000000000e+00 0.000000000000000e+00 -1.000000000000000e+00
zras   = 0.000000000000000e+00 1.000000000000000e+00 0.000000000000000e+00
cras   = 0.000000000000000e+00 0.000000000000000e+00 0.000000000000000e+00
