# transform file /out/sourcedata/freesurfer/sub-v2s13x29100_ses-1/mri/transforms/cc_up.lta
# created by oesteban on Wed Mar 11 04:44:37 2026

type      = 0 # LINEAR_VOX_TO_VOX
nxforms   = 1
mean      = 128.0000 141.0000 125.0000
sigma     = 10000.0000
1 4 4
9.977567791938782e-01 -5.900035053491592e-02 3.162451833486557e-02 5.664818286895752e+00 
5.897073447704315e-02 9.982578158378601e-01 1.869113766588271e-03 5.601700544357300e-01 
-3.167970478534698e-02 1.164153079491470e-10 9.994979500770569e-01 1.204878234863281e+01 
0.000000000000000e+00 0.000000000000000e+00 0.000000000000000e+00 1.000000000000000e+00 
src volume info
valid = 1  # volume info valid
filename = /out/sourcedata/freesurfer/sub-v2s13x29100_ses-1/mri/norm.mgz
volume = 256 256 256
voxelsize = 8.984375000000000e-01 8.984375000000000e-01 8.984375000000000e-01
xras   = -1.000000238418579e+00 1.619691360199571e-11 -6.478765440798284e-11
yras   = 0.000000000000000e+00 -3.317127905688722e-08 -1.000000119209290e+00
zras   = 1.619691360199571e-11 1.000000119209290e+00 -1.658563952844361e-08
cras   = 3.780799865722656e+00 -2.831817626953125e+00 2.961233520507812e+01
dst volume info
valid = 1  # volume info valid
filename = /out/sourcedata/freesurfer/sub-v2s13x29100_ses-1/mri/norm.mgz
volume = 256 256 256
voxelsize = 8.984375000000000e-01 8.984375000000000e-01 8.984375000000000e-01
xras   = -1.000000238418579e+00 1.619691360199571e-11 -6.478765440798284e-11
yras   = 0.000000000000000e+00 -3.317127905688722e-08 -1.000000119209290e+00
zras   = 1.619691360199571e-11 1.000000119209290e+00 -1.658563952844361e-08
cras   = 3.780799865722656e+00 -2.831817626953125e+00 2.961233520507812e+01
