type      = 0 # LINEAR_VOX_TO_VOX
nxforms   = 1
mean      = 0.0000 0.0000 0.0000
sigma     = 1.0000
1 4 4
1.033505320549011e+00 -5.910012125968933e-02 3.399059176445007e-02 8.198547363281250e-01 
1.244695577770472e-02 1.038349509239197e+00 2.187578976154327e-01 -4.852229309082031e+01 
-4.311872273683548e-02 -2.180715054273605e-01 9.231491684913635e-01 3.128450012207031e+01 
0.000000000000000e+00 0.000000000000000e+00 0.000000000000000e+00 1.000000000000000e+00 
src volume info
valid = 1  # volume info valid
filename = /out/sourcedata/freesurfer/sub-v2s13x29100_ses-1/mri/orig.mgz
volume = 256 256 256
voxelsize = 8.984375000000000e-01 8.984375000000000e-01 8.984375000000000e-01
xras   = -1.000000238418579e+00 1.619691360199571e-11 -6.478765440798284e-11
yras   = 0.000000000000000e+00 -3.317127905688722e-08 -1.000000119209290e+00
zras   = 1.619691360199571e-11 1.000000119209290e+00 -1.658563952844361e-08
cras   = 3.780799865722656e+00 -2.831817626953125e+00 2.961233520507812e+01
dst volume info
valid = 1  # volume info valid
filename = /opt/freesurfer/average/mni305.cor.mgz
volume = 256 256 256
voxelsize = 1.000000000000000e+00 1.000000000000000e+00 1.000000000000000e+00
xras   = -1.000000000000000e+00 0.000000000000000e+00 0.000000000000000e+00
yras   = 0.000000000000000e+00 0.000000000000000e+00 -1.000000000000000e+00
zras   = 0.000000000000000e+00 1.000000000000000e+00 0.000000000000000e+00
cras   = 0.000000000000000e+00 0.000000000000000e+00 0.000000000000000e+00
subject fsaverage
fscale 0.100000
