# transform file transforms/talairach.lta
# created by oesteban on Wed Mar 11 03:26:50 2026

type      = 0 # LINEAR_VOX_TO_VOX
nxforms   = 1
mean      = 128.0000 142.0000 125.0000
sigma     = 10000.0000
1 4 4
1.036759734153748e+00 -6.076756119728088e-02 2.679648064076900e-02 -1.826882064342499e-01 
5.104621872305870e-02 1.063030600547791e+00 2.001007795333862e-01 -5.487250137329102e+01 
-2.580392919480801e-02 -1.938988268375397e-01 9.145335555076599e-01 2.725553131103516e+01 
0.000000000000000e+00 0.000000000000000e+00 0.000000000000000e+00 1.000000000000000e+00 
src volume info
valid = 1  # volume info valid
filename = nu.mgz
volume = 256 256 256
voxelsize = 8.984375000000000e-01 8.984375000000000e-01 8.984375000000000e-01
xras   = -1.000000238418579e+00 1.619691360199571e-11 -6.478765440798284e-11
yras   = 0.000000000000000e+00 -3.317127905688722e-08 -1.000000119209290e+00
zras   = 1.619691360199571e-11 1.000000119209290e+00 -1.658563952844361e-08
cras   = 3.780799865722656e+00 -2.831817626953125e+00 2.961233520507812e+01
dst volume info
valid = 1  # volume info valid
filename = /opt/freesurfer/average/RB_all_2020-01-02.gca
volume = 256 256 256
voxelsize = 1.000000000000000e+00 1.000000000000000e+00 1.000000000000000e+00
xras   = -1.000000000000000e+00 0.000000000000000e+00 0.000000000000000e+00
yras   = 0.000000000000000e+00 0.000000000000000e+00 -1.000000000000000e+00
zras   = 0.000000000000000e+00 1.000000000000000e+00 0.000000000000000e+00
cras   = 0.000000000000000e+00 0.000000000000000e+00 0.000000000000000e+00
