type      = 1 # LINEAR_RAS_TO_RAS
nxforms   = 1
mean      = 0.0000 0.0000 0.0000
sigma     = 1.0000
1 4 4
1.150336027145386e+00 -3.783300146460533e-02 -6.578099727630615e-02 -4.402907848358154e+00 
4.799300059676170e-02 1.027505040168762e+00 2.427230030298233e-01 -1.644409179687500e+01 
1.385399978607893e-02 -2.434870004653931e-01 1.155727982521057e+00 -2.094635009765625e+01 
0.000000000000000e+00 0.000000000000000e+00 0.000000000000000e+00 1.000000000000000e+00 
src volume info
valid = 1  # volume info valid
filename = /out/sourcedata/freesurfer/sub-v2s13x29100_ses-1/mri/orig_nu.mgz
volume = 256 256 256
voxelsize = 8.984375000000000e-01 8.984375000000000e-01 8.984375000000000e-01
xras   = -1.000000238418579e+00 1.619691360199571e-11 -6.478765440798284e-11
yras   = 0.000000000000000e+00 -3.317127905688722e-08 -1.000000119209290e+00
zras   = 1.619691360199571e-11 1.000000119209290e+00 -1.658563952844361e-08
cras   = 3.780799865722656e+00 -2.831817626953125e+00 2.961233520507812e+01
dst volume info
valid = 1  # volume info valid
filename = /opt/freesurfer/average/mni305.cor.mgz
volume = 256 256 256
voxelsize = 1.000000000000000e+00 1.000000000000000e+00 1.000000000000000e+00
xras   = -1.000000000000000e+00 0.000000000000000e+00 0.000000000000000e+00
yras   = 0.000000000000000e+00 0.000000000000000e+00 -1.000000000000000e+00
zras   = 0.000000000000000e+00 1.000000000000000e+00 0.000000000000000e+00
cras   = 0.000000000000000e+00 0.000000000000000e+00 0.000000000000000e+00
subject fsaverage
fscale 0.100000
