#Insight Transform File V1.0
#Transform 0
Transform: AffineTransform_float_3_3
Parameters: 0.999998 0.00138361 -0.00140051 -0.00138194 0.999999 0.00101296 0.00140248 -0.0010113 0.999998 -0.0667994 -0.115182 0.0167567
FixedParameters: 0 0 0

#Transform 1
Transform: AffineTransform_float_3_3
Parameters: 0.999999 0.00151684 -0.0010646 -0.00151682 0.999999 0.000557257 0.00106546 -0.00055565 0.999999 -0.0755051 -0.0979205 0.061595
FixedParameters: 0 0 0

#Transform 2
Transform: AffineTransform_float_3_3
Parameters: 0.999999 0.000715301 -0.00131064 -0.000714521 0.999999 0.000373416 0.00131019 -0.000372124 0.999999 -0.00742778 -0.0835392 0.137461
FixedParameters: 0 0 0

#Transform 3
Transform: AffineTransform_float_3_3
Parameters: 0.999998 0.00141438 -0.00150318 -0.00141465 0.999999 0.000306243 0.00150322 -0.000303859 0.999999 -0.0207378 -0.103604 0.160798
FixedParameters: 0 0 0

#Transform 4
Transform: AffineTransform_float_3_3
Parameters: 0.999998 0.00181504 -0.00101472 -0.001809 0.999979 0.0063114 0.00102565 -0.00631016 0.99998 -0.00588683 -0.0677953 0.0362722
FixedParameters: 0 0 0

#Transform 5
Transform: AffineTransform_float_3_3
Parameters: 0.999999 0.00101771 0.00146315 -0.00101283 0.999993 -0.00347527 -0.00146618 0.00347354 0.999993 -0.0280086 0.229807 0.047498
FixedParameters: 0 0 0

#Transform 6
Transform: AffineTransform_float_3_3
Parameters: 0.999999 0.000550493 0.000553943 -0.000548351 0.999992 -0.00412072 -0.000555974 0.00412008 0.999992 0.049409 0.0348732 -0.0255057
FixedParameters: 0 0 0

#Transform 7
Transform: AffineTransform_float_3_3
Parameters: 0.999999 -0.000240261 0.000711593 0.000241038 1 -0.00054551 -0.00071133 0.000545852 0.999999 -0.0116161 -0.0337476 -0.0131018
FixedParameters: 0 0 0

#Transform 8
Transform: AffineTransform_float_3_3
Parameters: 0.999999 0.000726208 -5.63513e-05 -0.000726085 0.999999 -0.000466478 5.66582e-05 0.000466551 1 0.015439 -0.090012 0.0476315
FixedParameters: 0 0 0

#Transform 9
Transform: AffineTransform_float_3_3
Parameters: 0.999999 0.000726172 -6.10672e-05 -0.000726091 1 -0.000933628 6.06926e-05 0.00093336 0.999999 0.0119752 -0.044398 0.120903
FixedParameters: 0 0 0

#Transform 10
Transform: AffineTransform_float_3_3
Parameters: 1 0.000275197 -0.000536253 -0.000275467 1 -0.000251849 0.000536114 0.000252144 1 0.0549645 -0.0833178 0.114484
FixedParameters: 0 0 0

#Transform 11
Transform: AffineTransform_float_3_3
Parameters: 1 -0.000370033 -0.000381189 0.000369491 0.999999 -0.000711586 0.000381715 0.000711304 0.999999 0.0265624 -0.0145979 -0.00103605
FixedParameters: 0 0 0

#Transform 12
Transform: AffineTransform_float_3_3
Parameters: 1 2.55176e-05 -0.000277614 -2.49377e-05 0.999999 -0.000728425 0.000277401 0.000728441 0.999999 0.0314114 -0.0378944 0.0371662
FixedParameters: 0 0 0

#Transform 13
Transform: AffineTransform_float_3_3
Parameters: 1 -0.000144755 -0.000519194 0.000143901 0.999999 -0.00082224 0.000519431 0.000822091 0.999999 0.0329415 0.00245945 -0.0123819
FixedParameters: 0 0 0

#Transform 14
Transform: AffineTransform_float_3_3
Parameters: 0.999999 0.000519239 0.000584361 -0.000518584 0.999999 -0.000559821 -0.000584942 0.000559215 0.999999 -0.00896347 -0.0111182 0.0751704
FixedParameters: 0 0 0

#Transform 15
Transform: AffineTransform_float_3_3
Parameters: 0.999999 0.000674592 -0.00023383 -0.000674659 1 -0.00014368 0.000233636 0.000143996 1 -0.0132868 -0.0193053 0.0096139
FixedParameters: 0 0 0

#Transform 16
Transform: AffineTransform_float_3_3
Parameters: 1 3.76118e-05 4.91797e-05 -3.77077e-05 0.999999 0.000975578 -4.91062e-05 -0.000975582 0.999999 0.0131661 -0.0926355 0.0725961
FixedParameters: 0 0 0

#Transform 17
Transform: AffineTransform_float_3_3
Parameters: 1 -0.0002779 -0.000420809 0.00027826 1 0.000427852 0.000420571 -0.000428086 1 0.0568678 -0.064519 0.0705595
FixedParameters: 0 0 0

#Transform 18
Transform: AffineTransform_float_3_3
Parameters: 1 -0.000519288 -0.000136661 0.000519508 0.999999 0.000809257 0.000135821 -0.000809399 0.999999 0.0210149 -0.0648341 0.0604047
FixedParameters: 0 0 0

#Transform 19
Transform: AffineTransform_float_3_3
Parameters: 1 -0.000563617 -0.000383139 0.000564571 0.999999 0.00121841 0.000381773 -0.0012179 0.999999 0.0418126 -0.0568465 0.0358358
FixedParameters: 0 0 0

#Transform 20
Transform: AffineTransform_float_3_3
Parameters: 1 2.66823e-05 -0.000150395 -2.66287e-05 1 0.00017842 0.000150405 -0.000178412 1 0.0103445 -0.000489828 -0.00127015
FixedParameters: 0 0 0

#Transform 21
Transform: AffineTransform_float_3_3
Parameters: 1 -0.000106921 -0.00029298 0.000107226 1 0.000521739 0.000292868 -0.000521802 1 0.0077186 -0.0581147 0.0299278
FixedParameters: 0 0 0

#Transform 22
Transform: AffineTransform_float_3_3
Parameters: 1 0.00023695 0.000404541 -0.000237717 0.999999 0.000949323 -0.000404087 -0.000949169 1 -0.0369888 -0.0327665 0.0245753
FixedParameters: 0 0 0

#Transform 23
Transform: AffineTransform_float_3_3
Parameters: 0.999999 0.000220117 -0.00078041 -0.00022019 1 -4.65262e-05 0.000780389 4.68698e-05 0.999999 0.0101786 0.0482146 -0.0333455
FixedParameters: 0 0 0

#Transform 24
Transform: AffineTransform_float_3_3
Parameters: 0.999999 0.00161956 0.000801692 -0.00162193 0.999994 0.00292028 -0.000796681 -0.00292189 0.999996 -0.102856 -0.166129 0.127173
FixedParameters: 0 0 0

#Transform 25
Transform: AffineTransform_float_3_3
Parameters: 0.999999 0.000551241 -0.00120021 -0.000553019 0.999999 -0.00164116 0.00119902 0.00164154 0.999998 0.0180457 -0.0140896 0.00468694
FixedParameters: 0 0 0

#Transform 26
Transform: AffineTransform_float_3_3
Parameters: 1 0.00064166 4.65862e-05 -0.000641459 0.999989 -0.00469172 -4.94779e-05 0.00469163 0.999989 -0.0106482 0.138008 -0.0673926
FixedParameters: 0 0 0

#Transform 27
Transform: AffineTransform_float_3_3
Parameters: 1 0.000243663 -0.000439381 -0.000244712 0.999996 -0.0025789 0.00043893 0.00257911 0.999996 0.0057793 -0.0268616 -0.0212526
FixedParameters: 0 0 0

#Transform 28
Transform: AffineTransform_float_3_3
Parameters: 1 0.000438322 2.79533e-05 -0.000437921 0.999997 -0.00262459 -2.9272e-05 0.00262421 0.999996 -0.002034 -0.0390269 0.0175308
FixedParameters: 0 0 0

#Transform 29
Transform: AffineTransform_float_3_3
Parameters: 1 0.000336711 -0.00051381 -0.000337357 0.999998 -0.0016061 0.000512552 0.00160645 0.999998 -3.51718e-07 -0.0273344 -0.02639
FixedParameters: 0 0 0

#Transform 30
Transform: AffineTransform_float_3_3
Parameters: 1 -2.21602e-05 0.000306784 2.25486e-05 0.999997 -0.00217696 -0.000306511 0.00217697 0.999997 -0.0190942 0.0795695 0.0130899
FixedParameters: 0 0 0

#Transform 31
Transform: AffineTransform_float_3_3
Parameters: 1 -0.000448787 -0.000272804 0.000448106 1 -0.000965622 0.000272695 0.000966325 1 0.043993 -0.0199878 0.0285839
FixedParameters: 0 0 0

#Transform 32
Transform: AffineTransform_float_3_3
Parameters: 1 -0.000449219 0.000461309 0.000449959 0.999999 -0.000802131 -0.000460588 0.000802546 0.999999 -0.015678 -0.0158391 0.0378733
FixedParameters: 0 0 0

#Transform 33
Transform: AffineTransform_float_3_3
Parameters: 1 -0.000383995 8.24906e-05 0.000384087 0.999999 -0.00151579 -8.23108e-05 0.00151586 0.999999 0.0470008 -0.00750109 0.062119
FixedParameters: 0 0 0

#Transform 34
Transform: AffineTransform_float_3_3
Parameters: 1 -0.000486128 -0.000488706 0.000484708 0.999997 -0.00233474 0.000489812 0.00233427 0.999997 0.0311014 -0.00601669 -0.0219725
FixedParameters: 0 0 0

#Transform 35
Transform: AffineTransform_float_3_3
Parameters: 1 -0.000450332 -0.000288201 0.000449086 0.999998 -0.00191949 0.000288943 0.00191924 0.999998 0.0434452 -0.026085 0.0305712
FixedParameters: 0 0 0

#Transform 36
Transform: AffineTransform_float_3_3
Parameters: 1 -0.000344987 0.000286399 0.000345442 0.999997 -0.00269468 -0.000285347 0.00269489 0.999997 0.0183477 0.0395185 -0.00223218
FixedParameters: 0 0 0

#Transform 37
Transform: AffineTransform_float_3_3
Parameters: 0.999997 -0.00213973 0.000199816 0.00213814 0.999958 0.00889048 -0.000218793 -0.00888952 0.999961 0.0178763 -0.177847 0.511239
FixedParameters: 0 0 0

#Transform 38
Transform: AffineTransform_float_3_3
Parameters: 0.999997 -0.00257397 0.000888644 0.00256062 0.999897 0.0141457 -0.000925586 -0.0141437 0.999899 0.0556024 -0.439409 0.533531
FixedParameters: 0 0 0

#Transform 39
Transform: AffineTransform_float_3_3
Parameters: 0.999999 -0.000446261 0.00071744 0.000446664 0.999999 -0.0010784 -0.000717295 0.00107811 0.999999 0.010209 0.105342 0.140113
FixedParameters: 0 0 0

#Transform 40
Transform: AffineTransform_float_3_3
Parameters: 1 7.28157e-05 -0.00013006 -7.38904e-05 0.999981 -0.00624706 0.000130127 0.00624707 0.999981 0.0682508 0.247574 0.0607755
FixedParameters: 0 0 0

#Transform 41
Transform: AffineTransform_float_3_3
Parameters: 1 -0.000377814 -0.000138334 0.000376182 0.999944 -0.0105572 0.000142177 0.0105571 0.999945 0.0694281 0.27039 -0.159475
FixedParameters: 0 0 0

#Transform 42
Transform: AffineTransform_float_3_3
Parameters: 0.999999 -9.93756e-05 -0.00134281 8.83825e-05 0.999967 -0.00803771 0.00134354 0.00803781 0.999967 0.0920215 0.111895 -0.140322
FixedParameters: 0 0 0

#Transform 43
Transform: AffineTransform_float_3_3
Parameters: 1 -0.000440633 -0.000560881 0.000435904 0.999961 -0.00873732 0.000564704 0.00873686 0.999961 0.0596028 0.107658 -0.0788424
FixedParameters: 0 0 0

#Transform 44
Transform: AffineTransform_float_3_3
Parameters: 0.999999 -0.000123636 -0.000926082 0.000116381 0.999973 -0.00737557 0.000926798 0.00737571 0.999973 0.0647654 0.0718946 -0.0814593
FixedParameters: 0 0 0

#Transform 45
Transform: AffineTransform_float_3_3
Parameters: 0.999999 -0.000186527 -0.0014415 0.000178195 0.999983 -0.00578283 0.00144319 0.00578265 0.999982 0.0288481 0.0938014 -0.0610125
FixedParameters: 0 0 0

#Transform 46
Transform: AffineTransform_float_3_3
Parameters: 0.999999 0.000294139 -0.0012935 -0.000301124 0.999986 -0.00528255 0.00129225 0.00528271 0.999986 0.0320209 0.134202 -0.0472955
FixedParameters: 0 0 0

#Transform 47
Transform: AffineTransform_float_3_3
Parameters: 0.999999 0.000364605 -0.00091402 -0.000370585 0.999983 -0.00590337 0.000911919 0.00590308 0.999982 -0.0140005 0.131845 -0.0786634
FixedParameters: 0 0 0

#Transform 48
Transform: AffineTransform_float_3_3
Parameters: 0.999999 0.000614013 -0.000697194 -0.000618034 0.999983 -0.00574732 0.000693512 0.0057472 0.999984 0.00635931 0.0844335 -0.0392659
FixedParameters: 0 0 0

#Transform 49
Transform: AffineTransform_float_3_3
Parameters: 1 -2.78515e-05 -0.000542927 2.67321e-05 0.999998 -0.00197201 0.000542859 0.00197199 0.999998 -0.0159271 0.0168416 0.0847463
FixedParameters: 0 0 0

#Transform 50
Transform: AffineTransform_float_3_3
Parameters: 1 1.33173e-05 -0.000325187 -1.43895e-05 0.999994 -0.00330792 0.000324922 0.00330828 0.999995 0.033207 0.0541774 0.0336431
FixedParameters: 0 0 0

#Transform 51
Transform: AffineTransform_float_3_3
Parameters: 1 -0.000247932 -0.000390409 0.000245855 0.999992 -0.00386042 0.000391158 0.00386058 0.999993 0.0237766 0.0580963 -0.107078
FixedParameters: 0 0 0

#Transform 52
Transform: AffineTransform_float_3_3
Parameters: 0.999999 -8.10337e-05 -0.000835013 8.04694e-05 0.999999 -0.00152814 0.000834911 0.00152835 0.999999 0.0497138 -0.0219071 0.00259132
FixedParameters: 0 0 0

#Transform 53
Transform: AffineTransform_float_3_3
Parameters: 0.999998 -0.00192055 0.00028306 0.00191694 0.999916 0.0128239 -0.000307314 -0.0128228 0.999917 0.298458 0.0761453 -4.80094
FixedParameters: 0 0 0

#Transform 54
Transform: AffineTransform_float_3_3
Parameters: 0.999969 -0.00133048 0.00777285 0.00139558 0.999964 -0.00843168 -0.0077615 0.00844252 0.999934 -0.305831 0.553445 -4.62406
FixedParameters: 0 0 0

#Transform 55
Transform: AffineTransform_float_3_3
Parameters: 0.999987 0.00165486 0.00479738 -0.00157086 0.999845 -0.0175297 -0.00482504 0.0175221 0.999835 -0.123096 0.398757 -4.02679
FixedParameters: 0 0 0

#Transform 56
Transform: AffineTransform_float_3_3
Parameters: 0.999994 0.00110319 0.0032962 -0.00106783 0.999941 -0.0107399 -0.00330787 0.010737 0.999937 -0.0654269 0.119768 -3.77993
FixedParameters: 0 0 0

#Transform 57
Transform: AffineTransform_float_3_3
Parameters: 0.999992 0.00175688 0.0035037 -0.00173199 0.999971 -0.00736036 -0.00351633 0.00735416 0.999967 -0.0501036 0.130203 -3.7468
FixedParameters: 0 0 0

#Transform 58
Transform: AffineTransform_float_3_3
Parameters: 0.999996 0.00105443 0.00264372 -0.00103829 0.999979 -0.00624224 -0.00265064 0.00623897 0.999977 -0.0425959 0.211608 -3.7576
FixedParameters: 0 0 0

#Transform 59
Transform: AffineTransform_float_3_3
Parameters: 0.999993 0.00214467 0.00278402 -0.00212139 0.999962 -0.0084141 -0.0028023 0.0084081 0.99996 -0.0561064 0.194885 -3.75822
FixedParameters: 0 0 0

#Transform 60
Transform: AffineTransform_float_3_3
Parameters: 0.999995 0.00164425 0.0028776 -0.00160765 0.999921 -0.0125189 -0.00289843 0.0125144 0.999917 -0.0646588 0.329909 -3.85313
FixedParameters: 0 0 0

#Transform 61
Transform: AffineTransform_float_3_3
Parameters: 0.999996 0.00153586 0.00236754 -0.00151172 0.999947 -0.0101168 -0.00238374 0.0101137 0.999946 -0.0115287 0.276786 -3.80138
FixedParameters: 0 0 0

#Transform 62
Transform: AffineTransform_float_3_3
Parameters: 0.999996 0.00107099 0.00271861 -0.0010177 0.999807 -0.0196176 -0.00273916 0.0196153 0.999804 -0.0274482 0.399562 -4.20058
FixedParameters: 0 0 0

#Transform 63
Transform: AffineTransform_float_3_3
Parameters: 0.999989 0.00339875 0.00332772 -0.00332336 0.999744 -0.0224088 -0.00340299 0.0223975 0.999744 -0.0508766 0.704209 -4.22171
FixedParameters: 0 0 0

#Transform 64
Transform: AffineTransform_float_3_3
Parameters: 0.999994 0.00231305 0.00246104 -0.00228821 0.999945 -0.0101731 -0.00248479 0.0101673 0.999945 -0.0400707 0.0424849 -3.68369
FixedParameters: 0 0 0

#Transform 65
Transform: AffineTransform_float_3_3
Parameters: 0.999997 0.00185212 0.00157867 -0.00184274 0.999983 -0.00548803 -0.00158829 0.00548524 0.999984 -0.0433795 -0.0293443 -3.45865
FixedParameters: 0 0 0

#Transform 66
Transform: AffineTransform_float_3_3
Parameters: 0.999997 0.00191923 0.00132884 -0.0019122 0.999986 -0.00498147 -0.00133861 0.00497909 0.999987 -0.0487493 0.113885 -3.52823
FixedParameters: 0 0 0

#Transform 67
Transform: AffineTransform_float_3_3
Parameters: 0.999998 0.00227954 -0.000268017 -0.00228237 0.999924 -0.0121282 0.000240773 0.0121293 0.999927 0.0551127 0.391015 -3.86239
FixedParameters: 0 0 0

#Transform 68
Transform: AffineTransform_float_3_3
Parameters: 0.999999 0.000926361 0.000998505 -0.000921409 0.999985 -0.00543162 -0.00100336 0.00543066 0.999984 0.0881053 0.0485087 -3.59391
FixedParameters: 0 0 0

#Transform 69
Transform: AffineTransform_float_3_3
Parameters: 0.999999 0.000991686 -0.000288712 -0.000996492 0.999825 -0.0187132 0.000270367 0.0187133 0.999825 0.113767 0.572338 -3.78847
FixedParameters: 0 0 0

#Transform 70
Transform: AffineTransform_float_3_3
Parameters: 0.999999 0.00174429 -0.000454904 -0.00175282 0.999793 -0.0202314 0.00041974 0.0202323 0.999795 0.107502 0.46913 -3.93426
FixedParameters: 0 0 0

#Transform 71
Transform: AffineTransform_float_3_3
Parameters: 0.999999 0.000823179 -0.000441133 -0.00083143 0.999821 -0.0189377 0.000425178 0.0189379 0.99982 0.11914 0.444513 -3.80482
FixedParameters: 0 0 0

#Transform 72
Transform: AffineTransform_float_3_3
Parameters: 1 0.00120499 -0.000173365 -0.00120789 0.999836 -0.0180784 0.000152094 0.0180792 0.999836 0.114763 0.351482 -3.82461
FixedParameters: 0 0 0

#Transform 73
Transform: AffineTransform_float_3_3
Parameters: 0.999999 0.000247568 -0.00104452 -0.00026828 0.9998 -0.0199597 0.00103928 0.0199605 0.9998 0.145768 0.52908 -3.81545
FixedParameters: 0 0 0

#Transform 74
Transform: AffineTransform_float_3_3
Parameters: 0.999999 0.00149648 0.000177607 -0.00149308 0.999819 -0.0189451 -0.000206548 0.0189452 0.999821 0.0914508 0.451074 -3.88187
FixedParameters: 0 0 0

#Transform 75
Transform: AffineTransform_float_3_3
Parameters: 0.999998 0.00204806 -5.45731e-05 -0.00204883 0.999807 -0.0195131 1.47623e-05 0.0195131 0.999809 0.0520324 0.498908 -3.94616
FixedParameters: 0 0 0

#Transform 76
Transform: AffineTransform_float_3_3
Parameters: 0.999998 0.0021919 0.000690877 -0.00217962 0.999836 -0.0179847 -0.000730013 0.0179824 0.999838 0.0483699 0.40182 -3.81152
FixedParameters: 0 0 0

#Transform 77
Transform: AffineTransform_float_3_3
Parameters: 1 0.000628879 -0.00105439 -0.000645811 0.999866 -0.0163743 0.00104302 0.0163746 0.999866 0.0999998 0.413612 -3.56343
FixedParameters: 0 0 0

#Transform 78
Transform: AffineTransform_float_3_3
Parameters: 0.999999 0.00122745 9.44588e-05 -0.00122613 0.99991 -0.013354 -0.00011042 0.0133542 0.999911 0.108408 0.290689 -3.5619
FixedParameters: 0 0 0

#Transform 79
Transform: AffineTransform_float_3_3
Parameters: 1 0.000427631 -0.000273516 -0.000431361 0.9999 -0.014139 0.000267093 0.0141392 0.9999 0.130561 0.353313 -3.62019
FixedParameters: 0 0 0

#Transform 80
Transform: AffineTransform_float_3_3
Parameters: 0.999999 0.000652393 0.000219085 -0.000650018 0.999924 -0.0122729 -0.000226136 0.0122734 0.999924 0.112288 0.287258 -3.59112
FixedParameters: 0 0 0

#Transform 81
Transform: AffineTransform_float_3_3
Parameters: 0.999999 0.00023619 0.000764331 -0.000226859 0.999927 -0.0121429 -0.000767038 0.0121425 0.999926 0.0982125 0.33212 -3.59766
FixedParameters: 0 0 0

#Transform 82
Transform: AffineTransform_float_3_3
Parameters: 0.999999 5.62809e-05 0.000748613 -4.7252e-05 0.99993 -0.0118416 -0.000749067 0.0118415 0.999929 0.126992 0.281542 -3.54383
FixedParameters: 0 0 0

#Transform 83
Transform: AffineTransform_float_3_3
Parameters: 1 -0.000157228 0.000168669 0.00015895 0.999936 -0.0113632 -0.000166524 0.0113629 0.999935 0.130595 0.31795 -3.62846
FixedParameters: 0 0 0

#Transform 84
Transform: AffineTransform_float_3_3
Parameters: 0.999999 -0.000470757 0.000560854 0.000476853 0.999943 -0.0107214 -0.000555547 0.010722 0.999943 0.143419 0.319226 -3.5777
FixedParameters: 0 0 0

#Transform 85
Transform: AffineTransform_float_3_3
Parameters: 1 -0.000298439 0.000370397 0.000302652 0.999933 -0.0116208 -0.000366473 0.0116211 0.999933 0.139429 0.331576 -3.63483
FixedParameters: 0 0 0

#Transform 86
Transform: AffineTransform_float_3_3
Parameters: 1 6.37321e-05 0.00111111 -5.15442e-05 0.999937 -0.0112418 -0.00111092 0.011242 0.999936 0.109632 0.336486 -3.56155
FixedParameters: 0 0 0

#Transform 87
Transform: AffineTransform_float_3_3
Parameters: 1 -5.00338e-05 0.000514406 5.54503e-05 0.999937 -0.0111781 -0.000513964 0.0111785 0.999938 0.115845 0.323902 -3.62399
FixedParameters: 0 0 0

#Transform 88
Transform: AffineTransform_float_3_3
Parameters: 1 -0.000395028 0.000478693 0.000399306 0.999954 -0.00964368 -0.000475077 0.00964409 0.999954 0.144941 0.272169 -3.50912
FixedParameters: 0 0 0

#Transform 89
Transform: AffineTransform_float_3_3
Parameters: 1 -0.000497194 0.000828847 0.00050614 0.999946 -0.0103306 -0.000823964 0.0103318 0.999947 0.142452 0.301328 -3.62777
FixedParameters: 0 0 0

#Transform 90
Transform: AffineTransform_float_3_3
Parameters: 1 -0.000221259 0.000885564 0.000230392 0.999945 -0.0105465 -0.000882991 0.010546 0.999944 0.130246 0.316974 -3.5386
FixedParameters: 0 0 0

#Transform 91
Transform: AffineTransform_float_3_3
Parameters: 0.999999 0.000315082 0.000599703 -0.00030895 0.999952 -0.00978927 -0.000602614 0.00978887 0.999952 0.113123 0.231157 -3.54995
FixedParameters: 0 0 0

#Transform 92
Transform: AffineTransform_float_3_3
Parameters: 1 0.000392922 0.000379426 -0.000391248 0.999986 -0.00527697 -0.000381068 0.00527665 0.999986 0.137629 0.132984 -3.46961
FixedParameters: 0 0 0

#Transform 93
Transform: AffineTransform_float_3_3
Parameters: 1 0.000179259 0.000340096 -0.000175975 0.999958 -0.00917767 -0.000341671 0.00917753 0.999958 0.135581 0.308716 -3.62247
FixedParameters: 0 0 0

#Transform 94
Transform: AffineTransform_float_3_3
Parameters: 0.999999 0.00119524 0.000979768 -0.00118365 0.999936 -0.011276 -0.000993295 0.0112745 0.999936 0.0816511 0.403659 -3.48518
FixedParameters: 0 0 0

#Transform 95
Transform: AffineTransform_float_3_3
Parameters: 0.999999 0.000879509 0.000835702 -0.000869801 0.999941 -0.0108312 -0.000845817 0.0108306 0.999941 0.0739251 0.298076 -3.502
FixedParameters: 0 0 0

#Transform 96
Transform: AffineTransform_float_3_3
Parameters: 0.999998 0.00209631 0.000909485 -0.00208607 0.999937 -0.0110465 -0.000933344 0.0110439 0.999939 0.0712868 0.329052 -3.50437
FixedParameters: 0 0 0

#Transform 97
Transform: AffineTransform_float_3_3
Parameters: 0.999996 0.0024351 0.00135012 -0.00241525 0.999898 -0.0140301 -0.00138403 0.0140269 0.999901 0.0309652 0.454111 -3.49473
FixedParameters: 0 0 0

#Transform 98
Transform: AffineTransform_float_3_3
Parameters: 0.999994 0.00294725 0.00129292 -0.00292531 0.999856 -0.0167266 -0.00134199 0.0167227 0.99986 0.0333469 0.477833 -3.58331
FixedParameters: 0 0 0

#Transform 99
Transform: AffineTransform_float_3_3
Parameters: 0.999996 0.00265734 0.00104933 -0.00263975 0.99987 -0.0159353 -0.00109173 0.0159323 0.999872 0.0423164 0.410609 -3.56731
FixedParameters: 0 0 0

#Transform 100
Transform: AffineTransform_float_3_3
Parameters: 0.999996 0.00256185 0.00101504 -0.00254561 0.999875 -0.0155836 -0.00105478 0.0155804 0.999879 0.0614287 0.42542 -3.55722
FixedParameters: 0 0 0

#Transform 101
Transform: AffineTransform_float_3_3
Parameters: 0.999997 0.0021967 0.00114275 -0.00217847 0.999876 -0.0156306 -0.001177 0.0156286 0.999877 0.0568599 0.431283 -3.68207
FixedParameters: 0 0 0

#Transform 102
Transform: AffineTransform_float_3_3
Parameters: 0.999996 0.00272439 0.00133579 -0.00270636 0.999899 -0.0139575 -0.00137316 0.0139532 0.999902 0.0351145 0.320637 -3.41482
FixedParameters: 0 0 0

#Transform 103
Transform: AffineTransform_float_3_3
Parameters: 0.999993 0.0020834 0.00321182 -0.00200708 0.999719 -0.0236384 -0.00326032 0.0236315 0.999716 -0.00160444 0.618006 -3.9832
FixedParameters: 0 0 0

#Transform 104
Transform: AffineTransform_float_3_3
Parameters: 0.999991 0.00348507 0.00220944 -0.00342895 0.999693 -0.0245427 -0.00229418 0.0245348 0.999696 0.0112589 0.653683 -3.93093
FixedParameters: 0 0 0

#Transform 105
Transform: AffineTransform_float_3_3
Parameters: 0.999995 0.00257513 0.00176007 -0.00253612 0.999756 -0.0219316 -0.00181654 0.021927 0.999758 0.0371473 0.564662 -3.87801
FixedParameters: 0 0 0

#Transform 106
Transform: AffineTransform_float_3_3
Parameters: 0.99999 0.00356363 0.00230276 -0.00351009 0.999735 -0.0227309 -0.00238305 0.0227233 0.999739 0.0014632 0.519139 -3.89661
FixedParameters: 0 0 0

#Transform 107
Transform: AffineTransform_float_3_3
Parameters: 0.999999 0.00123827 0.00111702 -0.0012134 0.999762 -0.021777 -0.00114393 0.0217762 0.999762 0.0744181 0.522139 -3.91174
FixedParameters: 0 0 0

#Transform 108
Transform: AffineTransform_float_3_3
Parameters: 0.999991 0.00314843 0.00284169 -0.00307683 0.999681 -0.0250501 -0.00291953 0.0250413 0.999683 -0.0179476 0.633493 -3.73954
FixedParameters: 0 0 0

#Transform 109
Transform: AffineTransform_float_3_3
Parameters: 0.999998 0.00160394 -6.5088e-05 -0.00160504 0.99985 -0.0172878 3.74096e-05 0.0172879 0.99985 0.143558 0.310901 -3.67754
FixedParameters: 0 0 0

#Transform 110
Transform: AffineTransform_float_3_3
Parameters: 0.999997 0.00238269 -8.17296e-05 -0.00238374 0.999734 -0.0229181 2.69217e-05 0.0229181 0.999738 0.0663068 0.715999 -3.81536
FixedParameters: 0 0 0

#Transform 111
Transform: AffineTransform_float_3_3
Parameters: 0.999995 0.00327132 0.000748475 -0.00326301 0.999929 -0.0115013 -0.000786159 0.0114983 0.999934 0.0354484 0.192157 -3.51328
FixedParameters: 0 0 0

#Transform 112
Transform: AffineTransform_float_3_3
Parameters: 0.999994 0.00349734 9.18455e-05 -0.00349599 0.999861 -0.0163038 -0.000149091 0.0163031 0.999867 0.0291754 0.510934 -3.60211
FixedParameters: 0 0 0

#Transform 113
Transform: AffineTransform_float_3_3
Parameters: 0.999998 0.00158629 -0.000580681 -0.00159181 0.999949 -0.00995543 0.000565406 0.00995582 0.999951 0.146931 0.172357 -3.44843
FixedParameters: 0 0 0

#Transform 114
Transform: AffineTransform_float_3_3
Parameters: 0.999986 -0.00526427 0.00118769 0.00527739 0.999918 -0.0116232 -0.0011265 0.0116292 0.999932 0.272222 0.340536 -3.57952
FixedParameters: 0 0 0

#Transform 115
Transform: AffineTransform_float_3_3
Parameters: 0.999975 -0.00697434 -0.000159578 0.00697132 0.99987 -0.0145267 0.00026037 0.0145242 0.999894 0.351036 0.476624 -3.58822
FixedParameters: 0 0 0

#Transform 116
Transform: AffineTransform_float_3_3
Parameters: 0.999977 -0.0067532 0.000146617 0.00675497 0.999876 -0.0142582 -4.99861e-05 0.0142594 0.999898 0.348926 0.394876 -3.6073
FixedParameters: 0 0 0

#Transform 117
Transform: AffineTransform_float_3_3
Parameters: 0.999972 -0.00745159 -0.000184132 0.00744792 0.999852 -0.0155271 0.000299411 0.0155263 0.99988 0.37075 0.471208 -3.56269
FixedParameters: 0 0 0

#Transform 118
Transform: AffineTransform_float_3_3
Parameters: 0.999973 -0.00734409 4.95488e-05 0.00734458 0.99986 -0.0150597 6.12038e-05 0.0150601 0.999886 0.37158 0.409158 -3.60001
FixedParameters: 0 0 0

#Transform 119
Transform: AffineTransform_float_3_3
Parameters: 0.99997 -0.0076642 -0.000339261 0.00765805 0.999841 -0.0160632 0.000461712 0.0160602 0.999871 0.384607 0.513025 -3.62811
FixedParameters: 0 0 0

#Transform 120
Transform: AffineTransform_float_3_3
Parameters: 0.999963 -0.00868507 0.000152017 0.00868621 0.999841 -0.0155284 -1.6706e-05 0.015529 0.999879 0.402965 0.447656 -3.59177
FixedParameters: 0 0 0

#Transform 121
Transform: AffineTransform_float_3_3
Parameters: 0.999969 -0.00786159 -0.000155499 0.00785816 0.999834 -0.0163997 0.00028407 0.0163981 0.999866 0.395893 0.46177 -3.65308
FixedParameters: 0 0 0

#Transform 122
Transform: AffineTransform_float_3_3
Parameters: 0.999954 -0.00950543 -0.000672282 0.00949213 0.999798 -0.0176833 0.000839747 0.0176754 0.999844 0.468534 0.521143 -3.60091
FixedParameters: 0 0 0

#Transform 123
Transform: AffineTransform_float_3_3
Parameters: 0.999961 -0.00879612 -0.000561625 0.00878514 0.999824 -0.016576 0.000707469 0.01657 0.999862 0.427775 0.475383 -3.63347
FixedParameters: 0 0 0

#Transform 124
Transform: AffineTransform_float_3_3
Parameters: 0.999947 -0.0102804 -0.000672026 0.010267 0.999782 -0.0181672 0.000858432 0.0181594 0.999835 0.501718 0.541085 -3.60317
FixedParameters: 0 0 0

#Transform 125
Transform: AffineTransform_float_3_3
Parameters: 0.999942 -0.0107263 -6.2048e-05 0.0107231 0.999792 -0.0173697 0.000248869 0.0173682 0.999849 0.50545 0.467082 -3.63583
FixedParameters: 0 0 0

#Transform 126
Transform: AffineTransform_float_3_3
Parameters: 0.999933 -0.0115792 -0.000394614 0.0115699 0.999747 -0.0192899 0.000617498 0.0192835 0.999814 0.52675 0.568576 -3.69243
FixedParameters: 0 0 0

#Transform 127
Transform: AffineTransform_float_3_3
Parameters: 0.999929 -0.0119173 0.000138937 0.0119181 0.999762 -0.0182576 7.84709e-05 0.0182578 0.999834 0.51458 0.54427 -3.62905
FixedParameters: 0 0 0

#Transform 128
Transform: AffineTransform_float_3_3
Parameters: 0.999911 -0.0133239 0.000153802 0.0133244 0.99969 -0.0210105 0.000126547 0.0210107 0.999779 0.601544 0.570561 -4.09725
FixedParameters: 0 0 0

#Transform 129
Transform: AffineTransform_float_3_3
Parameters: 0.999936 -0.0111437 0.00143162 0.011179 0.999538 -0.0282532 -0.00111594 0.0282674 0.9996 0.543554 0.99962 -4.87304
FixedParameters: 0 0 0

#Transform 130
Transform: AffineTransform_float_3_3
Parameters: 0.999992 -0.0022056 0.00331594 0.00224844 0.999912 -0.0130567 -0.0032874 0.0130642 0.999909 0.0886188 0.180518 -3.60188
FixedParameters: 0 0 0

#Transform 131
Transform: AffineTransform_float_3_3
Parameters: 0.999948 -0.00548759 0.00854545 0.00554264 0.999963 -0.0065135 -0.00850946 0.00656051 0.999942 -0.00959598 0.0328141 -2.81683
FixedParameters: 0 0 0

#Transform 132
Transform: AffineTransform_float_3_3
Parameters: 0.999994 -0.00135602 0.00322416 0.00142203 0.99979 -0.0204646 -0.00319662 0.0204692 0.999786 0.108853 0.679059 -2.92859
FixedParameters: 0 0 0

#Transform 133
Transform: AffineTransform_float_3_3
Parameters: 0.999994 -0.000928635 0.00331939 0.00100428 0.99974 -0.0227998 -0.00329661 0.0228031 0.999735 0.0837366 0.677066 -3.04305
FixedParameters: 0 0 0

#Transform 134
Transform: AffineTransform_float_3_3
Parameters: 0.999996 -0.0016073 0.00222306 0.00165139 0.999801 -0.0198946 -0.00219042 0.0198984 0.9998 0.17448 0.473338 -2.85342
FixedParameters: 0 0 0

#Transform 135
Transform: AffineTransform_float_3_3
Parameters: 0.999992 -0.00315636 0.00232815 0.00318056 0.999938 -0.010683 -0.00229339 0.010691 0.999941 0.103516 0.296555 -2.80861
FixedParameters: 0 0 0

#Transform 136
Transform: AffineTransform_float_3_3
Parameters: 0.999957 -0.00859722 0.00327001 0.00858501 0.999957 0.00348147 -0.00329924 -0.00345384 0.999989 0.213148 -0.062081 -3.51369
FixedParameters: 0 0 0

#Transform 137
Transform: AffineTransform_float_3_3
Parameters: 0.999998 0.00163403 0.000415475 -0.00163887 0.999939 0.0109118 -0.000397548 -0.0109124 0.999941 -0.228663 -0.380444 -4.14093
FixedParameters: 0 0 0

#Transform 138
Transform: AffineTransform_float_3_3
Parameters: 0.99999 0.00199857 0.00380751 -0.00199799 0.999998 -0.0002263 -0.00380815 0.000218195 0.999992 -0.15344 -0.0170733 -3.67288
FixedParameters: 0 0 0

#Transform 139
Transform: AffineTransform_float_3_3
Parameters: 0.999986 0.00426542 0.0030706 -0.0042269 0.999912 -0.0125124 -0.00312377 0.012499 0.999917 -0.243242 0.0192402 -3.30617
FixedParameters: 0 0 0

#Transform 140
Transform: AffineTransform_float_3_3
Parameters: 0.999977 0.00678208 -0.000378657 -0.00678841 0.999806 -0.0184936 0.000253211 0.0184956 0.999829 -0.132076 0.393355 -2.09633
FixedParameters: 0 0 0

#Transform 141
Transform: AffineTransform_float_3_3
Parameters: 0.999971 0.00669088 0.00352532 -0.00664617 0.9999 -0.0124342 -0.00360854 0.0124101 0.999916 -0.292103 0.12855 -1.98024
FixedParameters: 0 0 0

#Transform 142
Transform: AffineTransform_float_3_3
Parameters: 0.999983 0.00557958 0.00191666 -0.00553782 0.999756 -0.0213721 -0.00203603 0.0213612 0.99977 -0.119653 0.668065 -1.86131
FixedParameters: 0 0 0

#Transform 143
Transform: AffineTransform_float_3_3
Parameters: 0.999987 0.00502032 0.000760252 -0.00499912 0.999678 -0.0248675 -0.000884975 0.0248634 0.999691 -0.0297023 0.599762 -1.9138
FixedParameters: 0 0 0

#Transform 144
Transform: AffineTransform_float_3_3
Parameters: 0.999991 0.00421741 0.000771669 -0.00420772 0.999922 -0.0118041 -0.000821469 0.0118011 0.99993 -0.0977889 0.419446 -1.34706
FixedParameters: 0 0 0

#Transform 145
Transform: AffineTransform_float_3_3
Parameters: 0.999987 0.00275874 0.00415509 -0.00279724 0.999954 0.00920923 -0.00412872 -0.0092208 0.999949 -0.115972 -0.185275 -0.746067
FixedParameters: 0 0 0

#Transform 146
Transform: AffineTransform_float_3_3
Parameters: 0.999996 0.00251799 0.00134603 -0.00252939 0.999956 0.00906729 -0.00132372 -0.00907134 0.999958 0.0268464 -0.178104 -0.929199
FixedParameters: 0 0 0

#Transform 147
Transform: AffineTransform_float_3_3
Parameters: 0.999993 0.00353378 0.00111544 -0.00353218 0.999993 -0.00128346 -0.00112017 0.00127882 0.999998 0.035108 0.289689 -1.20726
FixedParameters: 0 0 0

#Transform 148
Transform: AffineTransform_float_3_3
Parameters: 0.999993 0.00261286 0.00238674 -0.00260576 0.999993 -0.00270571 -0.00239365 0.00269949 0.999994 0.0748537 0.269461 -1.19293
FixedParameters: 0 0 0

#Transform 149
Transform: AffineTransform_float_3_3
Parameters: 0.999994 0.00237244 0.00274103 -0.00236541 0.999993 -0.0027409 -0.00274744 0.00273391 0.999993 0.0669843 0.238931 -1.18403
FixedParameters: 0 0 0

#Transform 150
Transform: AffineTransform_float_3_3
Parameters: 0.999995 0.00203999 0.0026528 -0.0020216 0.999975 -0.00676138 -0.00266683 0.00675618 0.999973 0.059913 0.394927 -1.09852
FixedParameters: 0 0 0

#Transform 151
Transform: AffineTransform_float_3_3
Parameters: 0.999994 0.00314703 0.00153979 -0.00313841 0.999981 -0.00534931 -0.00155665 0.00534436 0.999984 0.0912465 0.308498 -2.66269
FixedParameters: 0 0 0

#Transform 152
Transform: AffineTransform_float_3_3
Parameters: 0.999987 -0.00112361 0.00498751 0.00111374 0.999997 0.0020298 -0.00498992 -0.00202398 0.999985 -0.0356744 0.606407 -3.81387
FixedParameters: 0 0 0

#Transform 153
Transform: AffineTransform_float_3_3
Parameters: 0.999981 0.000504182 0.00611849 -0.000454782 0.999966 -0.00818825 -0.00612227 0.00818517 0.999948 -0.101362 -0.253718 -2.26155
FixedParameters: 0 0 0

#Transform 154
Transform: AffineTransform_float_3_3
Parameters: 0.999978 0.00290111 0.00606109 -0.00280136 0.999864 -0.0162823 -0.00610734 0.0162653 0.999848 -0.119143 0.417454 -2.2559
FixedParameters: 0 0 0

#Transform 155
Transform: AffineTransform_float_3_3
Parameters: 0.999985 0.000258404 0.00551014 -0.000149735 0.999808 -0.0196179 -0.00551355 0.0196171 0.999792 -0.0203451 0.603679 -3.90372
FixedParameters: 0 0 0

#Transform 156
Transform: AffineTransform_float_3_3
Parameters: 0.999978 0.00423819 0.00503212 -0.00407393 0.999471 -0.0322583 -0.00516632 0.0322373 0.999467 -0.201085 0.87071 -3.14985
FixedParameters: 0 0 0

#Transform 157
Transform: AffineTransform_float_3_3
Parameters: 0.999983 0.00361553 0.0047653 -0.00345508 0.999436 -0.0333896 -0.00488317 0.033372 0.999431 -0.158259 0.539713 -3.07417
FixedParameters: 0 0 0

#Transform 158
Transform: AffineTransform_float_3_3
Parameters: 0.999979 0.00413444 0.00497258 -0.00397187 0.999473 -0.0322401 -0.00510349 0.0322194 0.999468 -0.146248 0.68519 -3.06071
FixedParameters: 0 0 0

#Transform 159
Transform: AffineTransform_float_3_3
Parameters: 0.999977 0.00455157 0.00507502 -0.00439984 0.999558 -0.0293966 -0.005206 0.0293735 0.999555 -0.15347 0.726172 -3.10187
FixedParameters: 0 0 0

#Transform 160
Transform: AffineTransform_float_3_3
Parameters: 0.999981 0.00409015 0.0047334 -0.00396946 0.999674 -0.0252134 -0.00483561 0.0251946 0.99967 -0.1139 0.669943 -3.10026
FixedParameters: 0 0 0

#Transform 161
Transform: AffineTransform_float_3_3
Parameters: 0.999987 0.0045323 0.00196029 -0.00449929 0.999853 -0.016511 -0.00203489 0.0165021 0.999862 -0.0123867 0.517297 -3.06592
FixedParameters: 0 0 0

#Transform 162
Transform: AffineTransform_float_3_3
Parameters: 0.999994 -0.000410612 0.00359918 0.000315928 0.999656 0.0262296 -0.00360862 -0.0262282 0.999649 0.12651 -0.531111 -1.61337
FixedParameters: 0 0 0

#Transform 163
Transform: AffineTransform_float_3_3
Parameters: 1 0.000259447 0.000509779 -0.000266434 0.999903 0.0139727 -0.000506446 -0.013973 0.999902 0.155002 -0.119291 -2.44557
FixedParameters: 0 0 0

#Transform 164
Transform: AffineTransform_float_3_3
Parameters: 1 0.000458495 0.000932433 -0.000466227 0.999964 0.0084542 -0.00092897 -0.00845408 0.999963 0.1539 0.0975879 -2.56095
FixedParameters: 0 0 0

#Transform 165
Transform: AffineTransform_float_3_3
Parameters: 1 0.000337662 -0.000904001 -0.000333054 0.999983 0.00592404 0.000906076 -0.00592342 0.999982 0.15741 0.130547 -2.66999
FixedParameters: 0 0 0

#Transform 166
Transform: AffineTransform_float_3_3
Parameters: 0.999999 0.000605075 -0.00120377 -0.000606177 1 -0.000938029 0.00120344 0.000938541 0.999999 0.19537 0.220368 -2.84088
FixedParameters: 0 0 0

#Transform 167
Transform: AffineTransform_float_3_3
Parameters: 0.999999 0.00140275 0.00036664 -0.00140058 0.999981 -0.00590237 -0.000374599 0.00590219 0.999983 0.126394 0.245839 -2.97438
FixedParameters: 0 0 0

#Transform 168
Transform: AffineTransform_float_3_3
Parameters: 0.999999 0.00167323 0.000727233 -0.001667 0.999955 -0.00937588 -0.000742821 0.00937481 0.999955 0.121821 0.251241 -2.94149
FixedParameters: 0 0 0

#Transform 169
Transform: AffineTransform_float_3_3
Parameters: 0.999996 0.00236527 0.00142905 -0.00234695 0.999915 -0.0127648 -0.00145918 0.0127615 0.999917 0.0985138 0.383038 -3.0511
FixedParameters: 0 0 0

#Transform 170
Transform: AffineTransform_float_3_3
Parameters: 0.999998 0.00183553 0.0006427 -0.00182649 0.999897 -0.0142424 -0.000668409 0.0142413 0.999898 0.123443 0.49722 -3.0588
FixedParameters: 0 0 0

#Transform 171
Transform: AffineTransform_float_3_3
Parameters: 0.999997 0.00217265 0.00115022 -0.00215758 0.999907 -0.0134965 -0.00117899 0.0134946 0.999908 0.109305 0.397764 -3.01369
FixedParameters: 0 0 0

#Transform 172
Transform: AffineTransform_float_3_3
Parameters: 0.999994 0.00286424 0.00182985 -0.00283489 0.999868 -0.016051 -0.00187584 0.0160453 0.999869 0.0347029 0.472676 -3.14719
FixedParameters: 0 0 0

#Transform 173
Transform: AffineTransform_float_3_3
Parameters: 0.999986 0.00486584 0.00200749 -0.00480493 0.999563 -0.0291618 -0.00214823 0.0291521 0.999573 -0.0105779 0.974799 -4.20062
FixedParameters: 0 0 0

#Transform 174
Transform: AffineTransform_float_3_3
Parameters: 0.999986 0.00498699 0.00175308 -0.00492305 0.99938 -0.0348733 -0.00192565 0.0348645 0.99939 -0.0221158 1.07392 -3.85617
FixedParameters: 0 0 0

#Transform 175
Transform: AffineTransform_float_3_3
Parameters: 0.999984 0.00499315 0.00261188 -0.00491455 0.999557 -0.0293394 -0.00275791 0.0293258 0.999566 -0.0323316 0.794865 -3.66184
FixedParameters: 0 0 0

#Transform 176
Transform: AffineTransform_float_3_3
Parameters: 0.999975 -0.00320375 0.00629793 0.00321343 0.999994 -0.00149576 -0.00629295 0.00151612 0.999979 -0.0423575 -0.17934 -2.99315
FixedParameters: 0 0 0

#Transform 177
Transform: AffineTransform_float_3_3
Parameters: 0.999983 0.000506918 0.00569524 -0.000596013 0.999878 0.0156351 -0.00568639 -0.0156376 0.999862 -0.40049 -0.560443 -2.67032
FixedParameters: 0 0 0

#Transform 178
Transform: AffineTransform_float_3_3
Parameters: 0.999994 0.00211441 0.00280295 -0.00212787 0.999987 0.00463557 -0.00279356 -0.00464127 0.999986 -0.351868 -0.128351 -3.58658
FixedParameters: 0 0 0

#Transform 179
Transform: AffineTransform_float_3_3
Parameters: 0.99998 0.0061869 0.000444896 -0.00618169 0.999922 -0.0108457 -0.000511847 0.0108426 0.999941 -0.237262 0.69531 -3.79599
FixedParameters: 0 0 0

#Transform 180
Transform: AffineTransform_float_3_3
Parameters: 0.999972 0.00747251 8.6574e-05 -0.00747126 0.999923 -0.00987677 -0.000160642 0.00987588 0.999951 -0.151003 0.216926 -3.54472
FixedParameters: 0 0 0

#Transform 181
Transform: AffineTransform_float_3_3
Parameters: 0.99997 0.0073939 0.00245063 -0.00736822 0.999917 -0.0105633 -0.00252916 0.0105447 0.999941 -0.205157 0.304744 -3.5469
FixedParameters: 0 0 0

#Transform 182
Transform: AffineTransform_float_3_3
Parameters: 0.999977 0.00661414 0.00139517 -0.00659942 0.99992 -0.010703 -0.00146637 0.0106932 0.999942 -0.11505 0.258003 -3.55944
FixedParameters: 0 0 0

#Transform 183
Transform: AffineTransform_float_3_3
Parameters: 0.999977 0.00683579 0.000630874 -0.00682778 0.999899 -0.0124389 -0.000715648 0.0124342 0.999922 -0.115759 0.32745 -3.53271
FixedParameters: 0 0 0

#Transform 184
Transform: AffineTransform_float_3_3
Parameters: 0.999979 0.00653414 0.000511654 -0.00652816 0.999908 -0.0119145 -0.000589534 0.0119103 0.999928 -0.11937 0.264735 -3.50627
FixedParameters: 0 0 0

#Transform 185
Transform: AffineTransform_float_3_3
Parameters: 0.999976 0.00687812 0.000619791 -0.00686973 0.999896 -0.0126228 -0.000706173 0.0126181 0.99992 -0.143906 0.349961 -3.50134
FixedParameters: 0 0 0

#Transform 186
Transform: AffineTransform_float_3_3
Parameters: 0.999976 0.00692224 0.00105376 -0.00690921 0.999904 -0.0120248 -0.0011371 0.0120173 0.999927 -0.123627 0.358884 -3.46012
FixedParameters: 0 0 0

#Transform 187
Transform: AffineTransform_float_3_3
Parameters: 0.999972 0.00730495 0.00170445 -0.00728269 0.999894 -0.0125911 -0.0017964 0.0125782 0.999919 -0.134894 0.387576 -3.47302
FixedParameters: 0 0 0

#Transform 188
Transform: AffineTransform_float_3_3
Parameters: 0.99997 0.00758948 0.00176373 -0.00756791 0.999897 -0.0122361 -0.00185629 0.0122224 0.999924 -0.133702 0.293761 -3.34994
FixedParameters: 0 0 0

#Transform 189
Transform: AffineTransform_float_3_3
Parameters: 0.999969 0.00774504 0.00172167 -0.00772479 0.999908 -0.0111477 -0.001808 0.0111339 0.999936 -0.147473 0.321546 -3.37575
FixedParameters: 0 0 0

#Transform 190
Transform: AffineTransform_float_3_3
