#Insight Transform File V1.0
#Transform 0
Transform: AffineTransform_float_3_3
Parameters: 1 0.000355374 -0.00101304 -0.000356029 1 -0.00033098 0.00101281 0.00033079 0.999999 0.00816402 -0.0936858 -0.00571706
FixedParameters: 0 0 0

#Transform 1
Transform: AffineTransform_float_3_3
Parameters: 1 0.000705215 -0.000675466 -0.000706579 0.999999 -0.00116818 0.0006748 0.00116823 0.999999 0.0206608 -0.055443 -0.143832
FixedParameters: 0 0 0

#Transform 2
Transform: AffineTransform_float_3_3
Parameters: 0.999999 2.5655e-05 -0.00096591 -2.66464e-05 1 -0.000514201 0.00096589 0.000513755 1 0.0370229 -0.0518079 -0.100963
FixedParameters: 0 0 0

#Transform 3
Transform: AffineTransform_float_3_3
Parameters: 0.999999 0.000753684 -0.000452792 -0.000754524 0.999999 -0.00114876 0.000452046 0.00114853 1 0.0155825 -0.0293935 -0.0782544
FixedParameters: 0 0 0

#Transform 4
Transform: AffineTransform_float_3_3
Parameters: 1 0.000522203 -0.000352336 -0.000522328 1 -0.000177549 0.00035215 0.000177917 1 0.0172195 0.0087883 -0.126427
FixedParameters: 0 0 0

#Transform 5
Transform: AffineTransform_float_3_3
Parameters: 1 0.000236477 -0.000156586 -0.00023645 0.999999 0.00076329 0.000155969 -0.000763223 0.999999 0.0212639 -0.0639975 -0.0700892
FixedParameters: 0 0 0

#Transform 6
Transform: AffineTransform_float_3_3
Parameters: 1 0.0002337 -0.000167914 -0.000233768 1 -0.000201808 0.000167819 0.000201886 1 0.0188498 -0.0117856 -0.140053
FixedParameters: 0 0 0

#Transform 7
Transform: AffineTransform_float_3_3
Parameters: 1 0.000338065 0.000314958 -0.00033912 0.999999 0.00131846 -0.00031504 -0.00131868 0.999999 0.0238181 -0.0568623 -0.0398909
FixedParameters: 0 0 0

#Transform 8
Transform: AffineTransform_float_3_3
Parameters: 1 0.000278401 3.79221e-05 -0.000278447 1 0.000615599 -3.75793e-05 -0.00061562 1 0.014317 -0.00703393 -0.0850126
FixedParameters: 0 0 0

#Transform 9
Transform: AffineTransform_float_3_3
Parameters: 1 0.000141409 6.15395e-05 -0.000141605 0.999999 0.00148161 -6.11177e-05 -0.00148163 0.999999 0.0247353 -0.0622482 -0.0303074
FixedParameters: 0 0 0

#Transform 10
Transform: AffineTransform_float_3_3
Parameters: 1 0.000235725 0.000651045 -0.000235894 0.999999 0.000717531 -0.000651896 -0.000717847 0.999999 -0.00756504 -0.0180805 -0.0218928
FixedParameters: 0 0 0

#Transform 11
Transform: AffineTransform_float_3_3
Parameters: 1 0.000148984 0.000286789 -0.00014934 1 0.000621083 -0.000286603 -0.000621169 1 0.00330806 -0.0252315 -0.0408727
FixedParameters: 0 0 0

#Transform 12
Transform: AffineTransform_float_3_3
Parameters: 1 2.74855e-05 8.85061e-05 -2.76982e-05 1 0.00112565 -8.84415e-05 -0.00112566 1 0.0220137 -0.0700344 0.0378377
FixedParameters: 0 0 0

#Transform 13
Transform: AffineTransform_float_3_3
Parameters: 1 0.000120457 -6.56601e-06 -0.000120661 1 0.000586118 5.72999e-06 -0.000586123 1 0.00818409 -0.0113942 -0.0371918
FixedParameters: 0 0 0

#Transform 14
Transform: AffineTransform_float_3_3
Parameters: 1 4.34954e-05 0.000115256 -4.38183e-05 0.999999 0.00134286 -0.000115136 -0.00134287 0.999999 0.023472 -0.0326532 0.028877
FixedParameters: 0 0 0

#Transform 15
Transform: AffineTransform_float_3_3
Parameters: 1 0.000328313 0.000268808 -0.000328217 1 -0.000177881 -0.000268924 0.000177704 1 -0.00200433 0.0407952 -0.0401854
FixedParameters: 0 0 0

#Transform 16
Transform: AffineTransform_float_3_3
Parameters: 1 -2.46389e-05 0.000121707 2.42271e-05 0.999998 0.00163583 -0.000121784 -0.00163582 0.999998 0.014084 -0.0808311 0.0742229
FixedParameters: 0 0 0

#Transform 17
Transform: AffineTransform_float_3_3
Parameters: 1 0.000174102 -0.000445758 -0.000174424 0.999999 0.000735309 0.000446226 -0.000735151 0.999999 0.0151628 -0.0562028 0.0561746
FixedParameters: 0 0 0

#Transform 18
Transform: AffineTransform_float_3_3
Parameters: 1 1.37308e-07 5.18868e-05 -2.32195e-07 0.999999 0.00091437 -5.18865e-05 -0.00091437 0.999999 0.00705352 -0.0596219 0.00684249
FixedParameters: 0 0 0

#Transform 19
Transform: AffineTransform_float_3_3
Parameters: 1 0.000119036 0.00061347 -0.000120347 1 0.00105823 -0.000613214 -0.00105837 1 0.00173033 -0.0145148 0.043092
FixedParameters: 0 0 0

#Transform 20
Transform: AffineTransform_float_3_3
Parameters: 1 0.000110923 0.000120245 -0.000110852 1 -0.000294075 -0.000120311 0.000294048 1 -0.00214771 -0.00829855 0.0190285
FixedParameters: 0 0 0

#Transform 21
Transform: AffineTransform_float_3_3
Parameters: 1 -0.000120503 0.00014249 0.000120289 0.999999 0.000748846 -0.00014267 -0.000748811 0.999999 -0.00244425 -0.0411633 0.084095
FixedParameters: 0 0 0

#Transform 22
Transform: AffineTransform_float_3_3
Parameters: 1 3.79792e-05 0.000317344 -3.80542e-05 1 0.000118172 -0.000317335 -0.000118196 1 -0.00814746 -0.0524329 0.0130624
FixedParameters: 0 0 0

#Transform 23
Transform: AffineTransform_float_3_3
Parameters: 1 0.000149029 6.88275e-05 -0.000149136 0.999999 0.000776653 -6.85959e-05 -0.000776673 0.999999 -0.00573079 -0.0282763 0.0341161
FixedParameters: 0 0 0

#Transform 24
Transform: AffineTransform_float_3_3
Parameters: 1 -0.000217696 0.000598452 0.000217298 1 0.00113692 -0.000599156 -0.00113666 0.999999 -0.00102204 -0.0381019 0.120897
FixedParameters: 0 0 0

#Transform 25
Transform: AffineTransform_float_3_3
Parameters: 1 -0.000188101 0.000488166 0.000187809 0.999999 0.000517202 -0.000487377 -0.000517923 1 -0.0112158 -0.0245301 0.0308768
FixedParameters: 0 0 0

#Transform 26
Transform: AffineTransform_float_3_3
Parameters: 1 -7.78109e-05 0.000535838 7.74979e-05 0.999999 0.00138958 -0.000535286 -0.0013895 0.999999 -0.00691329 -0.0666901 0.0915775
FixedParameters: 0 0 0

#Transform 27
Transform: AffineTransform_float_3_3
Parameters: 1 0.000228781 3.12089e-05 -0.000228784 1 1.54392e-05 -3.12086e-05 -1.4543e-05 1 -0.00950179 -0.0358033 0.0431396
FixedParameters: 0 0 0

#Transform 28
Transform: AffineTransform_float_3_3
Parameters: 1 -0.000116645 -0.000129478 0.000115925 1 0.001043 0.000129449 -0.00104303 1 0.0192835 -0.0265667 0.061099
FixedParameters: 0 0 0

#Transform 29
Transform: AffineTransform_float_3_3
Parameters: 1 0.000195237 0.000278108 -0.000194334 1 0.000133058 -0.000278268 -0.000133169 1 -0.0192509 0.00504325 0.0772869
FixedParameters: 0 0 0

#Transform 30
Transform: AffineTransform_float_3_3
Parameters: 1 8.39391e-05 -0.000103732 -8.39506e-05 1 -5.55874e-05 0.000103723 5.56048e-05 1 -0.0164582 -0.0175803 0.0604803
FixedParameters: 0 0 0

#Transform 31
Transform: AffineTransform_float_3_3
Parameters: 1 -3.41599e-05 -0.00014489 3.43647e-05 0.999999 0.000706995 0.000144842 -0.000707004 0.999999 -0.00341496 -0.0562308 0.101526
FixedParameters: 0 0 0

#Transform 32
Transform: AffineTransform_float_3_3
Parameters: 1 0.000198024 0.000309624 -0.000197794 1 -0.000372744 -0.000309772 0.000372621 1 -0.022881 0.0719473 0.0110065
FixedParameters: 0 0 0

#Transform 33
Transform: AffineTransform_float_3_3
Parameters: 1 0.00010492 0.000167911 -0.000105153 1 0.000694256 -0.000167765 -0.000694292 0.999999 -0.0130337 -0.0308275 0.0739069
FixedParameters: 0 0 0

#Transform 34
Transform: AffineTransform_float_3_3
Parameters: 1 9.60239e-05 0.000372685 -9.59633e-05 1 -8.14126e-05 -0.000372701 8.1341e-05 1 -0.0236785 -0.022745 0.0795301
FixedParameters: 0 0 0

#Transform 35
Transform: AffineTransform_float_3_3
Parameters: 1 0.000117713 9.00398e-05 -0.000117715 1 1.474e-05 -9.00364e-05 -1.47611e-05 1 -0.00203832 -0.0560695 0.0496752
FixedParameters: 0 0 0

#Transform 36
Transform: AffineTransform_float_3_3
Parameters: 1 -2.83687e-05 0.000504079 2.70039e-05 0.999999 0.0013404 -0.000504151 -0.00134037 0.999999 -0.00428124 0.00372078 0.0950432
FixedParameters: 0 0 0

#Transform 37
Transform: AffineTransform_float_3_3
Parameters: 1 -5.82391e-05 0.000364765 5.77346e-05 1 0.00069142 -0.000364845 -0.000691378 0.999999 0.00397395 0.00892222 0.0121282
FixedParameters: 0 0 0

#Transform 38
Transform: AffineTransform_float_3_3
Parameters: 1 -5.8351e-05 0.000364849 5.71059e-05 0.999998 0.00168744 -0.000365041 -0.0016874 0.999998 0.00946534 -0.0657249 0.0538981
FixedParameters: 0 0 0

#Transform 39
Transform: AffineTransform_float_3_3
Parameters: 1 -3.24113e-05 0.000484285 3.1919e-05 1 0.000508246 -0.000484318 -0.000508215 1 -0.020612 -0.0335414 0.0852589
FixedParameters: 0 0 0

#Transform 40
Transform: AffineTransform_float_3_3
Parameters: 1 5.78344e-05 0.000106347 -5.78915e-05 1 0.000268786 -0.000106316 -0.000268799 1 -0.0156815 -0.0224852 0.0366193
FixedParameters: 0 0 0

#Transform 41
Transform: AffineTransform_float_3_3
Parameters: 1 -0.000140965 -1.83541e-05 0.00014098 1 0.00039571 1.82425e-05 -0.000395716 1 -0.000711016 -0.0507198 0.0815508
FixedParameters: 0 0 0

#Transform 42
Transform: AffineTransform_float_3_3
Parameters: 1 -5.14945e-05 0.000394816 5.13089e-05 0.999999 -0.00100116 -0.000394495 0.0010007 1 -0.0174341 0.0696733 0.0412478
FixedParameters: 0 0 0

#Transform 43
Transform: AffineTransform_float_3_3
Parameters: 1 -0.000209156 0.000423312 0.000209331 1 -0.000207325 -0.000423225 0.000207503 1 -0.0210131 -0.02809 0.030982
FixedParameters: 0 0 0

#Transform 44
Transform: AffineTransform_float_3_3
Parameters: 1 3.16024e-06 0.000644615 -1.81878e-06 0.999999 -0.0018197 -0.000644408 0.0018197 0.999998 -0.0351268 0.0621959 0.0148357
FixedParameters: 0 0 0

#Transform 45
Transform: AffineTransform_float_3_3
Parameters: 1 -0.000115168 0.000101194 0.000115126 1 0.000209556 -0.000101243 -0.000209533 1 -0.0177081 -0.00314504 0.083777
FixedParameters: 0 0 0

#Transform 46
Transform: AffineTransform_float_3_3
Parameters: 1 -0.000241798 0.000126438 0.00024192 1 -0.000482428 -0.000126205 0.000482489 1 -0.0256881 0.0119326 0.0861202
FixedParameters: 0 0 0

#Transform 47
Transform: AffineTransform_float_3_3
Parameters: 1 -0.000163832 0.000141084 0.000163761 1 0.000251777 -0.000141167 -0.000251731 1 -0.0272829 0.00465797 0.085078
FixedParameters: 0 0 0

#Transform 48
Transform: AffineTransform_float_3_3
Parameters: 1 -0.000189477 0.000297009 0.000189074 1 0.000677838 -0.000297265 -0.000677726 0.999999 -0.0292502 -0.0438555 0.163182
FixedParameters: 0 0 0

#Transform 49
Transform: AffineTransform_float_3_3
Parameters: 1 -0.000206641 -4.21497e-05 0.000206416 1 -0.000155549 4.12366e-05 0.000155526 1 -0.0232327 0.00826483 0.0986721
FixedParameters: 0 0 0

#Transform 50
Transform: AffineTransform_float_3_3
Parameters: 1 -0.000121881 0.000353954 0.000121896 1 -2.17257e-05 -0.000353948 2.1812e-05 1 -0.031659 -0.00167153 0.139454
FixedParameters: 0 0 0

#Transform 51
Transform: AffineTransform_float_3_3
Parameters: 1 -0.000119953 8.87299e-05 0.000119962 1 -4.95408e-05 -8.8718e-05 4.95621e-05 1 -0.0269878 0.00478778 0.0923807
FixedParameters: 0 0 0

#Transform 52
Transform: AffineTransform_float_3_3
Parameters: 1 -0.000247552 0.000108123 0.000247517 1 0.00108348 -0.00010768 -0.00108342 1 -0.0248389 -0.0684144 0.121107
FixedParameters: 0 0 0

#Transform 53
Transform: AffineTransform_float_3_3
Parameters: 1 -0.000116488 0.000397951 0.000116295 1 0.000242586 -0.000398007 -0.000242494 1 -0.0242946 0.0320557 0.0317668
FixedParameters: 0 0 0

#Transform 54
Transform: AffineTransform_float_3_3
Parameters: 1 -0.00022176 0.00029446 0.000220908 0.999999 0.00142281 -0.000295087 -0.00142268 0.999999 -0.00861672 -0.0700115 0.119942
FixedParameters: 0 0 0

#Transform 55
Transform: AffineTransform_float_3_3
Parameters: 1 -0.00013806 0.000682677 0.00013691 0.999999 0.000842745 -0.000682909 -0.000842144 1 -0.00975621 0.0128416 0.106633
FixedParameters: 0 0 0

#Transform 56
Transform: AffineTransform_float_3_3
Parameters: 1 -0.000294678 0.000212328 0.000294274 0.999999 0.000951153 -0.000212888 -0.000951028 0.999999 0.00152166 -0.0328038 0.0466814
FixedParameters: 0 0 0

#Transform 57
Transform: AffineTransform_float_3_3
Parameters: 1 -0.00018714 0.000455118 0.000186471 1 0.000952942 -0.000454495 -0.000952766 1 -0.0107011 0.0215387 0.0819685
FixedParameters: 0 0 0

#Transform 58
Transform: AffineTransform_float_3_3
Parameters: 1 -0.000267676 0.000622068 0.000266877 0.999999 0.000643084 -0.000622406 -0.000643662 0.999999 -0.0205625 0.0245719 0.0707232
FixedParameters: 0 0 0

#Transform 59
Transform: AffineTransform_float_3_3
Parameters: 1 -0.000155989 0.000598975 0.000155384 1 0.000504944 -0.000599132 -0.000504757 0.999999 -0.00788118 0.00902762 0.100583
FixedParameters: 0 0 0

#Transform 60
Transform: AffineTransform_float_3_3
Parameters: 1 -0.000155191 0.000601983 0.000155109 1 6.79545e-05 -0.000602004 -6.77677e-05 1 -0.00796901 0.0127133 0.0741009
FixedParameters: 0 0 0

#Transform 61
Transform: AffineTransform_float_3_3
Parameters: 0.999999 -0.000793657 0.000217487 0.000793295 0.999998 0.00174071 -0.00021829 -0.00174035 0.999999 0.00975787 -0.0492486 0.162833
FixedParameters: 0 0 0

#Transform 62
Transform: AffineTransform_float_3_3
Parameters: 1 -0.000116358 0.000332256 0.000116274 1 0.000126134 -0.000332285 -0.000126057 1 -0.00373885 0.00884454 0.0975297
FixedParameters: 0 0 0

#Transform 63
Transform: AffineTransform_float_3_3
Parameters: 1 -0.00018197 0.000479532 0.000180632 0.999999 0.00138112 -0.00048003 -0.00138095 0.999999 0.0153241 -0.0424561 0.150596
FixedParameters: 0 0 0

#Transform 64
Transform: AffineTransform_float_3_3
Parameters: 1 -0.000143822 0.000656869 0.000143043 0.999999 0.00132637 -0.000657458 -0.00132618 0.999999 -0.00426551 -0.0467842 0.125305
FixedParameters: 0 0 0

#Transform 65
Transform: AffineTransform_float_3_3
Parameters: 1 -0.000142822 0.000660503 0.00014177 0.999999 0.000797426 -0.000660723 -0.000798149 0.999999 -0.0067447 -0.0390391 0.0418875
FixedParameters: 0 0 0

#Transform 66
Transform: AffineTransform_float_3_3
Parameters: 1 -0.000143387 0.000658463 0.000141932 1 0.00109438 -0.000658773 -0.00109419 0.999999 -0.00380857 -0.0434181 0.118465
FixedParameters: 0 0 0

#Transform 67
Transform: AffineTransform_float_3_3
Parameters: 1 -0.000190573 0.000438685 0.000190256 1 0.00036081 -0.000438822 -0.000360643 1 0.00692538 -0.000947815 0.0752351
FixedParameters: 0 0 0

#Transform 68
Transform: AffineTransform_float_3_3
Parameters: 0.999999 -0.000673626 0.000757036 0.000672701 0.999999 0.00138681 -0.000758134 -0.00138579 0.999999 -0.00806472 -0.0217933 0.170701
FixedParameters: 0 0 0

#Transform 69
Transform: AffineTransform_float_3_3
Parameters: 0.999999 -0.000660274 0.000646241 0.000661071 0.999999 0.000141012 -0.000646632 -0.000141071 1 0.00519333 -0.0171776 0.0903911
FixedParameters: 0 0 0

#Transform 70
Transform: AffineTransform_float_3_3
Parameters: 0.999999 -0.000379797 0.00118733 0.000378168 0.999998 0.00159822 -0.00118798 -0.0015969 0.999998 -0.0207975 0.0131263 0.122566
FixedParameters: 0 0 0

#Transform 71
Transform: AffineTransform_float_3_3
Parameters: 0.999999 -0.000587687 0.00124557 0.000588038 0.999999 -0.000134362 -0.00124541 0.000135329 1 -0.0271522 0.0575211 0.0903673
FixedParameters: 0 0 0

#Transform 72
Transform: AffineTransform_float_3_3
Parameters: 1 -0.000641287 0.000878664 0.000640201 0.999999 0.00129472 -0.000879557 -0.00129359 0.999999 -0.0180396 -0.0277041 0.159376
FixedParameters: 0 0 0

#Transform 73
Transform: AffineTransform_float_3_3
Parameters: 0.999999 -0.000469221 0.00121439 0.000468804 0.999999 0.00058043 -0.00121514 -0.00057979 0.999999 -0.0334215 -0.00805521 0.112534
FixedParameters: 0 0 0

#Transform 74
Transform: AffineTransform_float_3_3
Parameters: 0.999999 -0.000533395 0.000918723 0.000532398 0.999999 0.00118205 -0.000919214 -0.00118106 0.999999 -0.014946 -0.0279423 0.145636
FixedParameters: 0 0 0

#Transform 75
Transform: AffineTransform_float_3_3
Parameters: 0.999999 -0.000598887 0.00124346 0.000598779 0.999999 0.000442638 -0.0012442 -0.000441648 0.999999 -0.0252529 0.0240631 0.108711
FixedParameters: 0 0 0

#Transform 76
Transform: AffineTransform_float_3_3
Parameters: 0.999999 -0.000469834 0.0012126 0.000469013 1 0.000829173 -0.00121261 -0.000828031 0.999999 -0.019635 -0.0451798 0.110448
FixedParameters: 0 0 0

#Transform 77
Transform: AffineTransform_float_3_3
Parameters: 0.999999 -0.000469706 0.00121298 0.000469013 1 0.000776219 -0.00121294 -0.000775987 0.999999 -0.0297595 0.0554512 0.131258
FixedParameters: 0 0 0

#Transform 78
Transform: AffineTransform_float_3_3
Parameters: 0.999999 -0.000577915 0.00123102 0.000576505 0.999998 0.00145257 -0.00123213 -0.00145165 0.999999 -0.0181265 -0.0362144 0.101538
FixedParameters: 0 0 0

#Transform 79
Transform: AffineTransform_float_3_3
Parameters: 0.999999 -0.000454935 0.0012822 0.000453718 1 0.000938675 -0.00128229 -0.000937507 0.999998 -0.0247241 0.00906617 0.124261
FixedParameters: 0 0 0

#Transform 80
Transform: AffineTransform_float_3_3
Parameters: 0.999999 -0.000563139 0.00123444 0.000561848 1 0.00060937 -0.00123414 -0.000608886 0.999999 -0.0255234 -0.00434853 0.0701511
FixedParameters: 0 0 0

#Transform 81
Transform: AffineTransform_float_3_3
Parameters: 1 -0.000504658 0.00104866 0.000504436 1 0.000112968 -0.00104878 -0.000111909 0.999999 -0.025367 0.0879707 0.079119
FixedParameters: 0 0 0

#Transform 82
Transform: AffineTransform_float_3_3
Parameters: 0.999999 -0.000428562 0.00140694 0.000426783 0.999999 0.00140283 -0.00140758 -0.00140212 0.999998 -0.0354126 0.0211777 0.161606
FixedParameters: 0 0 0

#Transform 83
Transform: AffineTransform_float_3_3
Parameters: 0.999999 -0.000442458 0.00134041 0.000440752 1 0.00100114 -0.0013415 -0.00100087 0.999998 -0.0277037 -0.0137066 0.122849
FixedParameters: 0 0 0

#Transform 84
Transform: AffineTransform_float_3_3
Parameters: 0.999999 -0.000440358 0.00135648 0.000437219 0.999997 0.00230529 -0.00135815 -0.00230501 0.999996 -0.0180728 -0.0713857 0.106166
FixedParameters: 0 0 0

#Transform 85
Transform: AffineTransform_float_3_3
Parameters: 0.999998 -0.000403308 0.00152871 0.000400062 0.999998 0.0021505 -0.00152911 -0.00215018 0.999996 -0.0193961 -0.0371709 0.0809332
FixedParameters: 0 0 0

#Transform 86
Transform: AffineTransform_float_3_3
Parameters: 0.999999 -0.000593739 0.00144011 0.000591814 0.999998 0.00182912 -0.00144095 -0.0018279 0.999998 -0.0151307 -0.0178549 0.0993827
FixedParameters: 0 0 0

#Transform 87
Transform: AffineTransform_float_3_3
Parameters: 0.999999 -0.000546611 0.001478 0.000543928 0.999999 0.00170817 -0.00147832 -0.00170746 0.999997 -0.0236901 -0.0377739 0.126981
FixedParameters: 0 0 0

#Transform 88
Transform: AffineTransform_float_3_3
Parameters: 0.999999 -0.000644511 0.00115572 0.000640883 0.999995 0.00308781 -0.00115738 -0.00308631 0.999994 -0.00584968 -0.0751489 0.108195
FixedParameters: 0 0 0

#Transform 89
Transform: AffineTransform_float_3_3
Parameters: 0.999998 -0.000388419 0.00159682 0.000385621 0.999998 0.00192319 -0.00159698 -0.00192244 0.999997 -0.0161484 0.0311402 0.132895
FixedParameters: 0 0 0

#Transform 90
Transform: AffineTransform_float_3_3
Parameters: 1 -0.000325029 0.00113625 0.000322747 0.999997 0.00246893 -0.00113652 -0.00246868 0.999997 -0.0201191 -0.0598081 0.0941129
FixedParameters: 0 0 0

#Transform 91
Transform: AffineTransform_float_3_3
Parameters: 0.999998 -0.000402245 0.0015367 0.000398313 0.999997 0.00267578 -0.00153772 -0.00267505 0.999996 -0.00940899 -0.0415693 0.121298
FixedParameters: 0 0 0

#Transform 92
Transform: AffineTransform_float_3_3
Parameters: 0.999999 -0.000458703 0.00113442 0.000457143 0.999999 0.00163668 -0.00113536 -0.00163655 0.999998 0.00166843 -0.00429352 0.110226
FixedParameters: 0 0 0

#Transform 93
Transform: AffineTransform_float_3_3
Parameters: 0.999999 -0.00076272 0.00118694 0.000759734 0.999995 0.00323109 -0.00118878 -0.00323018 0.999994 -0.00127734 -0.0621631 0.160852
FixedParameters: 0 0 0

#Transform 94
Transform: AffineTransform_float_3_3
Parameters: 0.999999 -0.000499718 0.00141793 0.000496758 0.999998 0.00221774 -0.00141881 -0.00221723 0.999996 -0.0135846 -0.0162735 0.131275
FixedParameters: 0 0 0

#Transform 95
Transform: AffineTransform_float_3_3
Parameters: 0.999999 -0.000481879 0.001669 0.000477485 0.999997 0.00231775 -0.0016699 -0.00231664 0.999996 -0.0168712 -0.0035733 0.130046
FixedParameters: 0 0 0

#Transform 96
Transform: AffineTransform_float_3_3
Parameters: 0.999998 -0.000415192 0.00166975 0.000409392 0.999996 0.00301774 -0.00167111 -0.00301686 0.999994 -0.00251627 -0.072692 0.176871
FixedParameters: 0 0 0

#Transform 97
Transform: AffineTransform_float_3_3
Parameters: 0.999998 -0.000445191 0.00169425 0.000441965 0.999998 0.00187595 -0.00169556 -0.00187585 0.999997 -0.0126124 0.00629878 0.127224
FixedParameters: 0 0 0

#Transform 98
Transform: AffineTransform_float_3_3
Parameters: 0.999999 -0.00057525 0.00121747 0.000570857 0.999995 0.00324032 -0.00121887 -0.00323982 0.999994 0.00831474 -0.0682924 0.181432
FixedParameters: 0 0 0

#Transform 99
Transform: AffineTransform_float_3_3
Parameters: 0.999998 -0.000339025 0.00158364 0.000334889 0.999997 0.00266109 -0.00158431 -0.00266052 0.999996 -0.00619996 -0.00306928 0.160761
FixedParameters: 0 0 0

#Transform 100
Transform: AffineTransform_float_3_3
Parameters: 1 -0.00029199 0.00118024 0.000289575 0.999997 0.00234303 -0.00118125 -0.00234325 0.999996 -0.00548127 -0.0401754 0.135179
FixedParameters: 0 0 0

#Transform 101
Transform: AffineTransform_float_3_3
Parameters: 0.999998 -0.000472488 0.00154508 0.000468976 0.999998 0.00221365 -0.00154583 -0.0022131 0.999996 0.000533424 -0.029541 0.171842
FixedParameters: 0 0 0

#Transform 102
Transform: AffineTransform_float_3_3
Parameters: 0.999998 -0.000198655 0.0016122 0.000196382 0.999999 0.00167621 -0.00161251 -0.00167608 0.999998 -0.00583468 0.0250541 0.0756127
FixedParameters: 0 0 0

#Transform 103
Transform: AffineTransform_float_3_3
Parameters: 0.999999 -0.000624508 0.00160312 0.000619818 0.999996 0.00286719 -0.00160458 -0.002867 0.999995 0.00231234 -0.0691492 0.208321
FixedParameters: 0 0 0

#Transform 104
Transform: AffineTransform_float_3_3
Parameters: 0.999999 -0.000494314 0.00111796 0.000491962 0.999997 0.00210977 -0.0011185 -0.00210916 0.999997 -0.0102482 -0.0150464 0.148689
FixedParameters: 0 0 0

#Transform 105
Transform: AffineTransform_float_3_3
Parameters: 0.999999 -0.000699381 0.00115141 0.00069649 0.999996 0.00278581 -0.00115299 -0.0027851 0.999995 -0.00782523 -0.0470956 0.215248
FixedParameters: 0 0 0

#Transform 106
Transform: AffineTransform_float_3_3
Parameters: 0.999999 -0.00024948 0.00136971 0.00024895 0.999999 0.000555515 -0.0013702 -0.000555332 0.999999 -0.0171442 -0.0146404 0.133295
FixedParameters: 0 0 0

#Transform 107
Transform: AffineTransform_float_3_3
Parameters: 0.999999 -0.00077601 0.00129367 0.000773152 0.999996 0.00239012 -0.00129603 -0.00238952 0.999997 -0.00748604 -0.0297673 0.178631
FixedParameters: 0 0 0

#Transform 108
Transform: AffineTransform_float_3_3
Parameters: 1 -0.000614865 0.00095554 0.000613681 0.999998 0.00185631 -0.000956286 -0.00185513 0.999998 -0.0120094 0.0238091 0.193677
FixedParameters: 0 0 0

#Transform 109
Transform: AffineTransform_float_3_3
Parameters: 0.999999 -0.000448617 0.00149558 0.00044695 0.999998 0.00160847 -0.00149667 -0.00160763 0.999997 -0.0148972 -0.00507376 0.143628
FixedParameters: 0 0 0

#Transform 110
Transform: AffineTransform_float_3_3
Parameters: 0.999998 -0.000864983 0.00145349 0.00086033 0.999996 0.0028081 -0.00145601 -0.00280649 0.999995 0.00873193 -0.0362794 0.217556
FixedParameters: 0 0 0

#Transform 111
Transform: AffineTransform_float_3_3
Parameters: 0.999999 -0.000687154 0.0013802 0.000684906 0.999999 0.00159448 -0.00138182 -0.00159349 0.999998 0.00703935 -0.0182217 0.178132
FixedParameters: 0 0 0

#Transform 112
Transform: AffineTransform_float_3_3
Parameters: 1 -0.000751991 0.000879533 0.000749628 0.999998 0.00212355 -0.000880967 -0.00212355 0.999997 0.0175589 -0.0593237 0.19583
FixedParameters: 0 0 0

#Transform 113
Transform: AffineTransform_float_3_3
Parameters: 0.999999 -0.000388085 0.00123701 0.000386593 0.999999 0.0010844 -0.00123708 -0.00108435 0.999998 -0.0122892 -0.0374895 0.215426
FixedParameters: 0 0 0

#Transform 114
Transform: AffineTransform_float_3_3
Parameters: 1 -0.000135232 0.00118151 0.000134497 0.999999 0.00122797 -0.00118129 -0.00122765 0.999998 -0.0136133 -0.0219033 0.196355
FixedParameters: 0 0 0

#Transform 115
Transform: AffineTransform_float_3_3
Parameters: 0.999999 -0.000764201 0.000962699 0.000763256 0.999999 0.000998348 -0.000964428 -0.000997789 0.999999 -0.0101036 -0.0175433 0.234043
FixedParameters: 0 0 0

#Transform 116
Transform: AffineTransform_float_3_3
Parameters: 0.999999 -0.000713336 0.00111914 0.000711613 0.999999 0.00130153 -0.00112023 -0.00130084 0.999998 -0.00653611 -0.00468125 0.173101
FixedParameters: 0 0 0

#Transform 117
Transform: AffineTransform_float_3_3
Parameters: 0.999999 -0.000603488 0.00127095 0.000600847 0.999998 0.00188567 -0.00127266 -0.00188505 0.999997 -0.0104143 -0.00392788 0.233817
FixedParameters: 0 0 0

#Transform 118
Transform: AffineTransform_float_3_3
Parameters: 0.999999 -0.000589844 0.00133153 0.000587775 0.999999 0.0012241 -0.0013322 -0.00122343 0.999998 -0.00511377 0.0226661 0.145995
FixedParameters: 0 0 0

#Transform 119
Transform: AffineTransform_float_3_3
Parameters: 0.999999 -0.000849677 0.00087793 0.000847817 0.999997 0.00250952 -0.000879666 -0.00250934 0.999996 0.0259875 -0.0678012 0.194367
FixedParameters: 0 0 0

#Transform 120
Transform: AffineTransform_float_3_3
Parameters: 0.999999 -0.000758244 0.00135907 0.000756075 0.999998 0.00166833 -0.00136006 -0.00166718 0.999998 0.00839785 0.00922146 0.17981
FixedParameters: 0 0 0

#Transform 121
Transform: AffineTransform_float_3_3
Parameters: 1 -0.000533546 0.00102817 0.000532729 0.999998 0.00145089 -0.00102916 -0.00145071 0.999998 0.0105411 0.0145985 0.112384
FixedParameters: 0 0 0

#Transform 122
Transform: AffineTransform_float_3_3
Parameters: 0.999999 -0.000599991 0.00128337 0.000598636 0.999999 0.000991739 -0.00128379 -0.000991107 0.999999 0.00720062 0.0135495 0.140035
FixedParameters: 0 0 0

#Transform 123
Transform: AffineTransform_float_3_3
Parameters: 0.999999 -0.000616119 0.00121493 0.000613351 0.999997 0.00259028 -0.00121581 -0.00258969 0.999996 0.00916171 -0.0723556 0.169245
FixedParameters: 0 0 0

#Transform 124
Transform: AffineTransform_float_3_3
Parameters: 0.999999 -0.000602076 0.00127727 0.000599569 0.999998 0.00182372 -0.0012789 -0.00182309 0.999997 0.0075511 -0.0267553 0.159194
FixedParameters: 0 0 0

#Transform 125
Transform: AffineTransform_float_3_3
Parameters: 0.999999 -0.000604958 0.00126883 0.000600704 0.999996 0.00297569 -0.00127108 -0.00297506 0.999995 -0.00334455 -0.0729909 0.153235
FixedParameters: 0 0 0

#Transform 126
Transform: AffineTransform_float_3_3
Parameters: 0.999999 -0.000511548 0.00170265 0.000507838 0.999997 0.00235801 -0.00170394 -0.00235677 0.999996 -0.00180572 -0.0112477 0.150331
FixedParameters: 0 0 0

#Transform 127
Transform: AffineTransform_float_3_3
Parameters: 0.999998 -0.000538929 0.00157857 0.0005339 0.999995 0.00301514 -0.00157971 -0.00301393 0.999995 0.000909446 -0.0439518 0.140528
FixedParameters: 0 0 0

#Transform 128
Transform: AffineTransform_float_3_3
Parameters: 0.999999 -0.000517355 0.00167405 0.000513594 0.999998 0.00212164 -0.0016749 -0.00212173 0.999996 -0.00116066 -0.0101645 0.151969
FixedParameters: 0 0 0

#Transform 129
Transform: AffineTransform_float_3_3
Parameters: 0.999999 -0.000261778 0.00135484 0.000258563 0.999998 0.00233641 -0.00135571 -0.0023353 0.999997 0.000220592 -0.03213 0.102913
FixedParameters: 0 0 0

#Transform 130
Transform: AffineTransform_float_3_3
Parameters: 0.999999 -0.0001619 0.00145825 0.00015676 0.999995 0.00315613 -0.00145911 -0.00315525 0.999994 0.00996801 -0.0166231 0.138976
FixedParameters: 0 0 0

#Transform 131
Transform: AffineTransform_float_3_3
Parameters: 0.999999 -5.44383e-05 0.00146862 5.05501e-05 0.999997 0.0023852 -0.00146852 -0.00238554 0.999996 0.0159763 0.00219022 0.104519
FixedParameters: 0 0 0

#Transform 132
Transform: AffineTransform_float_3_3
Parameters: 1 -0.00033319 0.00109424 0.000330573 0.999996 0.00271043 -0.00109471 -0.00271061 0.999996 0.0281236 -0.104208 0.174349
FixedParameters: 0 0 0

#Transform 133
Transform: AffineTransform_float_3_3
Parameters: 0.999999 -9.24766e-05 0.00138398 9.02608e-05 0.999998 0.00193158 -0.00138399 -0.00193091 0.999997 0.00932983 0.0353692 0.148972
FixedParameters: 0 0 0

#Transform 134
Transform: AffineTransform_float_3_3
Parameters: 0.999999 -0.000171192 0.00146291 0.000165874 0.999995 0.00320721 -0.00146385 -0.00320722 0.999994 0.0183077 -0.0283947 0.164163
FixedParameters: 0 0 0

#Transform 135
Transform: AffineTransform_float_3_3
Parameters: 0.999999 0.000284373 0.00137846 -0.000286288 0.999999 0.00140347 -0.00137808 -0.00140384 0.999998 -0.00859616 0.0682155 0.0679328
FixedParameters: 0 0 0

#Transform 136
Transform: AffineTransform_float_3_3
Parameters: 0.999998 7.6412e-05 0.00233604 -7.8857e-05 0.999999 0.00120211 -0.00233551 -0.00120256 0.999996 0.0464981 0.0216401 -0.148335
FixedParameters: 0 0 0

#Transform 137
Transform: AffineTransform_float_3_3
Parameters: 0.999998 -0.000389902 0.00166812 0.000387154 0.999998 0.00147373 -0.0016687 -0.00147384 0.999997 0.11816 -0.0309086 0.00274126
FixedParameters: 0 0 0

#Transform 138
Transform: AffineTransform_float_3_3
Parameters: 0.999998 -0.000281174 0.00196293 0.000277215 0.999998 0.00186371 -0.00196264 -0.0018631 0.999996 0.123524 -0.0559565 0.0596274
FixedParameters: 0 0 0

#Transform 139
Transform: AffineTransform_float_3_3
Parameters: 0.999998 -0.000127901 0.00193415 0.000124978 0.999999 0.00131959 -0.00193393 -0.00131918 0.999998 0.112102 0.0587665 0.0670696
FixedParameters: 0 0 0

#Transform 140
Transform: AffineTransform_float_3_3
Parameters: 0.999999 0.000311088 0.00140354 -0.000313428 0.999999 0.00152962 -0.00140301 -0.00153009 0.999998 0.103452 -0.0457163 0.0749794
FixedParameters: 0 0 0

#Transform 141
Transform: AffineTransform_float_3_3
Parameters: 0.999999 0.000363739 0.00140218 -0.000363991 1 9.45782e-05 -0.00140211 -9.51851e-05 0.999999 0.124647 0.0570824 -0.0030478
FixedParameters: 0 0 0

#Transform 142
Transform: AffineTransform_float_3_3
Parameters: 0.999999 7.70771e-06 0.00135627 -1.00971e-05 0.999999 0.0012414 -0.00135645 -0.00124193 0.999999 0.154189 -0.0458903 0.0334425
FixedParameters: 0 0 0

#Transform 143
Transform: AffineTransform_float_3_3
Parameters: 0.999998 0.000457938 0.00161553 -0.000457078 1 -0.000564907 -0.00161583 0.000564258 0.999999 0.123715 0.0778981 -0.0124863
FixedParameters: 0 0 0

#Transform 144
Transform: AffineTransform_float_3_3
Parameters: 0.999998 0.000177383 0.00186871 -0.000178337 1 0.000580883 -0.00186775 -0.000580717 0.999998 0.14693 -0.0265171 0.046567
FixedParameters: 0 0 0

#Transform 145
Transform: AffineTransform_float_3_3
Parameters: 0.999998 0.000138778 0.00168237 -0.000138017 1 -0.000512504 -0.0016823 0.000511544 0.999998 0.145985 0.0469672 0.0520726
FixedParameters: 0 0 0

#Transform 146
Transform: AffineTransform_float_3_3
Parameters: 0.999999 2.48859e-05 0.00178577 -2.45546e-05 1 -0.00035855 -0.00178558 0.000358381 0.999999 0.158 0.0899089 0.0591644
FixedParameters: 0 0 0

#Transform 147
Transform: AffineTransform_float_3_3
Parameters: 0.999997 0.000234782 0.00212439 -0.000233364 1 -0.000557516 -0.00212445 0.000557351 0.999997 0.14736 0.0672358 0.0737824
FixedParameters: 0 0 0

#Transform 148
Transform: AffineTransform_float_3_3
Parameters: 0.999997 -0.00013469 0.00234593 0.000134914 1 -3.84027e-05 -0.00234592 3.93652e-05 0.999998 0.144376 0.00719259 0.0606355
FixedParameters: 0 0 0

#Transform 149
Transform: AffineTransform_float_3_3
Parameters: 0.999997 -0.000115582 0.00239626 0.000118494 1 -0.00100931 -0.0023956 0.00100979 0.999996 0.153937 0.008534 0.0482485
FixedParameters: 0 0 0

#Transform 150
Transform: AffineTransform_float_3_3
Parameters: 0.999998 -0.000211673 0.001953 0.000214223 0.999999 -0.00120348 -0.00195303 0.00120382 0.999997 0.133234 0.0827533 0.0286586
FixedParameters: 0 0 0

#Transform 151
Transform: AffineTransform_float_3_3
Parameters: 0.999997 -0.000417432 0.00265816 0.000421729 0.999999 -0.00161701 -0.00265789 0.00161733 0.999995 0.122262 0.0778241 0.0262026
FixedParameters: 0 0 0

#Transform 152
Transform: AffineTransform_float_3_3
Parameters: 0.999997 -5.31072e-05 0.00268231 5.59839e-05 0.999999 -0.00111419 -0.00268253 0.0011139 0.999996 0.126474 0.0860605 -0.000266303
FixedParameters: 0 0 0

#Transform 153
Transform: AffineTransform_float_3_3
Parameters: 0.999996 -0.000212521 0.00277352 0.000212852 1 -0.000225101 -0.00277321 0.000226117 0.999996 0.102781 0.0627007 0.0328895
FixedParameters: 0 0 0

#Transform 154
Transform: AffineTransform_float_3_3
Parameters: 0.999995 -0.000357032 0.00297439 0.000356678 1 6.73898e-05 -0.00297443 -6.67579e-05 0.999996 0.116327 0.0442322 -0.0556235
FixedParameters: 0 0 0

#Transform 155
Transform: AffineTransform_float_3_3
Parameters: 0.999994 6.61341e-05 0.00324826 -6.62557e-05 1 0.000179846 -0.00324845 -0.000180033 0.999995 0.101667 0.0542884 0.0132563
FixedParameters: 0 0 0

#Transform 156
Transform: AffineTransform_float_3_3
Parameters: 0.999996 -0.000142837 0.00305575 0.000140491 1 0.000747795 -0.0030554 -0.000748006 0.999996 0.142089 0.000762328 0.0104305
FixedParameters: 0 0 0

#Transform 157
Transform: AffineTransform_float_3_3
Parameters: 0.999996 -0.000148577 0.0029989 0.000145675 1 0.000982375 -0.00299982 -0.000981667 0.999995 0.14301 0.0351717 0.0422349
FixedParameters: 0 0 0

#Transform 158
Transform: AffineTransform_float_3_3
Parameters: 0.999995 -0.000338591 0.00291299 0.000334774 0.999999 0.00123916 -0.00291249 -0.00123827 0.999995 0.148163 -0.0408447 0.0392123
FixedParameters: 0 0 0

#Transform 159
Transform: AffineTransform_float_3_3
Parameters: 0.999996 1.68057e-05 0.00302361 -1.84638e-05 1 0.000447442 -0.00302381 -0.000447305 0.999996 0.121242 0.0701733 0.036078
FixedParameters: 0 0 0

#Transform 160
Transform: AffineTransform_float_3_3
Parameters: 0.999996 -0.000204281 0.00306926 0.000202112 1 0.000715956 -0.00306899 -0.000714875 0.999995 0.129886 -0.0114785 0.0220694
FixedParameters: 0 0 0

#Transform 161
Transform: AffineTransform_float_3_3
Parameters: 0.999994 -0.000325298 0.00347849 0.000322221 1 0.00090532 -0.00347873 -0.000903733 0.999993 0.137397 0.0335531 0.0591357
FixedParameters: 0 0 0

#Transform 162
Transform: AffineTransform_float_3_3
Parameters: 0.999995 4.03097e-05 0.00313549 -4.25066e-05 0.999999 0.000673152 -0.00313586 -0.000673171 0.999995 0.1369 0.0857219 -0.0157814
FixedParameters: 0 0 0

#Transform 163
Transform: AffineTransform_float_3_3
Parameters: 0.999996 1.49884e-05 0.00302075 -1.70691e-05 1 0.000874185 -0.00302038 -0.00087354 0.999995 0.140059 0.0381331 0.0600849
FixedParameters: 0 0 0

#Transform 164
Transform: AffineTransform_float_3_3
Parameters: 0.999995 -3.59469e-06 0.0029302 2.50727e-06 0.999999 0.000528646 -0.00293063 -0.000528801 0.999995 0.134543 0.0564226 0.0195738
FixedParameters: 0 0 0

#Transform 165
Transform: AffineTransform_float_3_3
Parameters: 0.999996 1.87224e-05 0.00302664 -1.86302e-05 1 -3.7553e-06 -0.00302664 3.47522e-06 0.999995 0.129503 0.0643963 0.0936361
FixedParameters: 0 0 0

#Transform 166
Transform: AffineTransform_float_3_3
Parameters: 0.999997 -8.70674e-05 0.00253972 8.62686e-05 1 0.000165868 -0.00253975 -0.000165098 0.999997 0.131738 0.0399808 0.0188633
FixedParameters: 0 0 0

#Transform 167
Transform: AffineTransform_float_3_3
Parameters: 0.999996 1.54428e-05 0.00302146 -1.78493e-05 0.999999 0.000768437 -0.00302088 -0.00076829 0.999995 0.128054 0.00801021 0.117824
FixedParameters: 0 0 0

#Transform 168
Transform: AffineTransform_float_3_3
Parameters: 0.999995 -0.00042519 0.00311875 0.000423394 1 0.000488757 -0.00311839 -0.000487185 0.999995 0.118319 0.0547353 0.000125543
FixedParameters: 0 0 0

#Transform 169
Transform: AffineTransform_float_3_3
Parameters: 0.999992 -0.000939503 0.00388755 0.000935299 0.999999 0.00108398 -0.00388942 -0.00108009 0.999992 0.140501 0.01592 0.144079
FixedParameters: 0 0 0

#Transform 170
Transform: AffineTransform_float_3_3
Parameters: 0.999992 -0.000873489 0.00394067 0.000872605 1 0.000400194 -0.00394079 -0.000396708 0.999992 0.137838 0.0758463 0.0692483
FixedParameters: 0 0 0

#Transform 171
Transform: AffineTransform_float_3_3
Parameters: 0.999993 -0.000873212 0.00345215 0.00087003 0.999999 0.000926078 -0.00345339 -0.000924283 0.999993 0.119459 0.0146396 0.0961956
FixedParameters: 0 0 0

#Transform 172
Transform: AffineTransform_float_3_3
Parameters: 0.999991 -0.000774011 0.00419865 0.0007711 1 0.000735071 -0.00419942 -0.000731566 0.999991 0.123678 0.0541338 0.126037
FixedParameters: 0 0 0

#Transform 173
Transform: AffineTransform_float_3_3
Parameters: 0.999992 -0.000805795 0.00404706 0.000803941 1 0.000484812 -0.00404824 -0.000481697 0.999991 0.11653 0.0219945 0.0482135
FixedParameters: 0 0 0

#Transform 174
Transform: AffineTransform_float_3_3
Parameters: 0.99999 -0.000934613 0.00439472 0.000929284 0.999999 0.00133515 -0.00439649 -0.00133177 0.999989 0.126141 2.84238e-05 0.14114
FixedParameters: 0 0 0

#Transform 175
Transform: AffineTransform_float_3_3
Parameters: 0.999993 -0.000851944 0.00382914 0.000851357 0.999999 0.000219285 -0.0038297 -0.00021616 0.999992 0.108418 0.0575335 0.130618
FixedParameters: 0 0 0

#Transform 176
Transform: AffineTransform_float_3_3
Parameters: 0.999993 -0.000858895 0.00381871 0.000853091 0.999999 0.00159426 -0.00382073 -0.00159112 0.999992 0.116298 -0.0438343 0.203304
FixedParameters: 0 0 0

#Transform 177
Transform: AffineTransform_float_3_3
Parameters: 0.99999 -0.000694912 0.00456242 0.000692868 0.999999 0.000585991 -0.00456287 -0.000582726 0.999989 0.0991485 0.0400302 0.111863
FixedParameters: 0 0 0

#Transform 178
Transform: AffineTransform_float_3_3
Parameters: 0.999993 -0.00085348 0.00382683 0.000851756 0.999999 0.000523278 -0.00382715 -0.000520146 0.999992 0.0978552 0.0210781 0.0994552
FixedParameters: 0 0 0

#Transform 179
Transform: AffineTransform_float_3_3
Parameters: 0.99999 -0.000728178 0.004406 0.000726221 1 0.000458726 -0.00440706 -0.000455801 0.999991 0.0961178 0.0276753 0.112612
FixedParameters: 0 0 0

#Transform 180
Transform: AffineTransform_float_3_3
Parameters: 0.999988 -0.000882706 0.00485432 0.000878731 0.999999 0.000851139 -0.00485565 -0.000847064 0.999988 0.113585 0.0829602 -0.109712
FixedParameters: 0 0 0

#Transform 181
Transform: AffineTransform_float_3_3
Parameters: 0.999992 -0.000440178 0.0039152 0.000434334 0.999999 0.00156102 -0.00391586 -0.00155967 0.999991 0.1389 -0.00972332 -0.177608
FixedParameters: 0 0 0

#Transform 182
Transform: AffineTransform_float_3_3
Parameters: 0.999993 -0.000420412 0.00372532 0.000415619 0.999999 0.0014974 -0.00372586 -0.00149677 0.999992 0.17829 -0.0677847 -0.136155
FixedParameters: 0 0 0

#Transform 183
Transform: AffineTransform_float_3_3
Parameters: 0.999993 3.83415e-05 0.00390187 -4.29565e-05 0.999999 0.00110475 -0.00390263 -0.00110491 0.999992 0.141531 0.0225649 -0.273611
FixedParameters: 0 0 0

#Transform 184
Transform: AffineTransform_float_3_3
Parameters: 0.999991 -0.00030102 0.00426483 0.0002908 0.999997 0.00242732 -0.00426543 -0.00242646 0.999988 0.166258 -0.0505931 -0.149942
FixedParameters: 0 0 0

#Transform 185
Transform: AffineTransform_float_3_3
Parameters: 0.999989 -0.000478493 0.00464312 0.000463655 0.999994 0.0032991 -0.00464449 -0.00329738 0.999984 0.183902 -9.45809e-05 -0.208977
FixedParameters: 0 0 0

#Transform 186
Transform: AffineTransform_float_3_3
Parameters: 0.99999 -0.000276241 0.00450563 0.000265754 0.999997 0.00222233 -0.00450579 -0.00222073 0.999987 0.185198 -0.0339308 -0.120599
FixedParameters: 0 0 0

#Transform 187
Transform: AffineTransform_float_3_3
Parameters: 0.999991 -0.000300081 0.00439277 0.000290588 0.999998 0.00214146 -0.00439396 -0.00214103 0.999988 0.17822 -0.00577657 -0.17289
FixedParameters: 0 0 0

#Transform 188
Transform: AffineTransform_float_3_3
Parameters: 0.999989 -0.000269719 0.00453237 0.000259838 0.999998 0.0020345 -0.00453219 -0.00203293 0.999988 0.168508 0.0235161 -0.162563
FixedParameters: 0 0 0

#Transform 189
Transform: AffineTransform_float_3_3
Parameters: 0.999991 0.000330439 0.00424411 -0.000341313 0.999997 0.00272054 -0.00424286 -0.00272151 0.999988 0.201556 -0.0237305 -0.104443
FixedParameters: 0 0 0

