#Insight Transform File V1.0
#Transform 0
Transform: AffineTransform_float_3_3
Parameters: 0.999997 0.00057554 -0.00212874 -0.000556481 0.99996 0.00899086 0.00213381 -0.00899006 0.999957 -0.0963747 -0.164831 0.630681
FixedParameters: 0 0 0

#Transform 1
Transform: AffineTransform_float_3_3
Parameters: 0.999997 0.000794963 -0.0024121 -0.000775615 0.999969 0.00780689 0.00241811 -0.00780536 0.999967 -0.106476 -0.130488 0.558687
FixedParameters: 0 0 0

#Transform 2
Transform: AffineTransform_float_3_3
Parameters: 0.999996 0.000644883 -0.00256416 -0.000629349 0.999982 0.00614708 0.00256741 -0.00614511 0.999978 -0.113118 -0.148594 0.409309
FixedParameters: 0 0 0

#Transform 3
Transform: AffineTransform_float_3_3
Parameters: 0.999996 0.000607952 -0.0028183 -0.000589051 0.999979 0.00651248 0.0028228 -0.00651105 0.999975 -0.104744 -0.113533 0.353186
FixedParameters: 0 0 0

#Transform 4
Transform: AffineTransform_float_3_3
Parameters: 0.999996 0.000591015 -0.00296954 -0.000565495 0.999965 0.00838403 0.00297391 -0.00838254 0.99996 -0.094736 -0.169685 0.459417
FixedParameters: 0 0 0

#Transform 5
Transform: AffineTransform_float_3_3
Parameters: 0.999996 0.000448561 -0.00257315 -0.0004295 0.999973 0.00736548 0.00257648 -0.00736452 0.999969 -0.0958665 -0.167738 0.437582
FixedParameters: 0 0 0

#Transform 6
Transform: AffineTransform_float_3_3
Parameters: 0.999997 -8.2548e-05 -0.00240636 9.82476e-05 0.999978 0.0066366 0.00240566 -0.00663707 0.999975 -0.0844856 -0.12698 0.404562
FixedParameters: 0 0 0

#Transform 7
Transform: AffineTransform_float_3_3
Parameters: 0.999996 0.000865503 -0.00265981 -0.000843405 0.999966 0.00818366 0.00266702 -0.00818107 0.999963 -0.139351 -0.111337 0.61973
FixedParameters: 0 0 0

#Transform 8
Transform: AffineTransform_float_3_3
Parameters: 0.999998 0.000243115 -0.00204721 -0.000227397 0.999971 0.00768842 0.00204822 -0.0076878 0.999969 -0.110799 -0.218735 0.519528
FixedParameters: 0 0 0

#Transform 9
Transform: AffineTransform_float_3_3
Parameters: 0.999999 0.000273398 -0.00181555 -0.000263537 0.999985 0.005586 0.00181713 -0.00558568 0.999983 -0.118114 -0.125867 0.363781
FixedParameters: 0 0 0

#Transform 10
Transform: AffineTransform_float_3_3
Parameters: 0.999999 0.000319435 -0.00151589 -0.000309876 0.999981 0.00627394 0.00151827 -0.00627269 0.999979 -0.146099 -0.119814 0.258111
FixedParameters: 0 0 0

#Transform 11
Transform: AffineTransform_float_3_3
Parameters: 1 0.00111115 -7.34297e-05 -0.00111041 0.999971 0.00744326 8.19263e-05 -0.00744312 0.999973 -0.237989 -0.147849 0.298697
FixedParameters: 0 0 0

#Transform 12
Transform: AffineTransform_float_3_3
Parameters: 1 0.00104412 -0.000422195 -0.00104145 0.999976 0.00688449 0.00042996 -0.00688362 0.999976 -0.205425 -0.0791771 0.44456
FixedParameters: 0 0 0

#Transform 13
Transform: AffineTransform_float_3_3
Parameters: 0.999997 0.00189793 -0.00108658 -0.00188946 0.999964 0.008253 0.00110313 -0.00825046 0.999965 -0.191279 -0.0633586 0.756056
FixedParameters: 0 0 0

#Transform 14
Transform: AffineTransform_float_3_3
Parameters: 0.999994 0.00317087 -0.00156886 -0.00315435 0.99994 0.0104464 0.00160208 -0.0104409 0.999944 -0.177186 -0.214257 0.753865
FixedParameters: 0 0 0

#Transform 15
Transform: AffineTransform_float_3_3
Parameters: 0.999994 0.00221968 -0.00267326 -0.00220175 0.999977 0.00640718 0.00268796 -0.00640139 0.999976 -0.108948 -0.0879881 0.725815
FixedParameters: 0 0 0

#Transform 16
Transform: AffineTransform_float_3_3
Parameters: 0.999996 0.00231263 -0.0020299 -0.00230222 0.999987 0.00472585 0.00204094 -0.0047209 0.999987 -0.130669 -0.0880374 0.642675
FixedParameters: 0 0 0

#Transform 17
Transform: AffineTransform_float_3_3
Parameters: 0.999995 0.00171563 -0.00257609 -0.00170532 0.999991 0.00396792 0.00258316 -0.00396292 0.999988 -0.0936464 -0.0482607 0.593441
FixedParameters: 0 0 0

#Transform 18
Transform: AffineTransform_float_3_3
Parameters: 0.999996 0.00153912 -0.00208225 -0.00153378 0.999995 0.00265619 0.00208625 -0.00265266 0.999994 -0.0967612 -0.045464 0.504774
FixedParameters: 0 0 0

#Transform 19
Transform: AffineTransform_float_3_3
Parameters: 0.999996 0.00156466 -0.00240073 -0.00155481 0.999991 0.00416376 0.00240721 -0.00416009 0.999989 -0.0869342 -0.00882891 0.439225
FixedParameters: 0 0 0

#Transform 20
Transform: AffineTransform_float_3_3
Parameters: 1 0.000556416 -0.000124654 -0.000556459 1 -0.000170128 0.000124464 0.000170267 1 -0.0125146 -0.0132079 0.0145285
FixedParameters: 0 0 0

#Transform 21
Transform: AffineTransform_float_3_3
Parameters: 0.999998 -0.00199788 -0.000400704 0.00199644 0.99999 -0.00404018 0.000409464 0.00403888 0.999991 0.0435959 0.201824 -0.352368
FixedParameters: 0 0 0

#Transform 22
Transform: AffineTransform_float_3_3
Parameters: 0.999999 -0.00156843 -0.000931886 0.0015661 0.999995 -0.00258007 0.000936541 0.00257903 0.999996 0.0263217 0.231171 -0.0972547
FixedParameters: 0 0 0

#Transform 23
Transform: AffineTransform_float_3_3
Parameters: 0.999999 0.00102139 -0.00103321 -0.00101457 0.99998 0.00625217 0.0010398 -0.00625103 0.99998 -0.122639 -0.123015 0.322304
FixedParameters: 0 0 0

#Transform 24
Transform: AffineTransform_float_3_3
Parameters: 0.999999 -3.87402e-05 -0.000991743 3.83231e-05 1 0.000287791 0.000991874 -0.000287867 0.999999 -0.046879 -0.0505816 0.164562
FixedParameters: 0 0 0

#Transform 25
Transform: AffineTransform_float_3_3
Parameters: 0.999999 -0.000170793 -0.00125145 0.000171246 1 0.000572894 0.00125141 -0.000573017 0.999999 -0.0379553 0.0429526 -0.000200544
FixedParameters: 0 0 0

#Transform 26
Transform: AffineTransform_float_3_3
Parameters: 0.999999 0.000313508 -0.00180352 -0.000312015 0.999999 0.000684263 0.0018041 -0.000683478 0.999998 -0.0184475 0.0360973 0.049843
FixedParameters: 0 0 0

#Transform 27
Transform: AffineTransform_float_3_3
Parameters: 0.999999 -0.000193847 -0.00142443 0.000195011 1 0.00040627 0.00142427 -0.00040652 0.999999 -0.0393143 0.0786954 0.0196012
FixedParameters: 0 0 0

#Transform 28
Transform: AffineTransform_float_3_3
Parameters: 0.999997 0.00132066 -0.00175975 -0.00131533 0.999993 0.00342127 0.00176476 -0.00341949 0.999993 -0.145838 -0.0595156 0.556177
FixedParameters: 0 0 0

#Transform 29
Transform: AffineTransform_float_3_3
Parameters: 0.999994 0.0019663 -0.00278436 -0.0019503 0.999983 0.00554343 0.00279525 -0.00553825 0.99998 -0.126216 -0.054913 0.491324
FixedParameters: 0 0 0

#Transform 30
Transform: AffineTransform_float_3_3
Parameters: 0.999993 0.0029974 -0.00247327 -0.00299007 0.999991 0.00296016 0.00248302 -0.00295323 0.999992 -0.225839 -0.0702936 0.413914
FixedParameters: 0 0 0

#Transform 31
Transform: AffineTransform_float_3_3
Parameters: 0.999995 0.00309171 -0.000485856 -0.00308948 0.999984 0.00467631 0.000499944 -0.00467483 0.999989 -0.269819 -0.069017 0.536908
FixedParameters: 0 0 0

#Transform 32
Transform: AffineTransform_float_3_3
Parameters: 0.999996 0.00253842 -0.00171728 -0.0025288 0.999983 0.00515743 0.00173052 -0.00515346 0.999985 -0.263986 -0.082966 0.554017
FixedParameters: 0 0 0

#Transform 33
Transform: AffineTransform_float_3_3
Parameters: 0.999992 0.00331699 -0.00228035 -0.00330009 0.999966 0.00764786 0.00230644 -0.00763999 0.999968 -0.263198 -0.160814 0.651174
FixedParameters: 0 0 0

#Transform 34
Transform: AffineTransform_float_3_3
Parameters: 0.999994 0.00279264 -0.00194289 -0.00277881 0.999972 0.00697674 0.00196158 -0.0069719 0.999973 -0.208782 -0.142669 0.809203
FixedParameters: 0 0 0

#Transform 35
Transform: AffineTransform_float_3_3
Parameters: 0.999995 0.0024733 -0.00197873 -0.00245773 0.999966 0.00779826 0.00199731 -0.00779293 0.999968 -0.24528 -0.130366 0.843944
FixedParameters: 0 0 0

#Transform 36
Transform: AffineTransform_float_3_3
Parameters: 0.99999 0.00409993 -0.00183538 -0.00407201 0.999872 0.0154689 0.0018986 -0.0154613 0.999878 -0.224039 -0.368981 1.26369
FixedParameters: 0 0 0

#Transform 37
Transform: AffineTransform_float_3_3
Parameters: 0.999988 0.00416723 -0.00255876 -0.00412738 0.999873 0.015416 0.00262299 -0.0154057 0.999878 -0.316462 -0.274322 1.26392
FixedParameters: 0 0 0

#Transform 38
Transform: AffineTransform_float_3_3
Parameters: 0.999982 0.00389516 -0.00460318 -0.00384371 0.999929 0.0112635 0.00464691 -0.0112459 0.999926 -0.233148 -0.00520978 0.72584
FixedParameters: 0 0 0

#Transform 39
Transform: AffineTransform_float_3_3
Parameters: 0.999966 0.00719863 -0.0039489 -0.00709512 0.999647 0.025629 0.00413182 -0.0255997 0.999663 -0.420041 -0.560532 1.92435
FixedParameters: 0 0 0

#Transform 40
Transform: AffineTransform_float_3_3
Parameters: 0.999978 0.00588863 -0.00289055 -0.00582574 0.999754 0.0213866 0.00301626 -0.021369 0.999767 -0.327742 -0.464948 1.32446
FixedParameters: 0 0 0

#Transform 41
Transform: AffineTransform_float_3_3
Parameters: 0.999981 0.00523352 -0.00322161 -0.00517059 0.999801 0.0192828 0.00332271 -0.0192663 0.999809 -0.263302 -0.373625 1.22141
FixedParameters: 0 0 0

#Transform 42
Transform: AffineTransform_float_3_3
Parameters: 0.999983 0.00454705 -0.00373438 -0.00448312 0.99985 0.0167246 0.00381003 -0.0167078 0.999853 -0.281193 -0.235309 1.04424
FixedParameters: 0 0 0

#Transform 43
Transform: AffineTransform_float_3_3
Parameters: 0.999951 0.00883079 -0.00452324 -0.00870739 0.999607 0.0266397 0.00475645 -0.0265994 0.999635 -0.489569 -0.628228 1.75311
FixedParameters: 0 0 0

#Transform 44
Transform: AffineTransform_float_3_3
Parameters: 0.999959 0.0076427 -0.00486019 -0.00752509 0.999691 0.0236998 0.0050393 -0.0236623 0.999707 -0.399229 -0.464738 1.60391
FixedParameters: 0 0 0

#Transform 45
Transform: AffineTransform_float_3_3
Parameters: 0.999963 0.00670056 -0.00542175 -0.00660286 0.999816 0.0180164 0.00554119 -0.0179807 0.999823 -0.306474 -0.246927 1.19565
FixedParameters: 0 0 0

#Transform 46
Transform: AffineTransform_float_3_3
Parameters: 0.999959 0.00647349 -0.00645861 -0.00637735 0.99987 0.0148173 0.00655357 -0.014775 0.999869 -0.281804 -0.273203 1.00224
FixedParameters: 0 0 0

#Transform 47
Transform: AffineTransform_float_3_3
Parameters: 0.999949 0.00704397 -0.00735338 -0.00693798 0.999874 0.0142728 0.00745371 -0.0142212 0.999871 -0.258039 -0.278977 0.971273
FixedParameters: 0 0 0

#Transform 48
Transform: AffineTransform_float_3_3
Parameters: 0.999956 0.0065184 -0.00668048 -0.00641912 0.999871 0.0147085 0.00677562 -0.0146654 0.99987 -0.256801 -0.232042 0.882899
FixedParameters: 0 0 0

#Transform 49
Transform: AffineTransform_float_3_3
Parameters: 0.999978 0.00424537 -0.00512556 -0.00418103 0.999914 0.0124 0.00517712 -0.0123783 0.99991 -0.267016 -0.219969 0.780313
FixedParameters: 0 0 0

#Transform 50
Transform: AffineTransform_float_3_3
Parameters: 0.999983 0.00440485 -0.00402881 -0.00435129 0.999905 0.0131387 0.00408629 -0.0131217 0.999906 -0.236388 -0.23159 0.469146
FixedParameters: 0 0 0

#Transform 51
Transform: AffineTransform_float_3_3
Parameters: 0.999982 0.004573 -0.00371613 -0.00452313 0.999902 0.0132747 0.00377573 -0.0132578 0.999904 -0.262003 -0.250492 0.620542
FixedParameters: 0 0 0

#Transform 52
Transform: AffineTransform_float_3_3
Parameters: 0.99997 0.00459934 -0.00617544 -0.00453121 0.999929 0.0109749 0.00622544 -0.010947 0.999921 -0.177341 -0.184473 0.595283
FixedParameters: 0 0 0

#Transform 53
Transform: AffineTransform_float_3_3
Parameters: 0.999968 0.00325884 -0.00725994 -0.00320005 0.999962 0.00809513 0.00728597 -0.00807094 0.999941 -0.11726 -0.0905797 0.566627
FixedParameters: 0 0 0

#Transform 54
Transform: AffineTransform_float_3_3
Parameters: 0.99997 0.00323732 -0.00706931 -0.00317658 0.999959 0.00853165 0.00709695 -0.00850962 0.999938 -0.122816 -0.168597 0.510178
FixedParameters: 0 0 0

#Transform 55
Transform: AffineTransform_float_3_3
Parameters: 0.999971 0.00284815 -0.00709331 -0.00279176 0.999965 0.00800316 0.007116 -0.0079827 0.999943 -0.121527 -0.10321 0.41867
FixedParameters: 0 0 0

#Transform 56
Transform: AffineTransform_float_3_3
Parameters: 0.999975 0.00253198 -0.00663769 -0.00248837 0.999976 0.00652878 0.00665392 -0.00651276 0.999956 -0.123763 -0.0105561 0.441306
FixedParameters: 0 0 0

#Transform 57
Transform: AffineTransform_float_3_3
Parameters: 0.999977 0.00231226 -0.00641486 -0.00226951 0.999976 0.0066644 0.00643083 -0.00665041 0.999957 -0.109391 -0.0899113 0.597133
FixedParameters: 0 0 0

#Transform 58
Transform: AffineTransform_float_3_3
Parameters: 0.99998 0.00238896 -0.00585306 -0.00235769 0.999982 0.0054259 0.00586666 -0.00541253 0.999968 -0.137277 -0.0356782 0.375066
FixedParameters: 0 0 0

#Transform 59
Transform: AffineTransform_float_3_3
Parameters: 0.999985 0.00230864 -0.00498754 -0.0022816 0.999982 0.00543363 0.00500054 -0.00542225 0.999973 -0.138727 -0.0781826 0.304664
FixedParameters: 0 0 0

#Transform 60
Transform: AffineTransform_float_3_3
Parameters: 0.999994 0.000735022 -0.0032391 -0.000696079 0.999931 0.011731 0.0032475 -0.011729 0.999926 -0.0980023 -0.220914 0.39453
FixedParameters: 0 0 0

#Transform 61
Transform: AffineTransform_float_3_3
Parameters: 0.999988 0.000288624 -0.00482967 -0.000223214 0.99991 0.0134707 0.00483348 -0.0134699 0.999898 -0.0553472 -0.327588 0.5027
FixedParameters: 0 0 0

#Transform 62
Transform: AffineTransform_float_3_3
Parameters: 0.999984 0.0030624 -0.00467735 -0.00300282 0.999914 0.012742 0.0047164 -0.0127273 0.999908 -0.208603 -0.272244 0.567521
FixedParameters: 0 0 0

#Transform 63
Transform: AffineTransform_float_3_3
Parameters: 0.999985 0.00329954 -0.00426164 -0.00323854 0.999892 0.0143117 0.0043081 -0.0142975 0.999888 -0.215859 -0.372223 0.922502
FixedParameters: 0 0 0

#Transform 64
Transform: AffineTransform_float_3_3
Parameters: 0.999985 0.00295187 -0.00467241 -0.00290093 0.999936 0.0108537 0.00470436 -0.0108397 0.999931 -0.150059 -0.199545 0.708666
FixedParameters: 0 0 0

#Transform 65
Transform: AffineTransform_float_3_3
Parameters: 0.999986 0.00280066 -0.00449875 -0.00274706 0.999925 0.0119348 0.00453189 -0.0119226 0.999918 -0.135807 -0.270542 0.740586
FixedParameters: 0 0 0

#Transform 66
Transform: AffineTransform_float_3_3
Parameters: 0.999984 0.00348404 -0.00432305 -0.00343716 0.999936 0.0107736 0.00436033 -0.0107583 0.999933 -0.176932 -0.222014 0.690937
FixedParameters: 0 0 0

#Transform 67
Transform: AffineTransform_float_3_3
Parameters: 0.999987 0.00337136 -0.00368 -0.00333028 0.999931 0.0111998 0.00371701 -0.0111872 0.999931 -0.140356 -0.153519 0.521028
FixedParameters: 0 0 0

#Transform 68
Transform: AffineTransform_float_3_3
Parameters: 0.999986 0.00330237 -0.00429312 -0.00323351 0.999864 0.0161659 0.00434601 -0.0161511 0.99986 -0.162026 -0.410173 0.591028
FixedParameters: 0 0 0

#Transform 69
Transform: AffineTransform_float_3_3
Parameters: 0.999995 0.00180572 -0.00266975 -0.00176409 0.999875 0.0156842 0.00269794 -0.0156791 0.999874 -0.146306 -0.369455 0.804006
FixedParameters: 0 0 0

#Transform 70
Transform: AffineTransform_float_3_3
Parameters: 0.999965 0.00280084 -0.00798753 -0.00273156 0.999959 0.00862339 0.00801152 -0.00860073 0.999931 -0.153091 -0.216597 0.0450539
FixedParameters: 0 0 0

#Transform 71
Transform: AffineTransform_float_3_3
Parameters: 0.999978 0.00508188 -0.00440063 -0.00505333 0.999967 0.00633907 0.00443266 -0.00631649 0.99997 -0.307573 -0.0429972 0.211878
FixedParameters: 0 0 0

#Transform 72
Transform: AffineTransform_float_3_3
Parameters: 0.99998 0.00440375 -0.00441014 -0.00438171 0.999978 0.00495145 0.00443169 -0.0049326 0.999978 -0.280062 -0.0733474 0.441923
FixedParameters: 0 0 0

#Transform 73
Transform: AffineTransform_float_3_3
Parameters: 0.999976 0.0039804 -0.00565226 -0.00394655 0.999975 0.0060124 0.00567588 -0.00599043 0.999966 -0.238289 -0.0349251 0.615978
FixedParameters: 0 0 0

#Transform 74
Transform: AffineTransform_float_3_3
Parameters: 0.999976 0.00350209 -0.00590108 -0.00348746 0.99999 0.00265342 0.00591007 -0.00263351 0.99998 -0.193463 -0.044905 0.596091
FixedParameters: 0 0 0

#Transform 75
Transform: AffineTransform_float_3_3
Parameters: 0.99998 0.00349384 -0.00517362 -0.00347613 0.999988 0.00346343 0.0051854 -0.00344611 0.99998 -0.181077 0.00552459 0.610566
FixedParameters: 0 0 0

#Transform 76
Transform: AffineTransform_float_3_3
Parameters: 0.999981 0.00279095 -0.00540051 -0.00277382 0.999991 0.00331215 0.00540971 -0.00329646 0.99998 -0.143545 -0.0549074 0.614263
FixedParameters: 0 0 0

#Transform 77
Transform: AffineTransform_float_3_3
Parameters: 0.999979 0.00214275 -0.00602341 -0.00210876 0.999982 0.00556746 0.00603606 -0.0055547 0.999966 -0.105885 -0.0489249 0.69897
FixedParameters: 0 0 0

#Transform 78
Transform: AffineTransform_float_3_3
Parameters: 0.999988 0.00171873 -0.00453791 -0.00171059 0.999997 0.00172409 0.00454095 -0.00171624 0.999988 -0.105819 0.0248184 0.499727
FixedParameters: 0 0 0

#Transform 79
Transform: AffineTransform_float_3_3
Parameters: 0.999985 0.00176598 -0.00531243 -0.00176222 0.999998 0.000657915 0.00531325 -0.000648517 0.999986 -0.077434 0.0688701 0.318182
FixedParameters: 0 0 0

#Transform 80
Transform: AffineTransform_float_3_3
Parameters: 0.999988 -0.000434473 -0.00485049 0.000429011 1 -0.00119786 0.00485158 0.00119637 0.999988 0.0179023 0.121888 -0.12938
FixedParameters: 0 0 0

#Transform 81
Transform: AffineTransform_float_3_3
Parameters: 0.999983 -0.000768756 -0.00587706 0.000726406 0.999974 -0.00714168 0.00588226 0.00713738 0.999957 0.104119 0.217187 -0.490165
FixedParameters: 0 0 0

#Transform 82
Transform: AffineTransform_float_3_3
Parameters: 0.999981 -0.00102358 -0.00610467 0.000989522 0.999983 -0.00570414 0.00611059 0.00569854 0.999965 0.148459 0.220015 -0.40356
FixedParameters: 0 0 0

#Transform 83
Transform: AffineTransform_float_3_3
Parameters: 0.999984 -0.00115872 -0.0056586 0.00111981 0.999976 -0.00681041 0.00566613 0.00680455 0.999961 0.158396 0.273848 -0.407578
FixedParameters: 0 0 0

#Transform 84
Transform: AffineTransform_float_3_3
Parameters: 0.999985 -0.00151457 -0.00534536 0.00147654 0.999974 -0.00708045 0.00535557 0.00707277 0.99996 0.165719 0.191461 -0.380453
FixedParameters: 0 0 0

#Transform 85
Transform: AffineTransform_float_3_3
Parameters: 0.999991 0.000262714 -0.00424946 -0.000289659 0.999979 -0.00640998 0.00424771 0.00641095 0.99997 0.0938454 0.260216 -0.176818
FixedParameters: 0 0 0

#Transform 86
Transform: AffineTransform_float_3_3
Parameters: 0.999987 0.00256111 -0.00452708 -0.00257323 0.999993 -0.00280211 0.00451975 0.00281388 0.999986 -0.00569226 0.123022 0.0232711
FixedParameters: 0 0 0

#Transform 87
Transform: AffineTransform_float_3_3
Parameters: 0.99999 0.00240312 -0.00375869 -0.00241597 0.999991 -0.00349151 0.0037499 0.00350071 0.999987 -0.0339064 0.165327 0.0300421
FixedParameters: 0 0 0

#Transform 88
Transform: AffineTransform_float_3_3
Parameters: 0.999992 0.00145524 -0.00371008 -0.0014737 0.999986 -0.0050891 0.00370231 0.00509451 0.99998 0.0549967 0.168195 -0.136243
FixedParameters: 0 0 0

#Transform 89
Transform: AffineTransform_float_3_3
Parameters: 0.99999 0.000608689 -0.00458444 -0.000645104 0.999969 -0.00790002 0.00457906 0.00790279 0.999958 0.124004 0.26543 -0.228773
FixedParameters: 0 0 0

#Transform 90
Transform: AffineTransform_float_3_3
Parameters: 0.999991 0.000358473 -0.00408461 -0.00038889 0.999972 -0.00735007 0.0040816 0.00735174 0.999965 0.184142 0.25439 -0.172012
FixedParameters: 0 0 0

#Transform 91
Transform: AffineTransform_float_3_3
Parameters: 0.99999 1.15612e-05 -0.00433573 -4.09302e-05 0.999978 -0.00665628 0.00433603 0.00665638 0.999968 0.170183 0.180871 -0.217784
FixedParameters: 0 0 0

#Transform 92
Transform: AffineTransform_float_3_3
Parameters: 0.999988 -0.00040689 -0.00496021 0.000362773 0.99996 -0.00897089 0.00496416 0.00896909 0.999948 0.178888 0.337624 -0.18362
FixedParameters: 0 0 0

#Transform 93
Transform: AffineTransform_float_3_3
Parameters: 0.999994 0.00091181 -0.00348531 -0.000922977 0.999995 -0.00313086 0.00348298 0.00313371 0.999989 0.023714 0.114788 0.130552
FixedParameters: 0 0 0

#Transform 94
Transform: AffineTransform_float_3_3
Parameters: 0.999996 -0.000207408 -0.00282316 0.000203624 0.999999 -0.00119902 0.00282319 0.00119812 0.999996 0.0357252 0.163525 0.199778
FixedParameters: 0 0 0

#Transform 95
Transform: AffineTransform_float_3_3
Parameters: 0.999996 -0.000295835 -0.00304883 0.000291799 0.999999 -0.00131494 0.00304899 0.00131371 0.999995 0.0750746 0.076404 -0.00798559
FixedParameters: 0 0 0

#Transform 96
Transform: AffineTransform_float_3_3
Parameters: 0.999998 0.000404273 -0.00197375 -0.000409451 0.999997 -0.00238902 0.00197317 0.00239028 0.999995 -0.0167041 0.212253 -0.0790349
FixedParameters: 0 0 0

#Transform 97
Transform: AffineTransform_float_3_3
Parameters: 0.999999 -0.000386459 -0.00164872 0.000376802 0.999984 -0.00555075 0.00165059 0.00555009 0.999983 0.0395969 0.188018 -0.334041
FixedParameters: 0 0 0

#Transform 98
Transform: AffineTransform_float_3_3
Parameters: 0.999995 -0.00128442 -0.00280649 0.00124321 0.99989 -0.0147685 0.0028251 0.0147654 0.999886 0.134016 0.398162 -0.805317
FixedParameters: 0 0 0

#Transform 99
Transform: AffineTransform_float_3_3
Parameters: 0.999995 -0.00128004 -0.00281963 0.00124468 0.999919 -0.0127096 0.00283588 0.0127065 0.999915 0.150108 0.415895 -0.392977
FixedParameters: 0 0 0

#Transform 100
Transform: AffineTransform_float_3_3
Parameters: 0.999999 0.000985458 -0.00156911 -0.000997431 0.99997 -0.00768191 0.0015611 0.00768343 0.99997 -0.0857099 0.00246058 0.537281
FixedParameters: 0 0 0

#Transform 101
Transform: AffineTransform_float_3_3
Parameters: 0.999996 0.000959003 -0.00244112 -0.000974058 0.999981 -0.00615386 0.00243499 0.00615603 0.999978 -0.0413181 0.0399462 0.310245
FixedParameters: 0 0 0

#Transform 102
Transform: AffineTransform_float_3_3
Parameters: 0.999986 -0.00026039 -0.00540164 0.000211268 0.999958 -0.00908327 0.00540335 0.0090824 0.999944 0.127481 0.344235 -0.188671
FixedParameters: 0 0 0

#Transform 103
Transform: AffineTransform_float_3_3
Parameters: 0.999984 -0.000332124 -0.00560929 0.000280297 0.999957 -0.00925141 0.00561192 0.00924964 0.999941 0.152432 0.338218 -0.102671
FixedParameters: 0 0 0

#Transform 104
Transform: AffineTransform_float_3_3
Parameters: 0.999991 0.000777875 -0.00411469 -0.000795981 0.99999 -0.00447242 0.00411083 0.00447626 0.999982 -0.0158217 0.0776388 0.410818
FixedParameters: 0 0 0

#Transform 105
Transform: AffineTransform_float_3_3
Parameters: 0.999999 0.0010344 -0.0015303 -0.0010399 0.999992 -0.00365472 0.00152689 0.0036563 0.999993 -0.076681 -0.0255116 0.289485
FixedParameters: 0 0 0

#Transform 106
Transform: AffineTransform_float_3_3
Parameters: 0.999984 -0.000289067 -0.00562917 0.000281371 0.999999 -0.00130714 0.00562883 0.00130593 0.999984 0.00289447 -0.113552 0.567543
FixedParameters: 0 0 0

#Transform 107
Transform: AffineTransform_float_3_3
Parameters: 0.99999 0.0024434 -0.00393522 -0.00241482 0.999972 0.00707932 0.0039516 -0.00707038 0.999967 -0.072149 -0.205142 1.0156
FixedParameters: 0 0 0

#Transform 108
Transform: AffineTransform_float_3_3
Parameters: 0.999989 0.0031554 -0.00330873 -0.00312092 0.999942 0.0102518 0.00334086 -0.0102414 0.999942 -0.122066 -0.212279 1.53643
FixedParameters: 0 0 0

#Transform 109
Transform: AffineTransform_float_3_3
Parameters: 0.99998 0.00383908 -0.00504928 -0.00378432 0.999934 0.010859 0.00509106 -0.0108395 0.999929 -0.110616 -0.188592 1.52213
FixedParameters: 0 0 0

#Transform 110
Transform: AffineTransform_float_3_3
Parameters: 0.999982 0.00287759 -0.00515808 -0.00283881 0.999968 0.00751634 0.00517977 -0.00750087 0.999958 -0.0444883 -0.181639 1.02675
FixedParameters: 0 0 0

#Transform 111
Transform: AffineTransform_float_3_3
Parameters: 0.999984 0.000382472 -0.00552899 -0.000342089 0.999975 0.0071637 0.00553215 -0.0071624 0.999959 -0.0810376 -0.213243 0.247445
FixedParameters: 0 0 0

#Transform 112
Transform: AffineTransform_float_3_3
Parameters: 0.999971 0.00250215 -0.00714612 -0.00243951 0.999958 0.0087968 0.00716808 -0.00877948 0.999936 -0.122119 -0.0812628 0.309547
FixedParameters: 0 0 0

#Transform 113
Transform: AffineTransform_float_3_3
Parameters: 0.999918 0.00831835 -0.00979734 -0.00793978 0.999242 0.0381103 0.0101073 -0.0380295 0.999226 -0.391204 -1.01978 2.51305
FixedParameters: 0 0 0

#Transform 114
Transform: AffineTransform_float_3_3
Parameters: 0.999911 0.00830209 -0.0104434 -0.00772578 0.998509 0.0540257 0.0108766 -0.0539397 0.998485 -0.236215 -1.37724 2.49776
FixedParameters: 0 0 0

#Transform 115
Transform: AffineTransform_float_3_3
Parameters: 0.999937 0.00675969 -0.00896878 -0.00652068 0.999632 0.0263529 0.00914305 -0.0262925 0.999612 -0.174317 -0.339531 1.69257
FixedParameters: 0 0 0

#Transform 116
Transform: AffineTransform_float_3_3
Parameters: 0.999943 0.00628171 -0.00862726 -0.00605334 0.999636 0.0262596 0.00878926 -0.0262056 0.999617 -0.153924 -0.533101 1.73433
FixedParameters: 0 0 0

#Transform 117
Transform: AffineTransform_float_3_3
Parameters: 0.999948 0.00577439 -0.00844875 -0.00557674 0.999714 0.0232661 0.00858064 -0.0232181 0.999694 -0.13402 -0.426567 1.58011
FixedParameters: 0 0 0

#Transform 118
Transform: AffineTransform_float_3_3
Parameters: 0.999957 0.00488765 -0.00782068 -0.00470168 0.999713 0.0235004 0.00793393 -0.0234621 0.999694 -0.099612 -0.513882 1.55535
FixedParameters: 0 0 0

#Transform 119
Transform: AffineTransform_float_3_3
Parameters: 0.99997 0.00302119 -0.00712215 -0.00287451 0.999788 0.020413 0.00718211 -0.0203928 0.999766 -0.0493537 -0.355796 1.39137
FixedParameters: 0 0 0

#Transform 120
Transform: AffineTransform_float_3_3
Parameters: 0.999971 0.00304879 -0.00692595 -0.00290491 0.999784 0.0205861 0.00698668 -0.0205659 0.999764 -0.0805685 -0.362609 1.3605
FixedParameters: 0 0 0

#Transform 121
Transform: AffineTransform_float_3_3
Parameters: 0.999978 0.00369563 -0.00542201 -0.00358361 0.999785 0.0204424 0.00549598 -0.0204226 0.999776 -0.102104 -0.412762 1.19014
FixedParameters: 0 0 0

#Transform 122
Transform: AffineTransform_float_3_3
Parameters: 0.99999 0.00337005 -0.00301336 -0.00329386 0.999677 0.0252133 0.0030973 -0.0252029 0.999678 -0.129353 -0.528342 1.26426
FixedParameters: 0 0 0

#Transform 123
Transform: AffineTransform_float_3_3
Parameters: 0.999987 0.0048295 -0.00201959 -0.00476885 0.999574 0.0288064 0.00215754 -0.0287961 0.999583 -0.201897 -0.719855 1.19968
FixedParameters: 0 0 0

#Transform 124
Transform: AffineTransform_float_3_3
Parameters: 0.999988 0.00357196 -0.00341895 -0.00348945 0.999713 0.0237101 0.00350288 -0.0236976 0.999713 -0.148074 -0.562252 1.05713
FixedParameters: 0 0 0

#Transform 125
Transform: AffineTransform_float_3_3
Parameters: 0.999923 0.00634911 -0.0106015 -0.00599805 0.999446 0.0327421 0.0108039 -0.0326754 0.999407 -0.0610792 -0.787039 1.568
FixedParameters: 0 0 0

#Transform 126
Transform: AffineTransform_float_3_3
Parameters: 0.99995 0.00614843 -0.00789409 -0.00602609 0.999863 0.015381 0.00798678 -0.0153319 0.999851 -0.148182 -0.421448 0.922047
FixedParameters: 0 0 0

#Transform 127
Transform: AffineTransform_float_3_3
Parameters: 0.999974 0.00380061 -0.00612559 -0.00378798 0.99999 0.00212632 0.00613368 -0.00210338 0.999979 -0.0198066 -0.0716772 0.219362
FixedParameters: 0 0 0

#Transform 128
Transform: AffineTransform_float_3_3
Parameters: 0.999989 0.00210149 -0.00432566 -0.00211355 0.999994 -0.00268004 0.00432074 0.00268901 0.999987 0.166564 0.109935 -0.360499
FixedParameters: 0 0 0

#Transform 129
Transform: AffineTransform_float_3_3
Parameters: 0.999979 0.00174958 -0.00621457 -0.0018823 0.999771 -0.0212954 0.00617646 0.021307 0.999754 0.247293 0.452179 -0.683897
FixedParameters: 0 0 0

#Transform 130
Transform: AffineTransform_float_3_3
Parameters: 0.99999 0.00217178 -0.00394684 -0.00223106 0.999884 -0.0150604 0.0039138 0.0150692 0.999879 0.161227 0.28581 -0.292587
FixedParameters: 0 0 0

#Transform 131
Transform: AffineTransform_float_3_3
Parameters: 0.999984 0.0014899 -0.00545298 -0.00162221 0.999699 -0.0244704 0.00541564 0.0244784 0.999686 0.270475 0.655982 -0.827469
FixedParameters: 0 0 0

#Transform 132
Transform: AffineTransform_float_3_3
Parameters: 0.999988 0.000241484 -0.00480681 -0.000374422 0.999618 -0.0276321 0.00479841 0.0276336 0.999607 0.283693 0.785591 -0.920284
FixedParameters: 0 0 0

#Transform 133
Transform: AffineTransform_float_3_3
Parameters: 0.999982 0.00165722 -0.00583119 -0.00175272 0.999862 -0.0165189 0.0058033 0.0165291 0.999847 0.162177 0.368997 0.0151496
FixedParameters: 0 0 0

#Transform 134
Transform: AffineTransform_float_3_3
Parameters: 0.999974 0.00367865 -0.00616966 -0.00373579 0.999949 -0.00933211 0.00613497 0.00935552 0.999938 0.0514668 0.215689 0.329782
FixedParameters: 0 0 0

#Transform 135
Transform: AffineTransform_float_3_3
Parameters: 0.999981 0.00372647 -0.00486073 -0.00377089 0.999951 -0.00916865 0.00482552 0.0091876 0.999946 0.0709685 0.372204 -0.10856
FixedParameters: 0 0 0

#Transform 136
Transform: AffineTransform_float_3_3
Parameters: 0.999987 0.00211223 -0.00475398 -0.00220542 0.999805 -0.0196039 0.00471157 0.0196139 0.999797 0.133361 0.57735 -0.617911
FixedParameters: 0 0 0

#Transform 137
Transform: AffineTransform_float_3_3
Parameters: 0.999989 0.00128681 -0.00460507 -0.00139138 0.999737 -0.0228706 0.00457491 0.0228769 0.999728 0.20878 0.653096 -0.760545
FixedParameters: 0 0 0

#Transform 138
Transform: AffineTransform_float_3_3
Parameters: 0.999993 -0.000348441 -0.00386958 0.000279524 0.999841 -0.0178045 0.00387504 0.0178035 0.999834 0.227195 0.482785 -0.531993
FixedParameters: 0 0 0

#Transform 139
Transform: AffineTransform_float_3_3
Parameters: 0.999997 -2.72819e-05 -0.00215526 9.54848e-06 0.999967 -0.00803848 0.00215494 0.00803835 0.999966 0.121915 0.268188 -0.0974865
FixedParameters: 0 0 0

#Transform 140
Transform: AffineTransform_float_3_3
Parameters: 0.999994 0.00306401 -0.0014642 -0.00307162 0.99998 -0.00556876 0.0014469 0.00557336 0.999983 -0.0208798 0.21904 -0.055311
FixedParameters: 0 0 0

#Transform 141
Transform: AffineTransform_float_3_3
Parameters: 0.999991 0.00372087 -0.00171594 -0.0037329 0.999971 -0.0066907 0.00169069 0.00669753 0.999976 -0.0697528 0.266608 -0.0685618
FixedParameters: 0 0 0

#Transform 142
Transform: AffineTransform_float_3_3
Parameters: 0.999991 0.00426402 -0.00113333 -0.00427002 0.999975 -0.00566172 0.00110926 0.00566642 0.999983 -0.0965062 0.183656 -0.121808
FixedParameters: 0 0 0

#Transform 143
Transform: AffineTransform_float_3_3
Parameters: 0.999992 0.00320023 -0.00214149 -0.00321222 0.99998 -0.00532544 0.00212489 0.00533289 0.999983 -0.0031868 0.201862 0.0320518
FixedParameters: 0 0 0

#Transform 144
Transform: AffineTransform_float_3_3
Parameters: 0.99999 0.00152818 -0.00432321 -0.00153381 0.999997 -0.00139448 0.00432099 0.00140097 0.99999 0.0402368 0.0468759 0.408222
FixedParameters: 0 0 0

#Transform 145
Transform: AffineTransform_float_3_3
Parameters: 0.999991 0.00201375 -0.00391487 -0.0020248 0.999994 -0.00266615 0.00390866 0.00267334 0.999989 0.0286707 0.114101 0.366828
FixedParameters: 0 0 0

#Transform 146
Transform: AffineTransform_float_3_3
Parameters: 0.999992 0.00163827 -0.00350334 -0.00164973 0.999993 -0.00334019 0.00349759 0.00334596 0.999989 0.037785 0.0709383 0.326175
FixedParameters: 0 0 0

#Transform 147
Transform: AffineTransform_float_3_3
Parameters: 0.99999 0.00199462 -0.00399588 -0.00201143 0.999989 -0.00431134 0.00398802 0.0043197 0.999983 0.0511415 0.154998 0.197564
FixedParameters: 0 0 0

#Transform 148
Transform: AffineTransform_float_3_3
Parameters: 0.999991 0.00257091 -0.00355049 -0.0025834 0.999991 -0.003506 0.00354062 0.00351477 0.999988 -0.0191768 0.129328 0.0975088
FixedParameters: 0 0 0

#Transform 149
Transform: AffineTransform_float_3_3
Parameters: 0.999991 0.00287758 -0.00318221 -0.00289047 0.999988 -0.00389201 0.00317107 0.00390119 0.999987 -0.0123689 0.152866 -0.0757496
FixedParameters: 0 0 0

#Transform 150
Transform: AffineTransform_float_3_3
Parameters: 0.999998 0.00182366 -0.000761551 -0.00182857 0.999978 -0.00634466 0.00074979 0.0063459 0.999979 0.0887725 0.140977 -0.791045
FixedParameters: 0 0 0

#Transform 151
Transform: AffineTransform_float_3_3
Parameters: 0.999997 -0.0024917 0.000514541 0.00250167 0.99982 -0.0188047 -0.00046793 0.0188061 0.999823 0.275101 0.4974 -1.63489
FixedParameters: 0 0 0

#Transform 152
Transform: AffineTransform_float_3_3
Parameters: 0.999996 -0.00277931 -0.00110499 0.00275533 0.999774 -0.0210954 0.00116331 0.0210921 0.999777 0.341076 0.593197 -1.52975
FixedParameters: 0 0 0

#Transform 153
Transform: AffineTransform_float_3_3
Parameters: 0.999993 -0.00354398 -0.00132551 0.00351276 0.999725 -0.0231563 0.00140693 0.0231522 0.999731 0.392172 0.578921 -1.54221
FixedParameters: 0 0 0

#Transform 154
Transform: AffineTransform_float_3_3
Parameters: 0.999998 -0.00152551 -0.00144106 0.00150588 0.999908 -0.0134915 0.00146168 0.013489 0.999908 0.265975 0.253416 -0.346531
FixedParameters: 0 0 0

#Transform 155
Transform: AffineTransform_float_3_3
Parameters: 0.999998 -0.000138976 -0.00201348 0.000124092 0.999971 -0.00765246 0.00201503 0.00765253 0.999968 0.160027 0.10834 0.211794
FixedParameters: 0 0 0

#Transform 156
Transform: AffineTransform_float_3_3
Parameters: 0.999995 -0.00028497 -0.00293084 0.000266508 0.99998 -0.00635967 0.00293242 0.00635926 0.999975 0.189626 0.125324 0.189464
FixedParameters: 0 0 0

#Transform 157
Transform: AffineTransform_float_3_3
Parameters: 0.999999 -0.00143746 -0.000519743 0.00142797 0.999818 -0.0190253 0.000547225 0.0190243 0.999819 0.316768 0.516618 -0.787359
FixedParameters: 0 0 0

#Transform 158
Transform: AffineTransform_float_3_3
Parameters: 0.999996 -0.00223321 -0.00118696 0.00219849 0.999579 -0.0289419 0.00125084 0.0289388 0.99958 0.354752 0.809028 -1.28788
FixedParameters: 0 0 0

#Transform 159
Transform: AffineTransform_float_3_3
Parameters: 0.999998 -0.00157597 -0.000235563 0.00156867 0.999643 -0.0266692 0.000277864 0.0266689 0.999644 0.245835 0.761443 -1.0293
FixedParameters: 0 0 0

#Transform 160
Transform: AffineTransform_float_3_3
Parameters: 0.999996 -0.00259589 -0.000173727 0.00259098 0.99969 -0.0247588 0.000238506 0.0247576 0.999694 0.256675 0.659273 -0.759626
FixedParameters: 0 0 0

#Transform 161
Transform: AffineTransform_float_3_3
Parameters: 0.999997 -0.0023912 -0.000164786 0.00238636 0.999685 -0.0249925 0.000224657 0.0249917 0.999688 0.278489 0.644046 -0.95203
FixedParameters: 0 0 0

#Transform 162
Transform: AffineTransform_float_3_3
Parameters: 0.999997 -0.00233204 0.000390728 0.00234109 0.999688 -0.0248384 -0.00033203 0.0248393 0.999692 0.244236 0.592617 -0.677443
FixedParameters: 0 0 0

#Transform 163
Transform: AffineTransform_float_3_3
Parameters: 0.999993 -0.00326282 0.00154748 0.00328879 0.999856 -0.0166312 -0.00149338 0.0166366 0.999861 0.151296 0.408292 -0.146632
FixedParameters: 0 0 0

#Transform 164
Transform: AffineTransform_float_3_3
Parameters: 1 -0.000576775 0.00105975 0.000587928 0.999937 -0.0112633 -0.00105379 0.0112645 0.999936 0.119557 0.39055 0.0243611
FixedParameters: 0 0 0

#Transform 165
Transform: AffineTransform_float_3_3
Parameters: 0.999999 -0.000519282 0.00139486 0.000536466 0.999921 -0.0125311 -0.001388 0.0125316 0.99992 0.0275661 0.395119 -0.16378
FixedParameters: 0 0 0

#Transform 166
Transform: AffineTransform_float_3_3
Parameters: 0.999999 -0.000460161 0.00131133 0.000483479 0.999846 -0.0175523 -0.00130344 0.0175539 0.999845 0.0253238 0.518706 -0.518717
FixedParameters: 0 0 0

#Transform 167
Transform: AffineTransform_float_3_3
Parameters: 0.999998 0.000244831 0.00199788 -0.000209233 0.999846 -0.0175818 -0.00200151 0.0175815 0.999844 -0.0514558 0.518272 -0.478631
FixedParameters: 0 0 0

#Transform 168
Transform: AffineTransform_float_3_3
Parameters: 0.999997 0.000697942 0.00228669 -0.000673416 0.999943 -0.0107218 -0.00229454 0.0107202 0.99994 -0.0993098 0.37607 -0.159727
FixedParameters: 0 0 0

#Transform 169
Transform: AffineTransform_float_3_3
Parameters: 0.999998 0.000624137 0.00191283 -0.000615563 0.999989 -0.0045356 -0.00191608 0.0045348 0.999988 -0.0722896 0.0945723 0.120133
FixedParameters: 0 0 0

#Transform 170
Transform: AffineTransform_float_3_3
Parameters: 0.999999 -0.000769015 0.00116245 0.000773959 0.999993 -0.00368568 -0.00116025 0.00368651 0.999992 0.0688812 0.129125 0.180041
FixedParameters: 0 0 0

#Transform 171
Transform: AffineTransform_float_3_3
Parameters: 0.999994 -0.00348407 3.48974e-06 0.00348462 0.999983 -0.00456814 1.30648e-05 0.00456844 0.99999 0.266964 0.124538 0.158932
FixedParameters: 0 0 0

#Transform 172
Transform: AffineTransform_float_3_3
Parameters: 0.999997 -0.00209523 0.000806361 0.0020967 0.999996 -0.0019178 -0.000802111 0.0019196 0.999998 0.0901776 -0.0941173 0.461147
FixedParameters: 0 0 0

#Transform 173
Transform: AffineTransform_float_3_3
Parameters: 0.999997 -0.00198213 0.00153371 0.00198237 0.999999 -0.000450051 -0.00153274 0.000453614 0.999999 0.0175763 -0.09013 0.136535
FixedParameters: 0 0 0

#Transform 174
Transform: AffineTransform_float_3_3
Parameters: 0.999993 -0.00344844 -0.000930216 0.00344449 0.999984 -0.00452839 0.000945513 0.00452511 0.999989 0.139991 0.225757 -0.0470922
FixedParameters: 0 0 0

#Transform 175
Transform: AffineTransform_float_3_3
Parameters: 1 -0.000119101 -1.67162e-05 0.000119079 1 -0.000650101 1.68711e-05 0.000650097 1 -0.117673 -0.0389054 0.0450362
FixedParameters: 0 0 0

#Transform 176
Transform: AffineTransform_float_3_3
Parameters: 0.999999 -0.00104364 5.63555e-05 0.00104352 0.999993 -0.00355932 -5.18858e-05 0.00355912 0.999993 -0.0352669 0.102881 0.164343
FixedParameters: 0 0 0

#Transform 177
Transform: AffineTransform_float_3_3
Parameters: 0.999998 -0.00223873 -0.000401266 0.00223696 0.999985 -0.00486738 0.000411568 0.00486587 0.999988 0.075192 0.23281 0.13395
FixedParameters: 0 0 0

#Transform 178
Transform: AffineTransform_float_3_3
Parameters: 1 -0.000491507 0.00100838 0.000496877 0.999986 -0.0053935 -0.00100524 0.0053945 0.999985 -0.0914997 0.0628033 0.269066
FixedParameters: 0 0 0

#Transform 179
Transform: AffineTransform_float_3_3
Parameters: 0.999999 0.000738094 -0.00105681 -0.000739099 0.999999 -0.0010163 0.00105615 0.00101691 0.999999 -0.138346 0.1273 0.285829
FixedParameters: 0 0 0

#Transform 180
Transform: AffineTransform_float_3_3
Parameters: 0.999995 -0.00283318 0.000755427 0.00283523 0.999994 -0.00187509 -0.000749728 0.00187717 0.999998 0.126113 0.03219 0.13304
FixedParameters: 0 0 0

#Transform 181
Transform: AffineTransform_float_3_3
Parameters: 0.999995 -0.00306932 0.00103159 0.00307316 0.999988 -0.00375446 -0.00102006 0.00375825 0.999992 0.118018 0.00830337 0.248656
FixedParameters: 0 0 0

#Transform 182
Transform: AffineTransform_float_3_3
Parameters: 0.999994 -0.00351088 0.000242967 0.00351168 0.999988 -0.00325664 -0.000231115 0.0032574 0.999994 0.120131 0.0696715 0.187411
FixedParameters: 0 0 0

#Transform 183
Transform: AffineTransform_float_3_3
Parameters: 0.999998 -0.00227099 0.000481772 0.0022723 0.999989 -0.00391053 -0.000472735 0.00391111 0.999993 0.0407318 0.158277 0.243764
FixedParameters: 0 0 0

#Transform 184
Transform: AffineTransform_float_3_3
Parameters: 0.999997 -0.00242578 -0.000484788 0.00242293 0.999988 -0.00429801 0.000495284 0.0042969 0.999991 0.0224644 -0.0023168 0.425514
FixedParameters: 0 0 0

#Transform 185
Transform: AffineTransform_float_3_3
Parameters: 0.999993 0.000187283 -0.00385494 -0.000207843 0.999986 -0.00530533 0.00385373 0.00530612 0.999978 0.0375606 -0.130868 0.796311
FixedParameters: 0 0 0

#Transform 186
Transform: AffineTransform_float_3_3
Parameters: 0.999999 -0.00142511 -0.00102551 0.00141635 0.999965 -0.00819234 0.00103738 0.00819032 0.999966 0.18563 0.279586 -0.354046
FixedParameters: 0 0 0

#Transform 187
Transform: AffineTransform_float_3_3
Parameters: 0.999994 -0.00334554 -0.000731877 0.00333208 0.99984 -0.0175571 0.000791332 0.0175544 0.999846 0.287806 0.447702 -0.537655
FixedParameters: 0 0 0

#Transform 188
Transform: AffineTransform_float_3_3
Parameters: 0.999995 -0.00282867 -0.00119978 0.00281417 0.999925 -0.0119398 0.00123348 0.0119361 0.999928 0.26323 0.27627 -0.379999
FixedParameters: 0 0 0

#Transform 189
Transform: AffineTransform_float_3_3
