#Insight Transform File V1.0
#Transform 0
Transform: AffineTransform_float_3_3
Parameters: 1 0.000748695 -0.000882968 -0.000748601 0.999999 -0.000502877 0.000882015 0.000503277 0.999999 -0.0702046 -0.159814 0.0163962
FixedParameters: 0 0 0

#Transform 1
Transform: AffineTransform_float_3_3
Parameters: 0.999999 -0.000327628 -0.000743938 0.000326217 0.999998 -0.00212741 0.000743953 0.00212823 0.999998 -0.0180986 -0.0975189 -0.0681937
FixedParameters: 0 0 0

#Transform 2
Transform: AffineTransform_float_3_3
Parameters: 1 5.27579e-05 -0.000923792 -5.55801e-05 0.999996 -0.00258599 0.000923117 0.00258648 0.999996 -0.000652249 -0.050267 -0.117507
FixedParameters: 0 0 0

#Transform 3
Transform: AffineTransform_float_3_3
Parameters: 1 0.000368277 -0.000990295 -0.000369712 0.999999 -0.00121969 0.000989195 0.00122042 0.999999 -0.0275721 -0.0443447 -0.0455666
FixedParameters: 0 0 0

#Transform 4
Transform: AffineTransform_float_3_3
Parameters: 1 0.000417686 -0.000937251 -0.000419398 0.999997 -0.00217031 0.000936999 0.00217057 0.999998 -0.0285272 0.00843092 -0.110067
FixedParameters: 0 0 0

#Transform 5
Transform: AffineTransform_float_3_3
Parameters: 1 0.000254691 -0.00105213 -0.000255511 0.999999 -0.000856736 0.00105149 0.000856742 0.999999 -0.0259137 0.0367628 -0.0551862
FixedParameters: 0 0 0

#Transform 6
Transform: AffineTransform_float_3_3
Parameters: 1 0.000494335 -0.000941729 -0.000496444 0.999997 -0.00226537 0.00094007 0.00226539 0.999997 -0.0297177 0.0230054 -0.130016
FixedParameters: 0 0 0

#Transform 7
Transform: AffineTransform_float_3_3
Parameters: 0.999999 0.000387845 -0.000776061 -0.000387865 1 -1.244e-05 0.000776051 1.3042e-05 0.999999 -0.0287185 -0.000603959 -0.0193606
FixedParameters: 0 0 0

#Transform 8
Transform: AffineTransform_float_3_3
Parameters: 1 2.03045e-05 -0.000375916 -2.01523e-05 1 0.000202504 0.000375924 -0.000202489 1 0.0347904 0.0258174 -0.0221042
FixedParameters: 0 0 0

#Transform 9
Transform: AffineTransform_float_3_3
Parameters: 1 0.000582714 -0.000149619 -0.000582633 1 0.000269383 0.000149933 -0.000269209 1 0.0205955 -0.0758407 -0.0080827
FixedParameters: 0 0 0

#Transform 10
Transform: AffineTransform_float_3_3
Parameters: 1 0.000193974 -7.00219e-05 -0.000193986 1 -9.0916e-05 6.99866e-05 9.09431e-05 1 0.00208628 -0.0114912 0.0174195
FixedParameters: 0 0 0

#Transform 11
Transform: AffineTransform_float_3_3
Parameters: 1 8.59328e-05 -5.02221e-05 -8.57918e-05 0.999999 0.00142801 5.0469e-05 -0.001428 0.999999 0.00362867 -0.0411134 0.079674
FixedParameters: 0 0 0

#Transform 12
Transform: AffineTransform_float_3_3
Parameters: 1 0.000631724 -0.000159574 -0.000631645 1 0.000248426 0.000159888 -0.000248224 1 -0.0364944 -0.0318154 0.0194434
FixedParameters: 0 0 0

#Transform 13
Transform: AffineTransform_float_3_3
Parameters: 1 -0.000130764 0.000478354 0.000131096 1 -0.000347388 -0.000478263 0.000347513 1 -0.0271111 -0.0414609 -0.0341161
FixedParameters: 0 0 0

#Transform 14
Transform: AffineTransform_float_3_3
Parameters: 1 -0.000350252 0.000405797 0.000349968 1 -0.000862795 -0.000404993 0.000862689 0.999999 -0.0236588 -0.0228712 -0.0373192
FixedParameters: 0 0 0

#Transform 15
Transform: AffineTransform_float_3_3
Parameters: 1 -0.000333141 -1.81276e-05 0.000333127 1 -0.00038632 1.8385e-05 0.000386308 1 -0.00290653 -0.0457015 -0.00165382
FixedParameters: 0 0 0

#Transform 16
Transform: AffineTransform_float_3_3
Parameters: 1 -0.000350328 -0.000101824 0.000350298 1 -0.00014748 0.000101928 0.000147409 1 -0.0222631 0.0220813 -0.00818886
FixedParameters: 0 0 0

#Transform 17
Transform: AffineTransform_float_3_3
Parameters: 1 -0.000322691 3.47093e-05 0.000322875 1 0.000228781 -3.38771e-05 -0.000228757 1 0.0109917 0.0438254 -0.0169733
FixedParameters: 0 0 0

#Transform 18
Transform: AffineTransform_float_3_3
Parameters: 1 -0.000321791 3.6418e-05 0.000321847 0.999999 -0.000771217 -3.59216e-05 0.00077124 0.999999 -0.00573895 0.0146924 -0.00303394
FixedParameters: 0 0 0

#Transform 19
Transform: AffineTransform_float_3_3
Parameters: 1 -0.000322537 3.50033e-05 0.000322533 1 5.67812e-05 -3.504e-05 -5.67586e-05 1 0.011583 -0.00723924 -0.0203661
FixedParameters: 0 0 0

#Transform 20
Transform: AffineTransform_float_3_3
Parameters: 1 -3.48454e-05 0.000138991 3.48862e-05 1 -0.000146833 -0.000138981 0.000146842 1 0.00927035 0.00705406 0.00258066
FixedParameters: 0 0 0

#Transform 21
Transform: AffineTransform_float_3_3
Parameters: 1 4.00758e-05 0.000251984 -4.01048e-05 1 5.7374e-05 -0.000251979 -5.73942e-05 1 0.00995244 0.00644354 -0.0178536
FixedParameters: 0 0 0

#Transform 22
Transform: AffineTransform_float_3_3
Parameters: 1 9.13656e-06 0.000204524 -9.07654e-06 1 -0.000146711 -0.000204527 0.000146707 1 0.00800578 -0.0259051 -0.00142511
FixedParameters: 0 0 0

#Transform 23
Transform: AffineTransform_float_3_3
Parameters: 1 6.3765e-06 0.000190137 -6.23513e-06 1 -0.000371733 -0.000190142 0.00037173 1 -0.00503912 -0.00617979 -0.0490713
FixedParameters: 0 0 0

#Transform 24
Transform: AffineTransform_float_3_3
Parameters: 1 0.000127987 2.26443e-05 -0.000127995 1 0.000181139 -2.25979e-05 -0.000181145 1 -0.0176831 -0.0213124 -0.00444295
FixedParameters: 0 0 0

#Transform 25
Transform: AffineTransform_float_3_3
Parameters: 1 0.000187045 0.00049783 -0.000186252 0.999999 -0.000796241 -0.000498127 0.000796056 0.999999 -0.00214041 0.00349053 -0.0942966
FixedParameters: 0 0 0

#Transform 26
Transform: AffineTransform_float_3_3
Parameters: 1 0.000236087 5.76654e-05 -0.000236118 1 0.000270271 -5.75377e-05 -0.000270298 1 -0.0214503 -0.0619153 -0.0201157
FixedParameters: 0 0 0

#Transform 27
Transform: AffineTransform_float_3_3
Parameters: 1 0.000244614 0.000418969 -0.000243578 0.999999 -0.000999116 -0.000418476 0.000999304 1 -0.0192172 -0.0192011 -0.0786995
FixedParameters: 0 0 0

#Transform 28
Transform: AffineTransform_float_3_3
Parameters: 1 0.000248647 -1.7192e-06 -0.000248647 1 2.7213e-05 1.73274e-06 -2.72121e-05 1 -0.0196849 -0.0324121 -0.0725703
FixedParameters: 0 0 0

#Transform 29
Transform: AffineTransform_float_3_3
Parameters: 1 8.37426e-05 3.3028e-05 -8.36933e-05 0.999999 -0.000744885 -3.31528e-05 0.00074488 0.999999 -0.0179393 0.0410026 -0.0924245
FixedParameters: 0 0 0

#Transform 30
Transform: AffineTransform_float_3_3
Parameters: 1 0.000501796 -5.28552e-05 -0.000501838 1 -0.000395613 5.24582e-05 0.000395666 1 -0.0303483 -0.0482738 -0.0798017
FixedParameters: 0 0 0

#Transform 31
Transform: AffineTransform_float_3_3
Parameters: 1 0.000513089 5.48323e-07 -0.000512891 1 -0.000962753 -5.55412e-07 0.000962362 0.999999 -0.0283489 -0.00438539 -0.0967259
FixedParameters: 0 0 0

#Transform 32
Transform: AffineTransform_float_3_3
Parameters: 1 0.000501858 -5.2788e-05 -0.000501907 1 -0.000471613 5.23146e-05 0.000471666 1 -0.0254237 -0.00859559 -0.103478
FixedParameters: 0 0 0

#Transform 33
Transform: AffineTransform_float_3_3
Parameters: 1 0.000384985 -2.79321e-05 -0.00038506 0.999999 -0.0013087 2.69261e-05 0.00130872 0.999999 -0.0387949 -0.00647431 -0.117852
FixedParameters: 0 0 0

#Transform 34
Transform: AffineTransform_float_3_3
Parameters: 1 0.000500824 -5.3917e-05 -0.000500937 0.999999 0.000803385 5.3742e-05 -0.000803332 0.999999 -0.0340797 -0.0331095 -0.0661976
FixedParameters: 0 0 0

#Transform 35
Transform: AffineTransform_float_3_3
Parameters: 1 0.000321009 -1.52481e-05 -0.000322021 1 -0.000953935 1.48351e-05 0.000953554 0.999999 -0.0134578 -0.0154223 -0.0945649
FixedParameters: 0 0 0

#Transform 36
Transform: AffineTransform_float_3_3
Parameters: 1 0.000107955 2.76165e-05 -0.000107931 1 -0.000430872 -2.77095e-05 0.000430866 1 0.0121636 -0.0342933 -0.113988
FixedParameters: 0 0 0

#Transform 37
Transform: AffineTransform_float_3_3
Parameters: 1 0.000107791 2.73812e-05 -0.000107777 1 -0.000246872 -2.74345e-05 0.000246866 1 0.0116162 -0.0382996 -0.0730214
FixedParameters: 0 0 0

#Transform 38
Transform: AffineTransform_float_3_3
Parameters: 1 0.00012343 0.000103146 -0.000123326 1 -0.000499764 -0.00010327 0.000499738 1 0.00553893 -0.0146144 -0.113283
FixedParameters: 0 0 0

#Transform 39
Transform: AffineTransform_float_3_3
Parameters: 1 0.000108196 2.79616e-05 -0.000108157 0.999999 -0.000700871 -2.81132e-05 0.000700865 1 -0.0181621 -0.00785615 -0.0924727
FixedParameters: 0 0 0

#Transform 40
Transform: AffineTransform_float_3_3
Parameters: 1 0.000277679 -6.71283e-06 -0.000277688 0.999999 -0.000690768 6.3292e-06 0.000690771 1 -0.00328836 -0.0208824 -0.119166
FixedParameters: 0 0 0

#Transform 41
Transform: AffineTransform_float_3_3
Parameters: 1 0.000108115 2.78453e-05 -0.000108081 1 -0.000609871 -2.79771e-05 0.000609865 1 -0.00801513 -0.00441789 -0.0729903
FixedParameters: 0 0 0

#Transform 42
Transform: AffineTransform_float_3_3
Parameters: 1 0.000439577 -3.94906e-05 -0.000439657 1 -0.000986659 3.86248e-05 0.000986694 1 -0.0233989 -0.0187335 -0.13775
FixedParameters: 0 0 0

#Transform 43
Transform: AffineTransform_float_3_3
Parameters: 1 0.000672307 -8.76397e-05 -0.000672383 0.999999 -0.000433482 8.70567e-05 0.000433599 1 -0.0339285 -0.0338705 -0.108268
FixedParameters: 0 0 0

#Transform 44
Transform: AffineTransform_float_3_3
Parameters: 1 0.000177747 1.37235e-05 -0.000177728 0.999999 -0.00069083 -1.39691e-05 0.000690825 1 -0.00760176 -0.00160017 -0.155451
FixedParameters: 0 0 0

#Transform 45
Transform: AffineTransform_float_3_3
Parameters: 1 0.000164909 -4.76421e-05 -0.000164926 1 -0.000180916 4.75824e-05 0.000180932 1 -0.00502148 -0.00941836 -0.0887991
FixedParameters: 0 0 0

#Transform 46
Transform: AffineTransform_float_3_3
Parameters: 1 9.4882e-05 -0.000391224 -9.52274e-05 1 -0.000441424 0.000391141 0.000441498 1 0.00425716 -0.0199938 -0.147809
FixedParameters: 0 0 0

#Transform 47
Transform: AffineTransform_float_3_3
Parameters: 1 0.000434567 -0.000461362 -0.000434297 1 0.000292936 0.000461616 -0.000292535 1 0.00318658 -0.0231271 -0.0831899
FixedParameters: 0 0 0

#Transform 48
Transform: AffineTransform_float_3_3
Parameters: 1 0.00042809 -0.00045906 -0.000428689 0.999999 -0.00065207 0.000458501 0.000652463 0.999999 -0.00563584 -0.0141293 -0.123327
FixedParameters: 0 0 0

#Transform 49
Transform: AffineTransform_float_3_3
Parameters: 1 0.000427776 -0.000459804 -0.000428642 1 0.00012393 0.00046011 -0.000123535 1 0.0155671 -0.0335653 -0.0681478
FixedParameters: 0 0 0

#Transform 50
Transform: AffineTransform_float_3_3
Parameters: 1 0.000291456 -0.000273833 -0.00029088 0.999999 -0.000738049 0.000273204 0.000738207 0.999999 0.0193029 0.0336824 -0.0942372
FixedParameters: 0 0 0

#Transform 51
Transform: AffineTransform_float_3_3
Parameters: 1 0.000510199 -5.43411e-05 -0.00051016 1 0.000363393 5.47119e-05 -0.000363338 1 0.0244361 -0.0699357 -0.0576862
FixedParameters: 0 0 0

#Transform 52
Transform: AffineTransform_float_3_3
Parameters: 1 7.76976e-05 -0.000136827 -7.79766e-05 1 -0.00101011 0.000136672 0.00101014 1 0.0305924 -0.0121266 -0.0888654
FixedParameters: 0 0 0

#Transform 53
Transform: AffineTransform_float_3_3
Parameters: 1 8.49833e-05 -9.8261e-05 -8.49403e-05 1 0.000218946 9.82982e-05 -0.000218929 1 0.0303971 -0.0232401 -0.066239
FixedParameters: 0 0 0

#Transform 54
Transform: AffineTransform_float_3_3
Parameters: 1 0.000180338 -0.000432394 -0.00018036 1 -0.000255366 0.000433282 0.000255523 1 0.0299302 -0.0015838 -0.0799984
FixedParameters: 0 0 0

#Transform 55
Transform: AffineTransform_float_3_3
Parameters: 1 2.33395e-05 -0.000401079 -2.31482e-05 1 0.000238473 0.00040109 -0.000238455 1 0.0321651 -0.00670209 -0.0721166
FixedParameters: 0 0 0

#Transform 56
Transform: AffineTransform_float_3_3
Parameters: 1 2.33668e-05 -0.000400998 -2.32229e-05 1 0.000179474 0.000401006 -0.000179455 1 0.0321541 0.0049813 -0.0613684
FixedParameters: 0 0 0

#Transform 57
Transform: AffineTransform_float_3_3
Parameters: 1 -1.03941e-05 -0.000566811 1.07685e-05 1 0.000330199 0.000566804 -0.000330211 1 0.0281408 0.023447 -0.0902862
FixedParameters: 0 0 0

#Transform 58
Transform: AffineTransform_float_3_3
Parameters: 1 0.000359362 -0.000469712 -0.000358933 1 0.000456828 0.00047004 -0.00045649 1 0.0354616 -0.0159168 -0.0418801
FixedParameters: 0 0 0

#Transform 59
Transform: AffineTransform_float_3_3
Parameters: 1 6.11468e-05 -0.000215647 -6.13182e-05 1 6.57673e-05 0.000214675 -6.57421e-05 1 0.0412754 0.0297683 -0.0901453
FixedParameters: 0 0 0

#Transform 60
Transform: AffineTransform_float_3_3
Parameters: 1 0.000179269 -0.00021976 -0.000179736 1 0.00117289 0.000220383 -0.00117281 1 0.0396989 -0.037598 -0.083269
FixedParameters: 0 0 0

#Transform 61
Transform: AffineTransform_float_3_3
Parameters: 1 0.000309444 4.18037e-05 -0.000309461 1 0.000201313 -4.16791e-05 -0.000201338 1 0.0255267 0.0153635 -0.133641
FixedParameters: 0 0 0

#Transform 62
Transform: AffineTransform_float_3_3
Parameters: 1 0.000455969 -0.000334225 -0.00045502 0.999999 0.00142208 0.000335522 -0.00142178 0.999999 0.0297171 -0.051216 -0.0685651
FixedParameters: 0 0 0

#Transform 63
Transform: AffineTransform_float_3_3
Parameters: 1 0.000371509 -0.000179235 -0.000371569 1 0.000391139 0.000178545 -0.000391008 1 0.0365983 0.0327396 -0.104183
FixedParameters: 0 0 0

#Transform 64
Transform: AffineTransform_float_3_3
Parameters: 1 0.000416768 -0.000265976 -0.000416073 0.999999 0.0013091 0.000267068 -0.00130888 0.999999 0.0322498 -0.0713438 -0.0511213
FixedParameters: 0 0 0

#Transform 65
Transform: AffineTransform_float_3_3
Parameters: 1 0.000332262 -0.000261979 -0.000332099 1 0.000310011 0.000262185 -0.000309837 1 0.026001 -0.0142943 -0.0831851
FixedParameters: 0 0 0

#Transform 66
Transform: AffineTransform_float_3_3
Parameters: 0.999999 0.000463478 -0.000655169 -0.000462683 0.999999 0.0015088 0.000655787 -0.00150819 0.999998 0.0175151 -0.0703548 -0.0373522
FixedParameters: 0 0 0

#Transform 67
Transform: AffineTransform_float_3_3
Parameters: 1 0.00045913 9.23639e-05 -0.000458287 0.999999 0.000743482 -9.18814e-05 -0.000743568 0.999999 0.00390783 -0.0498113 -0.0666698
FixedParameters: 0 0 0

#Transform 68
Transform: AffineTransform_float_3_3
Parameters: 1 4.16466e-05 0.000177117 -4.19098e-05 0.999999 0.000743275 -0.000177055 -0.00074329 0.999999 0.0404879 -0.0472472 -0.114024
FixedParameters: 0 0 0

#Transform 69
Transform: AffineTransform_float_3_3
Parameters: 1 -9.40513e-06 -7.27177e-05 9.60547e-06 0.999999 0.00139689 7.26929e-05 -0.00139689 0.999999 0.041971 -0.0424314 -0.0715342
FixedParameters: 0 0 0

#Transform 70
Transform: AffineTransform_float_3_3
Parameters: 1 -2.66891e-05 -0.000160378 2.67894e-05 1 0.000312751 0.000160361 -0.000312759 1 0.0581152 -0.0360333 -0.125833
FixedParameters: 0 0 0

#Transform 71
Transform: AffineTransform_float_3_3
Parameters: 1 -4.71106e-05 -0.000259515 4.76846e-05 1 0.00111159 0.000259412 -0.00111161 1 0.0427214 -0.0976472 -0.105901
FixedParameters: 0 0 0

#Transform 72
Transform: AffineTransform_float_3_3
Parameters: 1 -5.32984e-05 -0.000290941 5.35745e-05 1 0.000474535 0.00029089 -0.000474566 1 0.0498735 -0.0291825 -0.102083
FixedParameters: 0 0 0

#Transform 73
Transform: AffineTransform_float_3_3
Parameters: 1 -5.37593e-05 -0.000292099 5.45033e-05 0.999999 0.00127853 0.000291962 -0.00127857 0.999999 0.0460193 -0.0641987 -0.108315
FixedParameters: 0 0 0

#Transform 74
Transform: AffineTransform_float_3_3
Parameters: 1 3.80425e-05 -0.000368696 -3.76926e-05 1 0.000474536 0.000368732 -0.000474508 1 0.0359243 -0.062336 -0.0739176
FixedParameters: 0 0 0

#Transform 75
Transform: AffineTransform_float_3_3
Parameters: 1 -5.36703e-05 -0.000291874 5.43227e-05 1 0.00112254 0.000291754 -0.00112257 1 0.0646516 -0.0172236 -0.106732
FixedParameters: 0 0 0

#Transform 76
Transform: AffineTransform_float_3_3
Parameters: 1 -5.32984e-05 -0.000290941 5.35745e-05 1 0.000474535 0.00029089 -0.000474566 1 0.0547322 -0.0731148 -0.0699744
FixedParameters: 0 0 0

#Transform 77
Transform: AffineTransform_float_3_3
Parameters: 1 -0.000217005 0.000262501 0.000216971 1 6.52336e-05 -0.000262529 -6.51196e-05 1 0.0716839 -0.0125767 -0.153024
FixedParameters: 0 0 0

#Transform 78
Transform: AffineTransform_float_3_3
Parameters: 1 -0.000321017 -0.000237074 0.000321385 0.999999 0.000778318 0.000236574 -0.000778471 0.999999 0.0596734 -0.0684246 -0.0939733
FixedParameters: 0 0 0

#Transform 79
Transform: AffineTransform_float_3_3
Parameters: 1 -0.000477658 -9.44518e-05 0.000477747 1 0.000468412 9.40043e-05 -0.000468502 1 0.0765319 6.54064e-06 -0.122474
FixedParameters: 0 0 0

#Transform 80
Transform: AffineTransform_float_3_3
Parameters: 1 -0.000420482 -0.000450495 0.000420857 0.999999 0.00128579 0.000450593 -0.00128524 0.999999 0.0768437 -0.0553632 -0.117741
FixedParameters: 0 0 0

#Transform 81
Transform: AffineTransform_float_3_3
Parameters: 1 -0.000312591 -0.000497238 0.000312958 1 0.000368885 0.000497007 -0.000369196 1 0.0549231 -0.0478908 -0.107578
FixedParameters: 0 0 0

#Transform 82
Transform: AffineTransform_float_3_3
Parameters: 1 -0.000173191 -0.000393254 0.000174117 1 0.00118124 0.000392845 -0.00118138 0.999999 0.0499263 -0.0780751 -0.0901439
FixedParameters: 0 0 0

#Transform 83
Transform: AffineTransform_float_3_3
Parameters: 1 -8.2744e-05 -0.000285083 8.30606e-05 1 0.00055551 0.000284991 -0.000555557 1 0.0600973 -0.0405295 -0.0606815
FixedParameters: 0 0 0

#Transform 84
Transform: AffineTransform_float_3_3
Parameters: 1 -6.24533e-05 -0.000289991 6.30631e-05 1 0.00105653 0.00028986 -0.00105656 1 0.0710271 -0.021688 -0.092128
FixedParameters: 0 0 0

#Transform 85
Transform: AffineTransform_float_3_3
Parameters: 1 -5.36931e-05 -0.000291931 5.33894e-05 1 0.00116254 0.000292008 -0.00116257 1 0.0589223 -0.0508713 -0.0470101
FixedParameters: 0 0 0

#Transform 86
Transform: AffineTransform_float_3_3
Parameters: 1 -0.000127037 -0.000212312 0.000127143 1 0.000249569 0.000212249 -0.000249623 1 0.0718045 -0.0133338 -0.107626
FixedParameters: 0 0 0

#Transform 87
Transform: AffineTransform_float_3_3
Parameters: 1 -2.37235e-05 -0.000299117 2.38711e-05 0.999998 0.00189356 0.00029923 -0.00189357 0.999998 0.0626298 -0.0739201 -0.0440376
FixedParameters: 0 0 0

#Transform 88
Transform: AffineTransform_float_3_3
Parameters: 1 -8.25007e-05 8.89253e-06 8.24783e-05 1 0.00109094 -9.07079e-06 -0.00109094 1 0.0484702 -0.00640502 -0.0946476
FixedParameters: 0 0 0

#Transform 89
Transform: AffineTransform_float_3_3
Parameters: 1 0.000374743 -0.000255944 -0.000374824 0.999999 0.00176307 0.000257469 -0.00176287 0.999999 0.0542408 -0.0787242 -0.0821239
FixedParameters: 0 0 0

#Transform 90
Transform: AffineTransform_float_3_3
Parameters: 1 0.000355563 -0.000321707 -0.000355058 1 0.00109998 0.000321511 -0.00109975 1 0.0474841 -0.0448617 -0.0782088
FixedParameters: 0 0 0

#Transform 91
Transform: AffineTransform_float_3_3
Parameters: 1 -0.000129947 -0.00022428 0.000129718 0.999998 0.00167955 0.000224045 -0.00167961 0.999998 0.0568536 -0.0399854 -0.081765
FixedParameters: 0 0 0

#Transform 92
Transform: AffineTransform_float_3_3
Parameters: 1 6.83993e-05 -0.000263517 -6.78223e-05 1 0.00109971 0.000263669 -0.00109968 1 0.0493411 -0.0514183 -0.0767755
FixedParameters: 0 0 0

#Transform 93
Transform: AffineTransform_float_3_3
Parameters: 1 0.000288639 -0.000308753 -0.000288833 0.999998 0.00160095 0.000308901 -0.00160169 0.999999 0.0529042 -0.0218834 -0.111107
FixedParameters: 0 0 0

#Transform 94
Transform: AffineTransform_float_3_3
Parameters: 1 0.000272173 -0.00022311 -0.000271548 0.999998 0.00186099 0.000223146 -0.00186087 0.999998 0.0514397 -0.0266129 -0.0598848
FixedParameters: 0 0 0

#Transform 95
Transform: AffineTransform_float_3_3
Parameters: 1 -0.00022388 -0.000204862 0.000224462 0.999999 0.00142748 0.000204224 -0.00142757 0.999999 0.0731279 -0.0323241 -0.102749
FixedParameters: 0 0 0

#Transform 96
Transform: AffineTransform_float_3_3
Parameters: 1 -0.000215089 -0.000159995 0.000215979 0.999997 0.00217656 0.00016004 -0.00217663 0.999997 0.0729597 -0.0498091 -0.0275816
FixedParameters: 0 0 0

#Transform 97
Transform: AffineTransform_float_3_3
Parameters: 1 -0.000208523 -0.000129744 0.000208989 1 0.00103462 0.000130294 -0.00103467 1 0.0727043 -0.0137312 -0.0783696
FixedParameters: 0 0 0

#Transform 98
Transform: AffineTransform_float_3_3
Parameters: 1 -0.000139401 0.000214797 0.000138549 0.999998 0.00196721 -0.000215341 -0.00196715 0.999998 0.0706051 -0.00813232 -0.072775
FixedParameters: 0 0 0

#Transform 99
Transform: AffineTransform_float_3_3
Parameters: 1 -0.000219474 -0.000181651 0.000220477 0.999998 0.00223252 0.000181654 -0.0022326 0.999998 0.0730463 -0.0206609 -0.0281289
FixedParameters: 0 0 0

#Transform 100
Transform: AffineTransform_float_3_3
Parameters: 1 -8.1805e-05 -0.000188042 8.24207e-05 0.999998 0.00164565 0.000187774 -0.00164568 0.999998 0.0658672 -0.0572383 -0.0645367
FixedParameters: 0 0 0

#Transform 101
Transform: AffineTransform_float_3_3
Parameters: 1 -1.55908e-05 0.000190276 1.59262e-05 0.999998 0.00168525 -0.000190527 -0.00168525 0.999998 0.0689555 -0.0486273 -0.0216529
FixedParameters: 0 0 0

#Transform 102
Transform: AffineTransform_float_3_3
Parameters: 1 -0.000137952 0.000216842 0.00013768 1 0.000626212 -0.000217015 -0.000626152 1 0.0705923 -0.0499074 -0.143396
FixedParameters: 0 0 0

#Transform 103
Transform: AffineTransform_float_3_3
Parameters: 1 -0.000333559 -0.000216519 0.000333469 0.999998 0.00207334 0.000215339 -0.00207349 0.999998 0.089478 -0.0405182 -0.0437676
FixedParameters: 0 0 0

#Transform 104
Transform: AffineTransform_float_3_3
Parameters: 1 -0.000217528 -0.00017348 0.000218016 0.999999 0.00141654 0.000172865 -0.00141661 0.999999 0.0904315 0.00519786 -0.101225
FixedParameters: 0 0 0

#Transform 105
Transform: AffineTransform_float_3_3
Parameters: 1 -0.000234373 -0.000255406 0.000234596 0.999997 0.00237539 0.000254497 -0.00237551 0.999997 0.0854304 -0.0381015 -0.0392966
FixedParameters: 0 0 0

#Transform 106
Transform: AffineTransform_float_3_3
Parameters: 1 -0.000239001 0.000419345 0.00023817 1 0.000986281 -0.000419815 -0.000986472 0.999999 0.0924713 -0.0179521 -0.0977426
FixedParameters: 0 0 0

#Transform 107
Transform: AffineTransform_float_3_3
Parameters: 1 -0.000186525 -1.80002e-05 0.000186597 0.999998 0.00227082 1.7158e-05 -0.00227082 0.999998 0.0978262 -0.0519516 -0.065699
FixedParameters: 0 0 0

#Transform 108
Transform: AffineTransform_float_3_3
Parameters: 1 -0.000584133 6.13385e-05 0.000583981 0.999999 0.00119862 -6.27369e-05 -0.00119855 1 0.113415 -0.0321843 -0.116964
FixedParameters: 0 0 0

#Transform 109
Transform: AffineTransform_float_3_3
Parameters: 1 -0.000398066 -4.49738e-05 0.000398267 0.999997 0.00238158 4.30825e-05 -0.00238162 0.999997 0.104408 -0.120569 -0.0873207
FixedParameters: 0 0 0

#Transform 110
Transform: AffineTransform_float_3_3
Parameters: 1 -0.000657358 8.48617e-06 0.000657519 0.999998 0.00181245 -9.88601e-06 -0.00181244 0.999999 0.102791 -0.0470429 -0.112894
FixedParameters: 0 0 0

#Transform 111
Transform: AffineTransform_float_3_3
Parameters: 1 -0.000407219 -4.15833e-05 0.000407346 0.999998 0.00159158 4.02885e-05 -0.00159161 0.999998 0.0815133 -0.105328 -0.0920306
FixedParameters: 0 0 0

#Transform 112
Transform: AffineTransform_float_3_3
Parameters: 1 -0.000359503 -4.96609e-05 0.000359579 0.999999 0.000771604 4.9106e-05 -0.000771639 0.999999 0.0870016 -0.0449703 -0.121576
FixedParameters: 0 0 0

#Transform 113
Transform: AffineTransform_float_3_3
Parameters: 0.999999 -0.000692478 -0.000165673 0.000692239 0.999999 0.00165787 0.000164559 -0.00165848 0.999998 0.100434 -0.00448879 -0.119435
FixedParameters: 0 0 0

#Transform 114
Transform: AffineTransform_float_3_3
Parameters: 1 -0.000553065 -1.16053e-05 0.000552112 0.999999 0.0013555 1.03086e-05 -0.00135551 0.999999 0.106799 -0.0305888 -0.0930412
FixedParameters: 0 0 0

#Transform 115
Transform: AffineTransform_float_3_3
Parameters: 1 -0.000675649 -8.32857e-05 0.000676038 0.999999 0.00115825 8.27017e-05 -0.00115836 1 0.093411 -0.0418681 -0.129351
FixedParameters: 0 0 0

#Transform 116
Transform: AffineTransform_float_3_3
Parameters: 1 -0.00058386 -6.39802e-06 0.000584075 0.999998 0.00183349 5.23993e-06 -0.00183349 0.999999 0.0934317 -0.047457 -0.0874042
FixedParameters: 0 0 0

#Transform 117
Transform: AffineTransform_float_3_3
Parameters: 1 -0.00065636 1.08174e-05 0.000656345 0.999999 0.000671456 -1.16988e-05 -0.000671441 1 0.0920745 0.0166243 -0.148595
FixedParameters: 0 0 0

#Transform 118
Transform: AffineTransform_float_3_3
Parameters: 0.999999 -0.000697907 -0.000192762 0.000697696 0.999998 0.001487 0.000191868 -0.00148726 0.999999 0.0980422 -0.085434 -0.109831
FixedParameters: 0 0 0

#Transform 119
Transform: AffineTransform_float_3_3
Parameters: 1 -0.000410534 0.000415722 0.000410476 1 0.000310393 -0.000414997 -0.000310051 1 0.0808142 -0.017265 -0.141003
FixedParameters: 0 0 0

#Transform 120
Transform: AffineTransform_float_3_3
Parameters: 1 -0.000642669 8.05592e-05 0.000642614 0.999998 0.00155761 -8.15795e-05 -0.00155751 0.999999 0.114143 -0.0221834 -0.13004
FixedParameters: 0 0 0

#Transform 121
Transform: AffineTransform_float_3_3
Parameters: 1 -0.000641979 8.20447e-05 0.00064184 1 0.000825418 -8.3104e-05 -0.000825703 0.999999 0.114197 -0.0456348 -0.127646
FixedParameters: 0 0 0

#Transform 122
Transform: AffineTransform_float_3_3
Parameters: 1 -0.000642249 8.14648e-05 0.000642063 0.999999 0.00111161 -8.28906e-05 -0.00111151 1 0.114243 -0.0784613 -0.163301
FixedParameters: 0 0 0

#Transform 123
Transform: AffineTransform_float_3_3
Parameters: 1 -0.00113023 -0.00014608 0.00113085 0.999999 0.00146343 0.00014375 -0.00146322 0.999999 0.121934 -0.0362765 -0.110329
FixedParameters: 0 0 0

#Transform 124
Transform: AffineTransform_float_3_3
Parameters: 0.999999 -0.000873456 -1.09696e-05 0.000873886 0.999998 0.00174423 9.88502e-06 -0.00174424 0.999999 0.11778 -0.0499538 -0.133073
FixedParameters: 0 0 0

#Transform 125
Transform: AffineTransform_float_3_3
Parameters: 0.999999 -0.000693126 0.000168062 0.000692914 0.999999 0.00121475 -0.000168764 -0.00121452 0.999999 0.118254 -0.026155 -0.106153
FixedParameters: 0 0 0

#Transform 126
Transform: AffineTransform_float_3_3
Parameters: 1 -0.00113428 0.000269433 0.00113378 0.999998 0.00203451 -0.000271106 -0.00203429 0.999998 0.148642 0.00870828 -0.111974
FixedParameters: 0 0 0

#Transform 127
Transform: AffineTransform_float_3_3
Parameters: 0.999999 -0.000929608 0.000114354 0.000929471 0.999998 0.00144947 -0.000116067 -0.00144925 0.999999 0.120652 -0.0767042 -0.102448
FixedParameters: 0 0 0

#Transform 128
Transform: AffineTransform_float_3_3
Parameters: 1 -0.000593894 0.000225964 0.000593858 1 8.09345e-05 -0.00022606 -8.0666e-05 1 0.116671 -0.0478395 -0.183274
FixedParameters: 0 0 0

#Transform 129
Transform: AffineTransform_float_3_3
Parameters: 1 -0.000599025 0.000224558 0.000598686 0.999999 0.00119193 -0.000225003 -0.00119166 1 0.122317 -0.0670505 -0.115214
FixedParameters: 0 0 0

#Transform 130
Transform: AffineTransform_float_3_3
Parameters: 1 -0.000597955 0.000226505 0.00059786 1 0.000210933 -0.000226757 -0.000210662 1 0.119395 -0.0281148 -0.17362
FixedParameters: 0 0 0

#Transform 131
Transform: AffineTransform_float_3_3
Parameters: 1 -0.000599248 0.00022415 0.000598817 0.999999 0.00139693 -0.000224842 -0.00139666 0.999999 0.10977 -0.0369432 -0.0906001
FixedParameters: 0 0 0

#Transform 132
Transform: AffineTransform_float_3_3
Parameters: 1 -0.000597583 0.000227181 0.000597642 1 -0.000130066 -0.000227026 0.000130337 1 0.11922 -0.0202411 -0.190427
FixedParameters: 0 0 0

#Transform 133
Transform: AffineTransform_float_3_3
Parameters: 1 -0.00115885 -7.41144e-05 0.00115884 0.999996 0.00264682 7.11241e-05 -0.00264698 0.999997 0.128903 -0.0755502 -0.120125
FixedParameters: 0 0 0

#Transform 134
Transform: AffineTransform_float_3_3
Parameters: 1 -0.000630955 -8.01044e-05 0.000631065 0.999999 0.000693254 7.92284e-05 -0.000692435 0.999999 0.112766 -0.0740556 -0.167106
FixedParameters: 0 0 0

#Transform 135
Transform: AffineTransform_float_3_3
Parameters: 1 -0.000572562 0.000221166 0.000572435 1 0.000288939 -0.000221496 -0.000288686 1 0.110174 -0.0646503 -0.210307
FixedParameters: 0 0 0

#Transform 136
Transform: AffineTransform_float_3_3
Parameters: 1 -0.000423011 0.00018813 0.000422614 0.999998 0.00157598 -0.000188481 -0.00157582 0.999998 0.106005 -0.0669877 -0.105513
FixedParameters: 0 0 0

#Transform 137
Transform: AffineTransform_float_3_3
Parameters: 1 -0.00035865 0.000178184 0.000358646 1 1.00011e-05 -0.000178191 -9.87325e-06 1 0.106082 -0.0366478 -0.184221
FixedParameters: 0 0 0

#Transform 138
Transform: AffineTransform_float_3_3
Parameters: 0.999999 -0.00069762 0.000243308 0.000696975 0.999999 0.00171971 -0.000244724 -0.00171976 0.999998 0.117169 -0.0685661 -0.108552
FixedParameters: 0 0 0

#Transform 139
Transform: AffineTransform_float_3_3
Parameters: 0.999999 -0.000782746 -0.000178501 0.000783447 0.999998 0.00141594 0.000177265 -0.00141622 0.999999 0.103926 -0.0770372 -0.139004
FixedParameters: 0 0 0

#Transform 140
Transform: AffineTransform_float_3_3
Parameters: 1 -0.000565802 0.000217626 0.000565439 0.999999 0.00128494 -0.000218098 -0.00128469 0.999999 0.114668 -0.0571764 -0.145186
FixedParameters: 0 0 0

#Transform 141
Transform: AffineTransform_float_3_3
Parameters: 1 -0.000542657 -7.50521e-05 0.000543135 0.999998 0.00190335 7.39677e-05 -0.00190251 0.999998 0.101498 -0.0586888 -0.118679
FixedParameters: 0 0 0

#Transform 142
Transform: AffineTransform_float_3_3
Parameters: 1 -0.000270517 0.000158341 0.00027019 1 0.00102003 -0.000158891 -0.00101995 1 0.106984 -0.0320057 -0.189995
FixedParameters: 0 0 0

#Transform 143
Transform: AffineTransform_float_3_3
Parameters: 1 -0.000325588 0.000169156 0.000325178 0.999999 0.00120201 -0.000169936 -0.0012019 1 0.0962171 -0.0676726 -0.124416
FixedParameters: 0 0 0

#Transform 144
Transform: AffineTransform_float_3_3
Parameters: 1 -0.00022154 2.02523e-05 0.000221531 1 0.000223841 -2.03515e-05 -0.000223832 1 0.0893032 -0.0775634 -0.200547
FixedParameters: 0 0 0

#Transform 145
Transform: AffineTransform_float_3_3
Parameters: 1 -0.00019451 0.000142154 0.000194092 0.999999 0.00145606 -0.000142719 -0.001456 0.999999 0.096872 -0.0774873 -0.153001
FixedParameters: 0 0 0

#Transform 146
Transform: AffineTransform_float_3_3
Parameters: 1 -0.000232347 5.66167e-05 0.000232353 1 -4.61092e-05 -5.65952e-05 4.61355e-05 1 0.0962457 -0.0755142 -0.198108
FixedParameters: 0 0 0

#Transform 147
Transform: AffineTransform_float_3_3
Parameters: 1 -0.000299634 -0.000156284 0.000299973 1 0.00109648 0.000155628 -0.00109657 1 0.096151 -0.0688821 -0.132227
FixedParameters: 0 0 0

#Transform 148
Transform: AffineTransform_float_3_3
Parameters: 1 -0.000563986 -5.49003e-05 0.000564363 0.999998 0.00164541 5.40252e-05 -0.00164547 0.999998 0.107702 -0.0455524 -0.148043
FixedParameters: 0 0 0

#Transform 149
Transform: AffineTransform_float_3_3
Parameters: 1 -0.000470846 -9.90332e-05 0.000470168 0.999998 0.00154941 9.77765e-05 -0.0015495 0.999999 0.10084 -0.0915074 -0.153621
FixedParameters: 0 0 0

#Transform 150
Transform: AffineTransform_float_3_3
Parameters: 1 -0.000171932 -0.000452789 0.000171516 1 0.000622147 0.000452775 -0.000622302 0.999999 0.0859105 -0.0799816 -0.122622
FixedParameters: 0 0 0

#Transform 151
Transform: AffineTransform_float_3_3
Parameters: 0.999999 -0.00079156 -0.000221305 0.000791726 0.999998 0.00216764 0.000219056 -0.00216838 0.999997 0.109478 -0.0593397 -0.0729261
FixedParameters: 0 0 0

#Transform 152
Transform: AffineTransform_float_3_3
Parameters: 1 -0.000369508 -0.000304599 0.000370251 0.999999 0.00122615 0.000303693 -0.00122637 0.999999 0.0882971 -0.081952 -0.126693
FixedParameters: 0 0 0

#Transform 153
Transform: AffineTransform_float_3_3
Parameters: 1 -0.000223616 -0.000152464 0.000224351 0.999999 0.00177057 0.000152654 -0.00177063 0.999999 0.0856847 -0.0397353 -0.136524
FixedParameters: 0 0 0

#Transform 154
Transform: AffineTransform_float_3_3
Parameters: 1 -0.000190382 -0.000211685 0.000190744 0.999999 0.000857502 0.000211358 -0.000857583 0.999999 0.0854765 -0.0793528 -0.111075
FixedParameters: 0 0 0

#Transform 155
Transform: AffineTransform_float_3_3
Parameters: 0.999999 -0.000765354 -9.41094e-05 0.00076544 0.999999 0.000459137 9.34064e-05 -0.000459281 1 0.0934404 -0.0469429 -0.173206
FixedParameters: 0 0 0

#Transform 156
Transform: AffineTransform_float_3_3
Parameters: 1 -0.000458916 -0.000232686 0.000459309 0.999999 0.000845175 0.00023191 -0.000845388 0.999999 0.0862031 -0.0674704 -0.116845
FixedParameters: 0 0 0

#Transform 157
Transform: AffineTransform_float_3_3
Parameters: 1 -0.000489121 -0.000147821 0.000488898 0.999999 -0.000751741 0.000148555 0.000752516 0.999999 0.0826761 -0.0372468 -0.184782
FixedParameters: 0 0 0

#Transform 158
Transform: AffineTransform_float_3_3
Parameters: 1 -0.000550801 -8.72955e-05 0.000550929 0.999999 0.000740356 8.64798e-05 -0.000740452 0.999999 0.0903604 -0.0903943 -0.144419
FixedParameters: 0 0 0

#Transform 159
Transform: AffineTransform_float_3_3
Parameters: 0.999999 -0.000713393 0.000158728 0.000713345 0.999999 -0.000478284 -0.000159025 0.00047851 1 0.0918616 -0.0220552 -0.196052
FixedParameters: 0 0 0

#Transform 160
Transform: AffineTransform_float_3_3
Parameters: 0.999999 -0.000765527 -9.45938e-05 0.000765856 0.999999 0.000684096 9.4525e-05 -0.000683319 0.999999 0.0935967 -0.111776 -0.151508
FixedParameters: 0 0 0

#Transform 161
Transform: AffineTransform_float_3_3
Parameters: 1 -0.00120265 -5.9575e-06 0.00120187 0.999999 0.000730753 5.37831e-06 -0.000731155 1 0.116048 -0.0405993 -0.136785
FixedParameters: 0 0 0

#Transform 162
Transform: AffineTransform_float_3_3
Parameters: 0.999999 -0.00092868 -4.93938e-05 0.000928714 0.999999 0.000344044 4.8754e-05 -0.000343215 1 0.0957068 -0.0638587 -0.156657
FixedParameters: 0 0 0

#Transform 163
Transform: AffineTransform_float_3_3
Parameters: 0.999999 -0.000793859 -0.000525245 0.000794146 1 8.31286e-05 0.000526092 -8.30419e-05 1 0.0951653 -0.0804117 -0.15322
FixedParameters: 0 0 0

#Transform 164
Transform: AffineTransform_float_3_3
Parameters: 0.999999 -0.000775135 -0.000528352 0.000774888 1 -0.000233852 0.000528713 0.000233953 0.999999 0.0979523 -0.0587924 -0.163542
FixedParameters: 0 0 0

#Transform 165
Transform: AffineTransform_float_3_3
Parameters: 0.999999 -0.000897524 -0.000268417 0.000897669 0.999999 -0.00117639 0.00026935 0.00117591 1 0.107382 -0.0214419 -0.205277
FixedParameters: 0 0 0

#Transform 166
Transform: AffineTransform_float_3_3
Parameters: 1 -0.00114598 -6.0233e-05 0.00114573 0.999999 -0.00043634 6.02513e-05 0.000435809 1 0.104045 -0.0709802 -0.178522
FixedParameters: 0 0 0

#Transform 167
Transform: AffineTransform_float_3_3
Parameters: 1 -0.00100469 -5.47299e-05 0.00100432 0.999999 -0.0015002 5.67641e-05 0.0014997 0.999999 0.11327 -0.0271682 -0.209015
FixedParameters: 0 0 0

#Transform 168
Transform: AffineTransform_float_3_3
Parameters: 1 -0.000891733 -0.000504571 0.000891503 0.999999 -0.000230961 0.00050498 0.000230981 0.999999 0.0965904 -0.0478953 -0.186665
FixedParameters: 0 0 0

#Transform 169
Transform: AffineTransform_float_3_3
Parameters: 0.999999 -0.000808248 -0.000460225 0.000807513 0.999999 -0.00163795 0.000461692 0.00163773 0.999998 0.105221 -0.0796355 -0.22696
FixedParameters: 0 0 0

#Transform 170
Transform: AffineTransform_float_3_3
Parameters: 1 -0.000905573 -0.000631475 0.000905019 0.999999 -0.00105627 0.000632206 0.00105605 0.999999 0.0971234 -0.0633373 -0.233247
FixedParameters: 0 0 0

#Transform 171
Transform: AffineTransform_float_3_3
Parameters: 0.999999 -0.00106086 -0.000737516 0.00105974 1 -0.000622763 0.000737854 0.000622118 1 0.099842 -0.0773811 -0.186774
FixedParameters: 0 0 0

#Transform 172
Transform: AffineTransform_float_3_3
Parameters: 1 -0.000389941 -3.78902e-05 0.000389659 1 -0.00105441 3.77341e-05 0.00105438 1 0.0878039 -0.0889984 -0.253926
FixedParameters: 0 0 0

#Transform 173
Transform: AffineTransform_float_3_3
Parameters: 1 -0.000395381 -0.000482992 0.000394879 0.999999 -0.0015292 0.000484002 0.00152882 0.999998 0.0891411 -0.0614705 -0.252549
FixedParameters: 0 0 0

#Transform 174
Transform: AffineTransform_float_3_3
Parameters: 1 -0.000636271 -0.000177945 0.000636172 1 -0.00027795 0.000178298 0.000278644 1 0.0966881 0.0610919 -0.774763
FixedParameters: 0 0 0

#Transform 175
Transform: AffineTransform_float_3_3
Parameters: 0.999997 -0.00151984 -0.0018334 0.00150992 0.999985 -0.00530054 0.0018414 0.00529719 0.999984 0.0978965 -0.0798873 -1.11161
FixedParameters: 0 0 0

#Transform 176
Transform: AffineTransform_float_3_3
Parameters: 0.999999 -0.000990372 -0.00076315 0.000987715 0.999996 -0.00275272 0.000766239 0.00275212 0.999996 0.0802808 -0.330484 -0.356163
FixedParameters: 0 0 0

#Transform 177
Transform: AffineTransform_float_3_3
Parameters: 0.999999 -0.00171754 -0.000494529 0.00171636 0.999999 -0.000795259 0.000495296 0.000794086 1 0.0850935 -0.0805734 -0.379342
FixedParameters: 0 0 0

#Transform 178
Transform: AffineTransform_float_3_3
Parameters: 0.999998 -0.000897989 -0.00134053 0.000895236 0.999997 -0.00241069 0.00134307 0.00240959 0.999996 0.0583241 -0.120764 -0.587536
FixedParameters: 0 0 0

#Transform 179
Transform: AffineTransform_float_3_3
Parameters: 0.999998 -0.000747034 -0.00186535 0.000736511 0.999985 -0.00532628 0.00186932 0.00532519 0.999984 0.0476968 -0.0650372 -0.932944
FixedParameters: 0 0 0

#Transform 180
Transform: AffineTransform_float_3_3
Parameters: 0.999993 -0.00272878 0.00231636 0.00274029 0.999983 -0.0050964 -0.00230233 0.00510193 0.999984 0.00607527 -0.0453886 0.14346
FixedParameters: 0 0 0

#Transform 181
Transform: AffineTransform_float_3_3
Parameters: 0.99999 -0.00170797 0.00416589 0.00173634 0.999976 -0.00664541 -0.0041548 0.00665303 0.999969 0.0815379 0.131371 -0.183703
FixedParameters: 0 0 0

#Transform 182
Transform: AffineTransform_float_3_3
Parameters: 0.999992 -0.00228956 0.00342738 0.00230678 0.999986 -0.00495707 -0.00341645 0.00496543 0.999982 0.106014 -0.036074 -0.16426
FixedParameters: 0 0 0

#Transform 183
Transform: AffineTransform_float_3_3
Parameters: 0.999994 -0.0020812 0.00295775 0.00210093 0.999976 -0.00661431 -0.00294447 0.00662113 0.999974 0.0953705 0.0737622 -0.208173
FixedParameters: 0 0 0

#Transform 184
Transform: AffineTransform_float_3_3
Parameters: 0.999993 -0.00243261 0.00260763 0.00245246 0.999968 -0.00750332 -0.00258947 0.0075097 0.999968 0.117592 0.0584658 -0.281954
FixedParameters: 0 0 0

#Transform 185
Transform: AffineTransform_float_3_3
Parameters: 0.999993 -0.00245127 0.00261277 0.00247234 0.999967 -0.00776447 -0.00259401 0.00777059 0.999966 0.119915 0.120623 -0.214609
FixedParameters: 0 0 0

#Transform 186
Transform: AffineTransform_float_3_3
Parameters: 0.999994 -0.00255378 0.0026387 0.00257639 0.999959 -0.008662 -0.00261606 0.00866917 0.999959 0.128842 0.0369148 -0.309806
FixedParameters: 0 0 0

#Transform 187
Transform: AffineTransform_float_3_3
Parameters: 0.999994 -0.00256098 0.00263058 0.00257786 0.999974 -0.00660301 -0.00261339 0.00661017 0.999975 0.128127 0.112519 -0.222051
FixedParameters: 0 0 0

#Transform 188
Transform: AffineTransform_float_3_3
Parameters: 0.999993 -0.00252444 0.00277508 0.00254885 0.999958 -0.00877152 -0.00275315 0.00877922 0.999958 0.126372 0.0626081 -0.283256
FixedParameters: 0 0 0

#Transform 189
Transform: AffineTransform_float_3_3
Parameters: 0.999993 -0.00253859 0.00272662 0.00255841 0.99997 -0.00738668 -0.00270824 0.00739422 0.999969 0.120697 0.0823346 -0.224213
FixedParameters: 0 0 0

#Transform 190
Transform: AffineTransform_float_3_3
Parameters: 0.999992 -0.0025558 0.00291347 0.00258149 0.999957 -0.00894787 -0.00289065 0.00895555 0.999956 0.115614 0.0731603 -0.291739
FixedParameters: 0 0 0

#Transform 191
Transform: AffineTransform_float_3_3
Parameters: 0.999993 -0.0025542 0.0026591 0.00257179 0.999973 -0.00688891 -0.00264131 0.00689618 0.999973 0.127046 0.106964 -0.303105
FixedParameters: 0 0 0

#Transform 192
Transform: AffineTransform_float_3_3
Parameters: 0.999993 -0.00258124 0.00251328 0.00260233 0.999962 -0.00835965 -0.00249117 0.00836592 0.999962 0.130346 0.126126 -0.291217
FixedParameters: 0 0 0

#Transform 193
Transform: AffineTransform_float_3_3
