#Insight Transform File V1.0
#Transform 0
Transform: AffineTransform_float_3_3
Parameters: 0.999999 0.00121728 0.000377672 -0.0012163 0.999998 -0.00194139 -0.000380203 0.00194084 0.999998 0.0190002 0.0524134 0.0570032
FixedParameters: 0 0 0

#Transform 1
Transform: AffineTransform_float_3_3
Parameters: 0.999999 0.000896794 0.000610776 -0.000895211 0.999996 -0.00250004 -0.000612795 0.00249984 0.999996 0.0202495 0.0299695 -0.0693625
FixedParameters: 0 0 0

#Transform 2
Transform: AffineTransform_float_3_3
Parameters: 1 0.000934279 0.000541174 -0.00093252 0.999995 -0.00299976 -0.000544295 0.00299878 0.999996 0.0318903 0.0831622 -0.0649954
FixedParameters: 0 0 0

#Transform 3
Transform: AffineTransform_float_3_3
Parameters: 1 0.000946677 0.000585741 -0.000944265 0.999994 -0.00310423 -0.000588168 0.00310316 0.999995 0.0214547 0.0563196 -0.102669
FixedParameters: 0 0 0

#Transform 4
Transform: AffineTransform_float_3_3
Parameters: 1 0.000475816 0.000502657 -0.00047487 0.999999 -0.00168901 -0.000503036 0.00168941 0.999999 0.0426357 0.0357272 -0.035702
FixedParameters: 0 0 0

#Transform 5
Transform: AffineTransform_float_3_3
Parameters: 0.999999 0.000896579 0.000405236 -0.000895016 0.999997 -0.0025794 -0.000407645 0.0025787 0.999997 0.0422544 0.0767463 -0.0505102
FixedParameters: 0 0 0

#Transform 6
Transform: AffineTransform_float_3_3
Parameters: 0.999999 0.000873897 0.00032142 -0.000873621 0.999999 -0.00159668 -0.000322981 0.00159648 0.999998 0.0342927 0.0760909 -0.0159799
FixedParameters: 0 0 0

#Transform 7
Transform: AffineTransform_float_3_3
Parameters: 0.999999 0.000686398 0.000506872 -0.000684985 0.999997 -0.00212929 -0.000508555 0.00212912 0.999998 0.024338 0.1049 -0.0487005
FixedParameters: 0 0 0

#Transform 8
Transform: AffineTransform_float_3_3
Parameters: 1 0.000332643 0.000360461 -0.000331524 0.999998 -0.00158493 -0.000361509 0.00158469 0.999998 0.0300702 0.0874112 0.0131417
FixedParameters: 0 0 0

#Transform 9
Transform: AffineTransform_float_3_3
Parameters: 1 0.000240974 3.07794e-05 -0.000240627 0.999998 -0.00173121 -3.06447e-05 0.00173121 0.999998 0.037125 0.0567016 0.0137266
FixedParameters: 0 0 0

#Transform 10
Transform: AffineTransform_float_3_3
Parameters: 1 0.000585268 0.000294234 -0.000585165 0.999999 -0.00140223 -0.000294641 0.0014019 0.999999 0.0293864 0.0703015 -0.00228374
FixedParameters: 0 0 0

#Transform 11
Transform: AffineTransform_float_3_3
Parameters: 0.999999 0.000882938 -0.000140988 -0.000882784 0.999999 -0.00125075 0.000140712 0.00125102 0.999999 0.00507497 0.00646424 0.00129272
FixedParameters: 0 0 0

#Transform 12
Transform: AffineTransform_float_3_3
Parameters: 1 -1.66824e-05 9.00698e-05 1.66877e-05 1 -2.99004e-05 -9.00688e-05 2.99035e-05 1 0.0192151 0.0412806 -0.0346799
FixedParameters: 0 0 0

#Transform 13
Transform: AffineTransform_float_3_3
Parameters: 1 0.000365434 -4.07318e-05 -0.000365498 0.999999 -0.000797733 4.01487e-05 0.000797763 0.999999 0.00821704 0.0203152 -0.00970492
FixedParameters: 0 0 0

#Transform 14
Transform: AffineTransform_float_3_3
Parameters: 1 0.000508073 -8.02012e-05 -0.000508201 0.999999 -0.000797882 7.93903e-05 0.000797963 0.999999 0.00693124 0.0150759 -0.00150365
FixedParameters: 0 0 0

#Transform 15
Transform: AffineTransform_float_3_3
Parameters: 1 0.000403985 -5.13992e-05 -0.000404066 0.999999 -0.000797775 5.07545e-05 0.000797816 0.999999 0.0154214 0.00812706 -0.0282676
FixedParameters: 0 0 0

#Transform 16
Transform: AffineTransform_float_3_3
Parameters: 1 0.000447448 0.000115261 -0.000447372 1 -0.000329606 -0.000115555 0.000329503 1 0.0197957 0.028626 -0.0143071
FixedParameters: 0 0 0

#Transform 17
Transform: AffineTransform_float_3_3
Parameters: 1 0.000289324 0.000177147 -0.000289248 1 -0.000214174 -0.000177271 0.000214071 1 0.015313 0.0137211 -0.00477532
FixedParameters: 0 0 0

#Transform 18
Transform: AffineTransform_float_3_3
Parameters: 1 4.30415e-05 0.000304369 -4.34292e-05 1 0.000636983 -0.000304314 -0.00063701 1 0.00359474 0.0515005 -0.00359284
FixedParameters: 0 0 0

#Transform 19
Transform: AffineTransform_float_3_3
Parameters: 1 0.000129671 -0.000135973 -0.000129637 1 0.000125603 0.000136006 -0.000125568 1 0.0162757 0.0180646 -0.0214694
FixedParameters: 0 0 0

#Transform 20
Transform: AffineTransform_float_3_3
Parameters: 1 -1.64289e-05 -0.000195781 1.64929e-05 1 0.000163499 0.000195776 -0.000163505 1 0.00262545 0.00735082 0.00132949
FixedParameters: 0 0 0

#Transform 21
Transform: AffineTransform_float_3_3
Parameters: 1 -8.39354e-05 0.000455247 8.39002e-05 1 3.86048e-05 -0.000455253 -3.85284e-05 1 0.0108808 -0.0328555 -0.00402122
FixedParameters: 0 0 0

#Transform 22
Transform: AffineTransform_float_3_3
Parameters: 1 7.33604e-05 0.000417451 -7.30418e-05 1 -0.00038162 -0.000417507 0.000381559 1 0.00925784 0.0442245 -0.0268212
FixedParameters: 0 0 0

#Transform 23
Transform: AffineTransform_float_3_3
Parameters: 1 -0.000114449 0.000498 0.000114112 1 0.00033812 -0.000498077 -0.000338006 1 0.011615 0.034293 -0.00256976
FixedParameters: 0 0 0

#Transform 24
Transform: AffineTransform_float_3_3
Parameters: 1 -0.000336392 0.000527737 0.00033612 1 0.000510129 -0.000527116 -0.000509763 0.999999 0.0254103 -0.0427225 0.0212445
FixedParameters: 0 0 0

#Transform 25
Transform: AffineTransform_float_3_3
Parameters: 0.999999 -0.000775559 0.000641587 0.000774507 0.999999 0.00100694 -0.000642179 -0.00100594 1 0.0431608 -0.0198641 -0.0043172
FixedParameters: 0 0 0

#Transform 26
Transform: AffineTransform_float_3_3
Parameters: 1 -0.000719182 0.00084703 0.000717995 0.999999 0.000859835 -0.000847289 -0.000859464 1 0.0343714 -0.0124575 0.0126135
FixedParameters: 0 0 0

#Transform 27
Transform: AffineTransform_float_3_3
Parameters: 1 -0.000728161 0.000815153 0.000727346 1 0.000503107 -0.000815871 -0.000503291 0.999999 0.0354736 -0.0112373 -0.00874996
FixedParameters: 0 0 0

#Transform 28
Transform: AffineTransform_float_3_3
Parameters: 1 -0.000734476 0.000792798 0.00073414 0.999999 0.000227959 -0.000793137 -0.000226794 0.999999 0.0396233 0.0404211 -0.00693763
FixedParameters: 0 0 0

#Transform 29
Transform: AffineTransform_float_3_3
Parameters: 0.999999 -0.000496501 0.000731077 0.000496574 1 -4.95269e-05 -0.000731028 5.02529e-05 0.999999 0.0224017 -0.00614575 0.0114986
FixedParameters: 0 0 0

#Transform 30
Transform: AffineTransform_float_3_3
Parameters: 0.999999 -0.000514417 0.000724433 0.000513263 1 0.000779176 -0.000725227 -0.000778944 0.999999 0.025277 -0.0423244 0.0155482
FixedParameters: 0 0 0

#Transform 31
Transform: AffineTransform_float_3_3
Parameters: 1 -0.00044096 0.000265787 0.000441104 1 0.000230497 -0.000265026 -0.000230251 1 0.0331001 0.0415996 -0.00530799
FixedParameters: 0 0 0

#Transform 32
Transform: AffineTransform_float_3_3
Parameters: 1 -0.000327305 0.000621103 0.000326711 1 0.000478353 -0.000621416 -0.000477947 0.999999 0.0141352 6.25254e-05 0.00472708
FixedParameters: 0 0 0

#Transform 33
Transform: AffineTransform_float_3_3
Parameters: 0.999999 -0.000681613 0.000255584 0.000681404 1 0.000879684 -0.000255812 -0.000879836 0.999999 0.0109716 -0.0332025 -7.00658e-05
FixedParameters: 0 0 0

#Transform 34
Transform: AffineTransform_float_3_3
Parameters: 1 -0.000643562 0.000120083 0.000643696 0.999999 0.000549186 -0.000119826 -0.00054902 1 0.0188467 0.0250447 0.00565568
FixedParameters: 0 0 0

#Transform 35
Transform: AffineTransform_float_3_3
Parameters: 1 -0.000382045 0.000297574 0.000381696 1 0.00058606 -0.000298021 -0.000585833 1 0.0167284 0.0113678 0.0339238
FixedParameters: 0 0 0

#Transform 36
Transform: AffineTransform_float_3_3
Parameters: 1 -0.00038926 5.39594e-06 0.000389257 1 0.00025121 -5.5915e-06 -0.000251206 1 0.0280187 0.0469957 0.0329226
FixedParameters: 0 0 0

#Transform 37
Transform: AffineTransform_float_3_3
Parameters: 1 -0.000293478 0.000109586 0.000293488 1 -4.52517e-05 -0.00010956 4.53161e-05 1 0.0230745 0.0122332 0.0220152
FixedParameters: 0 0 0

#Transform 38
Transform: AffineTransform_float_3_3
Parameters: 1 -0.000272624 0.000182716 0.000272422 0.999999 0.00056286 -0.000183011 -0.000563619 1 0.0219277 -0.0241726 0.0215906
FixedParameters: 0 0 0

#Transform 39
Transform: AffineTransform_float_3_3
Parameters: 1 -0.000486746 -0.000123314 0.000486844 1 0.000400314 0.000122924 -0.000400434 1 0.0291911 -0.0469764 -0.0361138
FixedParameters: 0 0 0

#Transform 40
Transform: AffineTransform_float_3_3
Parameters: 1 -0.000394802 -0.000260684 0.000395051 1 0.000477749 0.000260307 -0.000477955 1 0.0302099 0.00961172 -0.0152946
FixedParameters: 0 0 0

#Transform 41
Transform: AffineTransform_float_3_3
Parameters: 1 -0.00032972 -2.36437e-05 0.000329736 1 0.000340976 2.34189e-05 -0.000340991 1 0.0257189 -0.00925188 -0.0256959
FixedParameters: 0 0 0

#Transform 42
Transform: AffineTransform_float_3_3
Parameters: 1 -0.000259887 0.000227408 0.000259414 1 0.000985173 -0.000227913 -0.000985567 0.999999 0.020513 -0.00195105 -0.0140875
FixedParameters: 0 0 0

#Transform 43
Transform: AffineTransform_float_3_3
Parameters: 1 -0.000396333 -0.000266834 0.000395678 0.999999 0.000579676 0.000266641 -0.000579882 1 0.0438378 0.0223862 -0.03129
FixedParameters: 0 0 0

#Transform 44
Transform: AffineTransform_float_3_3
Parameters: 0.999999 -0.000689964 -0.00029927 0.000690472 1 0.00089253 0.000298043 -0.000892942 1 0.0338838 -0.0491818 -0.00931629
FixedParameters: 0 0 0

#Transform 45
Transform: AffineTransform_float_3_3
Parameters: 1 -0.00052463 -0.000128105 0.000524687 1 0.000225145 0.000127868 -0.000225279 1 0.0295517 -0.0420038 -0.00799851
FixedParameters: 0 0 0

#Transform 46
Transform: AffineTransform_float_3_3
Parameters: 1 -0.000386505 -0.000302726 0.000386856 1 0.000579231 0.000302278 -0.000579465 1 0.0307536 0.00912042 0.0202194
FixedParameters: 0 0 0

#Transform 47
Transform: AffineTransform_float_3_3
Parameters: 1 -0.000387769 0.000250392 0.000387475 1 0.000586434 -0.000250847 -0.00058624 1 0.0215749 -0.0277355 0.0334106
FixedParameters: 0 0 0

#Transform 48
Transform: AffineTransform_float_3_3
Parameters: 1 -0.000463819 9.80791e-05 0.000463689 0.999999 0.000663293 -9.86943e-05 -0.000663201 1 0.0262868 0.0214836 0.0426679
FixedParameters: 0 0 0

#Transform 49
Transform: AffineTransform_float_3_3
Parameters: 1 -0.000139989 0.000182158 0.000139778 0.999999 0.000589131 -0.000182311 -0.000589938 1 0.0200068 0.0219879 0.0420243
FixedParameters: 0 0 0

#Transform 50
Transform: AffineTransform_float_3_3
Parameters: 1 -0.000228271 -0.000102999 0.000228477 0.999999 0.00100024 0.000102543 -0.00100029 0.999999 0.0262075 -0.014421 0.0474337
FixedParameters: 0 0 0

#Transform 51
Transform: AffineTransform_float_3_3
Parameters: 1 -0.000317181 2.95281e-05 0.000317088 1 0.00113576 -3.02439e-05 -0.00113574 1 0.0243966 -0.00245732 0.0342063
FixedParameters: 0 0 0

#Transform 52
Transform: AffineTransform_float_3_3
Parameters: 1 -0.000251854 0.000212823 0.000251599 1 0.000598224 -0.000213124 -0.000598117 1 0.0227135 0.0356946 -0.00478403
FixedParameters: 0 0 0

#Transform 53
Transform: AffineTransform_float_3_3
Parameters: 0.999999 -0.000769515 -8.07077e-05 0.000769672 0.999999 0.00114128 7.89555e-05 -0.0011414 1 0.0302388 -0.0299517 0.0162255
FixedParameters: 0 0 0

#Transform 54
Transform: AffineTransform_float_3_3
Parameters: 0.999999 -0.000660308 0.000316699 0.000659783 0.999999 0.00120783 -0.000317324 -0.0012074 0.999999 0.0227413 -0.0628311 0.00367626
FixedParameters: 0 0 0

#Transform 55
Transform: AffineTransform_float_3_3
Parameters: 0.999999 -0.000679109 0.000248212 0.000678749 0.999999 0.00120888 -0.000248885 -0.00120853 0.999999 0.0375012 0.0202291 0.0120866
FixedParameters: 0 0 0

#Transform 56
Transform: AffineTransform_float_3_3
Parameters: 1 -0.000564124 -5.1072e-05 0.00056423 0.999999 0.00129416 4.96162e-05 -0.00129422 0.999999 0.0446393 0.00248327 0.0393699
FixedParameters: 0 0 0

#Transform 57
Transform: AffineTransform_float_3_3
Parameters: 1 -0.000463027 0.000335482 0.000463236 0.999999 0.00148248 -0.000336152 -0.00148216 0.999999 0.0266101 -0.0138081 0.0451485
FixedParameters: 0 0 0

#Transform 58
Transform: AffineTransform_float_3_3
Parameters: 0.999999 -0.000409486 0.00061797 0.000407776 0.999999 0.00136533 -0.000619069 -0.00136568 0.999999 0.014062 0.0357099 0.018065
FixedParameters: 0 0 0

#Transform 59
Transform: AffineTransform_float_3_3
Parameters: 0.999999 -0.000592144 0.00056482 0.000591924 0.999999 0.00126024 -0.00056561 -0.00125957 0.999999 0.0342157 -0.0140062 0.0633887
FixedParameters: 0 0 0

#Transform 60
Transform: AffineTransform_float_3_3
Parameters: 0.999999 -0.000656613 0.000330131 0.000656753 0.999999 0.00121308 -0.000331974 -0.00121351 1 0.0466243 0.0405853 0.0711255
FixedParameters: 0 0 0

#Transform 61
Transform: AffineTransform_float_3_3
Parameters: 1 -0.000603723 6.82721e-05 0.000603757 0.999999 0.0014736 -6.90944e-05 -0.00147264 0.999999 0.042325 0.0435874 0.0717083
FixedParameters: 0 0 0

#Transform 62
Transform: AffineTransform_float_3_3
Parameters: 0.999999 -0.000655025 0.000335916 0.000655418 0.999999 0.00121316 -0.000336792 -0.00121357 1 0.038985 -0.0242717 0.0891812
FixedParameters: 0 0 0

#Transform 63
Transform: AffineTransform_float_3_3
Parameters: 0.999999 -0.00061171 0.000493251 0.000611583 0.999999 0.00134827 -0.000494198 -0.00134766 0.999999 0.0361886 -0.0562328 0.0804205
FixedParameters: 0 0 0

#Transform 64
Transform: AffineTransform_float_3_3
Parameters: 0.999999 -0.000621559 0.000455015 0.000620869 0.999997 0.00204981 -0.000456855 -0.00204924 0.999998 0.0362943 -0.0226309 0.0631658
FixedParameters: 0 0 0

#Transform 65
Transform: AffineTransform_float_3_3
Parameters: 0.999999 -0.000665672 0.000295446 0.000665877 0.999999 0.00164531 -0.000296928 -0.00164543 0.999998 0.0394621 -0.000918923 0.112349
FixedParameters: 0 0 0

#Transform 66
Transform: AffineTransform_float_3_3
Parameters: 1 -0.000392552 0.000328997 0.000392035 1 0.0011515 -0.000328932 -0.00115123 1 0.0306986 -0.0319346 0.0588767
FixedParameters: 0 0 0

#Transform 67
Transform: AffineTransform_float_3_3
Parameters: 1 -0.000390186 0.000201595 0.000389956 0.999999 0.00116785 -0.000201538 -0.00116768 1 0.0393163 -0.0296047 0.0944783
FixedParameters: 0 0 0

#Transform 68
Transform: AffineTransform_float_3_3
Parameters: 1 -0.00044323 0.000448666 0.000442902 0.999999 0.00167876 -0.000449445 -0.00167886 0.999998 0.0349088 -0.00635724 0.0948795
FixedParameters: 0 0 0

#Transform 69
Transform: AffineTransform_float_3_3
Parameters: 1 -0.000515584 0.000445062 0.000514131 0.999998 0.00187285 -0.000446017 -0.00187238 0.999998 0.0359601 -0.0311933 0.10123
FixedParameters: 0 0 0

#Transform 70
Transform: AffineTransform_float_3_3
Parameters: 0.999999 -0.000624014 0.000447294 0.000623954 0.999998 0.00168648 -0.000447714 -0.00168728 0.999998 0.0366079 -0.0152325 0.100016
FixedParameters: 0 0 0

#Transform 71
Transform: AffineTransform_float_3_3
Parameters: 0.999999 -0.000628628 0.000429953 0.00062823 0.999998 0.00183045 -0.000431546 -0.0018299 0.999998 0.0366298 -0.00807764 0.05796
FixedParameters: 0 0 0

#Transform 72
Transform: AffineTransform_float_3_3
Parameters: 1 -0.000418826 0.000295095 0.000417977 0.999999 0.00180306 -0.000295631 -0.00180281 0.999999 0.0373354 0.000712139 0.0900939
FixedParameters: 0 0 0

#Transform 73
Transform: AffineTransform_float_3_3
Parameters: 1 -0.000371285 0.00026823 0.000370559 0.999999 0.0017538 -0.000268558 -0.00175359 0.999999 0.0380065 -0.0394477 0.105954
FixedParameters: 0 0 0

#Transform 74
Transform: AffineTransform_float_3_3
Parameters: 1 -0.000319778 0.000364815 0.000318593 0.999998 0.00192424 -0.000365058 -0.00192485 0.999998 0.0382318 -0.0458108 0.0953169
FixedParameters: 0 0 0

#Transform 75
Transform: AffineTransform_float_3_3
Parameters: 1 -9.98733e-05 0.000155209 9.96837e-05 0.999999 0.00138887 -0.000154517 -0.00138882 0.999999 0.0350863 -0.00883613 0.057508
FixedParameters: 0 0 0

#Transform 76
Transform: AffineTransform_float_3_3
Parameters: 1 -0.000207622 0.000146485 0.000208284 0.999999 0.0017663 -0.00014651 -0.00176675 0.999998 0.04536 -0.0402924 0.0792264
FixedParameters: 0 0 0

#Transform 77
Transform: AffineTransform_float_3_3
Parameters: 1 -0.000277176 0.000141771 0.000277544 0.999998 0.00191337 -0.000143089 -0.00191329 0.999998 0.0460735 -0.0253352 0.0653461
FixedParameters: 0 0 0

#Transform 78
Transform: AffineTransform_float_3_3
Parameters: 1 -0.000283353 0.000274999 0.00028329 0.999999 0.00177181 -0.000276258 -0.00177217 0.999998 0.0471378 -0.014767 0.0615406
FixedParameters: 0 0 0

#Transform 79
Transform: AffineTransform_float_3_3
Parameters: 1 -0.000187703 -0.000125537 0.000186984 1 0.00107606 0.000125404 -0.0010761 1 0.0597075 -0.00263881 0.0567096
FixedParameters: 0 0 0

#Transform 80
Transform: AffineTransform_float_3_3
Parameters: 1 -0.000387465 0.00036112 0.000386564 0.999998 0.00157996 -0.000361374 -0.00157967 0.999998 0.0549996 -0.00689722 0.0824156
FixedParameters: 0 0 0

#Transform 81
Transform: AffineTransform_float_3_3
Parameters: 1 -0.000103653 0.000181344 0.000103351 0.999999 0.000832145 -0.000181516 -0.000832108 0.999999 0.0348038 0.166726 0.0779615
FixedParameters: 0 0 0

#Transform 82
Transform: AffineTransform_float_3_3
Parameters: 1 -8.14691e-05 0.000259709 8.06673e-05 0.999999 0.00149424 -0.000259947 -0.0014942 0.999999 0.0352467 -0.0051453 0.095463
FixedParameters: 0 0 0

#Transform 83
Transform: AffineTransform_float_3_3
Parameters: 1 -7.77916e-05 0.000273453 7.70007e-05 0.999999 0.00139942 -0.000273666 -0.00139938 0.999999 0.0367182 0.0427361 0.101143
FixedParameters: 0 0 0

#Transform 84
Transform: AffineTransform_float_3_3
Parameters: 1 -8.21157e-05 0.000257182 8.15647e-05 0.999999 0.00154121 -0.000256466 -0.00154116 0.999999 0.0352063 0.00494173 0.0978349
FixedParameters: 0 0 0

#Transform 85
Transform: AffineTransform_float_3_3
Parameters: 1 -6.85764e-05 0.000305926 6.74929e-05 0.999998 0.00172813 -0.000306159 -0.00172758 0.999999 0.0336746 0.0409097 0.0972959
FixedParameters: 0 0 0

#Transform 86
Transform: AffineTransform_float_3_3
Parameters: 1 -0.000122562 0.000106077 0.00012197 0.999997 0.00242328 -0.000106656 -0.00242325 0.999997 0.0379002 0.00861282 0.0911154
FixedParameters: 0 0 0

#Transform 87
Transform: AffineTransform_float_3_3
Parameters: 1 -0.00015396 -8.89683e-06 0.000153926 0.999997 0.00243674 8.16019e-06 -0.00243675 0.999997 0.0425808 0.00532669 0.111031
FixedParameters: 0 0 0

#Transform 88
Transform: AffineTransform_float_3_3
Parameters: 1 -0.000461603 0.000483167 0.000460975 0.999998 0.00187252 -0.000484176 -0.00187293 0.999999 0.0644356 -0.0735174 0.0843778
FixedParameters: 0 0 0

#Transform 89
Transform: AffineTransform_float_3_3
Parameters: 1 -0.000197298 0.000503025 0.000196117 0.999999 0.0014182 -0.000502603 -0.00141885 0.999999 0.03208 -0.0331813 0.0485183
FixedParameters: 0 0 0

#Transform 90
Transform: AffineTransform_float_3_3
Parameters: 1 -0.000477464 0.00042429 0.000476779 0.999998 0.00216949 -0.000425634 -0.00217045 0.999997 0.0361726 -0.0640906 0.118258
FixedParameters: 0 0 0

#Transform 91
Transform: AffineTransform_float_3_3
Parameters: 1 -0.000478265 0.000420339 0.000477338 0.999997 0.00247065 -0.000421988 -0.00247024 0.999997 0.03538 -0.00226845 0.123767
FixedParameters: 0 0 0

#Transform 92
Transform: AffineTransform_float_3_3
Parameters: 1 -0.000462795 0.000476868 0.000461833 0.999996 0.00250049 -0.000477492 -0.00250089 0.999997 0.0344668 -0.0163632 0.124819
FixedParameters: 0 0 0

#Transform 93
Transform: AffineTransform_float_3_3
Parameters: 1 -0.000478569 0.000418899 0.000477536 0.999997 0.00258045 -0.000420636 -0.00258142 0.999996 0.0354702 -0.00764379 0.130265
FixedParameters: 0 0 0

#Transform 94
Transform: AffineTransform_float_3_3
Parameters: 1 -0.000661214 0.000238422 0.00066026 0.999995 0.00289193 -0.000240297 -0.00289159 0.999996 0.0403179 -0.0256196 0.0920211
FixedParameters: 0 0 0

#Transform 95
Transform: AffineTransform_float_3_3
Parameters: 0.999999 -0.000754063 0.000225602 0.000753738 0.999993 0.00361339 -0.000229354 -0.00361354 0.999993 0.0323771 -0.0176434 0.100474
FixedParameters: 0 0 0

#Transform 96
Transform: AffineTransform_float_3_3
Parameters: 0.999999 -0.000864211 0.000351164 0.000863438 0.999994 0.0033771 -0.000354345 -0.00337646 0.999994 0.0406916 -0.0805757 0.117123
FixedParameters: 0 0 0

#Transform 97
Transform: AffineTransform_float_3_3
Parameters: 1 -0.000940148 0.000272412 0.000939013 0.999992 0.00373492 -0.000275547 -0.00373436 0.999993 0.0257164 -0.081113 0.128494
FixedParameters: 0 0 0

#Transform 98
Transform: AffineTransform_float_3_3
Parameters: 1 -0.000974086 0.000319183 0.000972612 0.999992 0.00371849 -0.000322538 -0.00371782 0.999993 0.0217891 -0.022972 0.130498
FixedParameters: 0 0 0

#Transform 99
Transform: AffineTransform_float_3_3
Parameters: 1 -0.000894422 0.000450257 0.000892219 0.999995 0.00318311 -0.000453028 -0.00318278 0.999995 0.0280037 -0.0565143 0.13911
FixedParameters: 0 0 0

#Transform 100
Transform: AffineTransform_float_3_3
Parameters: 0.999999 -0.00135038 0.000571593 0.00134865 0.999994 0.00337902 -0.000576128 -0.00337793 0.999994 0.037077 -0.0594316 0.172922
FixedParameters: 0 0 0

#Transform 101
Transform: AffineTransform_float_3_3
Parameters: 0.999999 -0.00124053 0.000131939 0.0012407 0.999995 0.00297405 -0.000135442 -0.00297419 0.999995 0.0445008 -0.0359638 0.168321
FixedParameters: 0 0 0

#Transform 102
Transform: AffineTransform_float_3_3
Parameters: 0.999998 -0.00156703 -0.000345368 0.00156852 0.999994 0.00327856 0.000340455 -0.00327922 0.999995 0.0584784 -0.0390027 0.175246
FixedParameters: 0 0 0

#Transform 103
Transform: AffineTransform_float_3_3
Parameters: 1 -0.00120216 4.44808e-05 0.00120201 0.999993 0.00371 -4.82812e-05 -0.00371034 0.999993 0.0487538 -0.0404004 0.207379
FixedParameters: 0 0 0

#Transform 104
Transform: AffineTransform_float_3_3
Parameters: 0.999999 -0.00136604 0.000173873 0.0013659 0.999993 0.00364945 -0.000178989 -0.00364942 0.999994 0.047509 -0.0210683 0.199393
FixedParameters: 0 0 0

#Transform 105
Transform: AffineTransform_float_3_3
Parameters: 0.999999 -0.00135999 2.00353e-05 0.00136001 0.999992 0.00378032 -2.51989e-05 -0.00378071 0.999993 0.0498314 -0.0113808 0.156332
FixedParameters: 0 0 0

#Transform 106
Transform: AffineTransform_float_3_3
Parameters: 1 -0.00102294 -2.5939e-05 0.00102305 0.999991 0.00399564 2.1906e-05 -0.00399478 0.999992 0.0347285 -0.081838 0.202419
FixedParameters: 0 0 0

#Transform 107
Transform: AffineTransform_float_3_3
Parameters: 1 -0.00100145 5.49441e-05 0.00100098 0.999993 0.00365583 -5.81158e-05 -0.00365567 0.999994 0.0470044 -0.0528546 0.184116
FixedParameters: 0 0 0

#Transform 108
Transform: AffineTransform_float_3_3
Parameters: 1 -0.00103094 -5.30996e-05 0.00103126 0.999993 0.00358202 4.98631e-05 -0.00358259 0.999993 0.0330282 -0.0227579 0.180902
FixedParameters: 0 0 0

#Transform 109
Transform: AffineTransform_float_3_3
Parameters: 1 -0.00106525 5.59937e-05 0.00106473 0.999993 0.00378046 -5.98909e-05 -0.0037808 0.999993 0.0474844 -0.0581852 0.176483
FixedParameters: 0 0 0

#Transform 110
Transform: AffineTransform_float_3_3
Parameters: 0.999999 -0.00101199 1.49373e-05 0.00101176 0.999992 0.00390029 -1.86726e-05 -0.0039002 0.999993 0.0231054 -0.076518 0.16954
FixedParameters: 0 0 0

#Transform 111
Transform: AffineTransform_float_3_3
Parameters: 1 -0.00105548 -0.000143709 0.00105523 0.999993 0.00364499 0.000139465 -0.00364525 0.999994 0.0161813 -0.055293 0.134877
FixedParameters: 0 0 0

#Transform 112
Transform: AffineTransform_float_3_3
Parameters: 1 -0.000591257 -0.000129512 0.000591103 0.999997 0.00240616 0.00012791 -0.0024063 0.999997 0.0384566 -0.00806912 0.112446
FixedParameters: 0 0 0

#Transform 113
Transform: AffineTransform_float_3_3
Parameters: 1 -0.000449272 -0.000122993 0.00044913 0.999996 0.0025796 0.000121919 -0.00257969 0.999996 0.0227831 -0.0533362 0.0897569
FixedParameters: 0 0 0

#Transform 114
Transform: AffineTransform_float_3_3
Parameters: 1 -0.000564784 -2.76439e-05 0.000565116 0.999997 0.00216355 2.61722e-05 -0.00216357 0.999997 0.0345266 0.0671346 0.0764908
FixedParameters: 0 0 0

#Transform 115
Transform: AffineTransform_float_3_3
Parameters: 1 -0.000500599 0.000205393 0.000499732 0.999996 0.00256179 -0.000206978 -0.00256157 0.999996 0.0314604 0.0193695 0.0905567
FixedParameters: 0 0 0

#Transform 116
Transform: AffineTransform_float_3_3
Parameters: 0.999999 -0.000619644 0.0004528 0.000618763 0.999996 0.0025409 -0.000454259 -0.00254118 0.999997 0.0272775 0.0137105 0.0670664
FixedParameters: 0 0 0

#Transform 117
Transform: AffineTransform_float_3_3
Parameters: 0.999999 -0.00127369 0.000396516 0.00127219 0.999994 0.00336271 -0.000400227 -0.00336215 0.999995 0.0418859 -0.0242567 0.0804849
FixedParameters: 0 0 0

#Transform 118
Transform: AffineTransform_float_3_3
Parameters: 0.999999 -0.0012 0.000667317 0.00119773 0.999994 0.00331884 -0.000670696 -0.00331718 0.999995 0.0383576 -0.0145021 0.0937285
FixedParameters: 0 0 0

#Transform 119
Transform: AffineTransform_float_3_3
Parameters: 1 -0.00100431 0.000502863 0.00100285 0.999994 0.00333697 -0.000505936 -0.00333678 0.999995 0.0392198 0.00787163 0.0961938
FixedParameters: 0 0 0

#Transform 120
Transform: AffineTransform_float_3_3
Parameters: 0.999999 -0.000800446 0.000304076 0.00079909 0.999995 0.00328032 -0.000306401 -0.00328031 0.999994 0.0381399 0.0372925 0.076635
FixedParameters: 0 0 0

#Transform 121
Transform: AffineTransform_float_3_3
Parameters: 1 -0.000262688 -0.000344987 0.000262918 0.999996 0.0028872 0.000344983 -0.00288736 0.999996 0.0617133 0.00181404 0.0218458
FixedParameters: 0 0 0

#Transform 122
Transform: AffineTransform_float_3_3
Parameters: 1 -0.000146734 8.09614e-05 0.000146462 0.999997 0.00270093 -8.07712e-05 -0.0027009 0.999997 0.0371663 -0.0138461 -0.0196654
FixedParameters: 0 0 0

#Transform 123
Transform: AffineTransform_float_3_3
Parameters: 1 -0.000273279 -0.000381497 0.00027345 0.999997 0.00250167 0.000381638 -0.00250186 0.999997 0.0459894 0.0319923 0.0228689
FixedParameters: 0 0 0

#Transform 124
Transform: AffineTransform_float_3_3
Parameters: 1 -0.000371675 -0.000404467 0.000373435 0.999995 0.00319817 0.000403336 -0.00319846 0.999995 0.0475125 9.81464e-05 0.0952058
FixedParameters: 0 0 0

#Transform 125
Transform: AffineTransform_float_3_3
Parameters: 1 -0.000217522 -0.00018162 0.000217632 0.999994 0.00331345 0.000180467 -0.00331353 0.999994 0.0241127 0.0521471 0.0850212
FixedParameters: 0 0 0

#Transform 126
Transform: AffineTransform_float_3_3
Parameters: 1 -0.000610062 4.05468e-05 0.00060993 0.999994 0.00322244 -4.34915e-05 -0.00322238 0.999995 0.0408887 0.0528302 0.084227
FixedParameters: 0 0 0

#Transform 127
Transform: AffineTransform_float_3_3
Parameters: 1 -0.000598977 0.000135602 0.000598523 0.999993 0.00384753 -0.00013728 -0.00384784 0.999992 0.0270996 0.0667583 0.082493
FixedParameters: 0 0 0

#Transform 128
Transform: AffineTransform_float_3_3
Parameters: 1 -0.000196618 -0.000106855 0.00019627 0.999993 0.0037285 0.000105688 -0.00372854 0.999993 0.04026 0.0348391 0.0912056
FixedParameters: 0 0 0

#Transform 129
Transform: AffineTransform_float_3_3
Parameters: 1 -0.000306027 -8.42216e-05 0.000305813 0.999991 0.00410057 8.29787e-05 -0.0041006 0.999991 0.0405048 0.0540264 0.117032
FixedParameters: 0 0 0

#Transform 130
Transform: AffineTransform_float_3_3
Parameters: 1 -0.000265592 -9.7115e-06 0.000265687 0.999989 0.00452266 8.31792e-06 -0.00452265 0.99999 0.0391829 0.00989902 0.100913
FixedParameters: 0 0 0

#Transform 131
Transform: AffineTransform_float_3_3
Parameters: 1 -0.000260547 -0.000344194 0.000261501 0.999991 0.00409732 0.000343587 -0.00409747 0.999991 0.0451994 0.012931 0.0821867
FixedParameters: 0 0 0

#Transform 132
Transform: AffineTransform_float_3_3
Parameters: 1 -7.6258e-05 4.17121e-05 7.66918e-05 0.999993 0.00388968 -4.25366e-05 -0.00388968 0.999993 0.0395772 0.0493309 0.157286
FixedParameters: 0 0 0

#Transform 133
Transform: AffineTransform_float_3_3
Parameters: 1 -9.78414e-05 0.000254206 9.63104e-05 0.999991 0.00440039 -0.000255281 -0.00440034 0.999991 0.0398319 0.035888 0.157288
FixedParameters: 0 0 0

#Transform 134
Transform: AffineTransform_float_3_3
Parameters: 1 -0.000115059 0.000188434 0.000113797 0.999988 0.00501657 -0.000189789 -0.00501653 0.999988 0.0515085 0.0657889 0.180523
FixedParameters: 0 0 0

#Transform 135
Transform: AffineTransform_float_3_3
Parameters: 1 -7.96655e-05 0.000319425 7.74244e-05 0.999987 0.00496436 -0.000319441 -0.00496517 0.999988 0.0492561 0.0843924 0.174991
FixedParameters: 0 0 0

#Transform 136
Transform: AffineTransform_float_3_3
Parameters: 1 -0.000362944 0.000185747 0.000362035 0.999986 0.00541907 -0.000187946 -0.00541891 0.999986 0.0518299 0.0200227 0.183352
FixedParameters: 0 0 0

#Transform 137
Transform: AffineTransform_float_3_3
Parameters: 1 -0.000518497 4.46624e-05 0.000518292 0.999983 0.00592594 -4.7833e-05 -0.00592586 0.999983 0.0397073 0.0503132 0.179153
FixedParameters: 0 0 0

#Transform 138
Transform: AffineTransform_float_3_3
Parameters: 1 -0.000497163 0.000182993 0.000496501 0.999984 0.00554276 -0.000185807 -0.00554255 0.999984 0.0551887 0.0307971 0.215308
FixedParameters: 0 0 0

#Transform 139
Transform: AffineTransform_float_3_3
Parameters: 1 -0.000401581 0.000130875 0.000401535 0.999985 0.00542227 -0.000132535 -0.00542214 0.999986 0.0452129 0.0847084 0.214918
FixedParameters: 0 0 0

#Transform 140
Transform: AffineTransform_float_3_3
Parameters: 1 -0.000679076 -0.000109986 0.00067998 0.999985 0.00533648 0.000106918 -0.00533657 0.999986 0.0574415 0.0421299 0.204507
FixedParameters: 0 0 0

#Transform 141
Transform: AffineTransform_float_3_3
Parameters: 1 -0.000543985 -0.000203254 0.000544515 0.999982 0.00584961 0.000199424 -0.00584979 0.999983 0.048089 0.0555406 0.202531
FixedParameters: 0 0 0

#Transform 142
Transform: AffineTransform_float_3_3
Parameters: 0.999999 -0.000938743 0.000270456 0.000936991 0.999985 0.00544306 -0.000274813 -0.00544248 0.999985 0.0549719 0.105879 0.180054
FixedParameters: 0 0 0

#Transform 143
Transform: AffineTransform_float_3_3
Parameters: 1 -0.000528037 0.000273157 0.000526565 0.999986 0.00524387 -0.000275998 -0.00524355 0.999986 0.0526291 0.017426 0.170638
FixedParameters: 0 0 0

#Transform 144
Transform: AffineTransform_float_3_3
Parameters: 1 -0.000534383 0.000249529 0.000533141 0.999986 0.00527855 -0.000252474 -0.00527825 0.999986 0.0623305 0.0678643 0.133206
FixedParameters: 0 0 0

#Transform 145
Transform: AffineTransform_float_3_3
Parameters: 1 -0.000474377 0.000470252 0.000472211 0.999984 0.0057486 -0.000473522 -0.00574814 0.999984 0.0483381 0.0384913 0.186294
FixedParameters: 0 0 0

#Transform 146
Transform: AffineTransform_float_3_3
Parameters: 0.999999 -0.000673615 0.000417433 0.000671211 0.99998 0.00618166 -0.000421361 -0.00618191 0.999981 0.0610493 0.0338177 0.2201
FixedParameters: 0 0 0

#Transform 147
Transform: AffineTransform_float_3_3
Parameters: 0.999999 -0.000454578 0.000788934 0.000449443 0.999982 0.00605991 -0.000791522 -0.00606003 0.999982 0.0393078 0.0604125 0.195414
FixedParameters: 0 0 0

#Transform 148
Transform: AffineTransform_float_3_3
Parameters: 1 -0.000513036 0.000325663 0.000511287 0.999982 0.00609667 -0.000329461 -0.00609631 0.999982 0.0511808 0.0429532 0.224873
FixedParameters: 0 0 0

#Transform 149
Transform: AffineTransform_float_3_3
Parameters: 1 -0.000512408 0.000326707 0.000510633 0.999979 0.00645778 -0.000329883 -0.00645827 0.999979 0.0507913 0.0588646 0.181682
FixedParameters: 0 0 0

#Transform 150
Transform: AffineTransform_float_3_3
Parameters: 0.999999 -0.00146155 -0.000184585 0.00146275 0.999981 0.00597537 0.000176656 -0.00597543 0.999982 0.0678946 0.0534285 0.177994
FixedParameters: 0 0 0

#Transform 151
Transform: AffineTransform_float_3_3
Parameters: 1 -0.000527741 0.000129241 0.000526518 0.999982 0.00598204 -0.000132574 -0.00598187 0.999982 0.0546809 0.0504829 0.231498
FixedParameters: 0 0 0

#Transform 152
Transform: AffineTransform_float_3_3
Parameters: 0.999999 -0.000699204 0.000126808 0.000699187 0.999982 0.0060524 -0.000131594 -0.00605269 0.999981 0.0604006 0.0310043 0.2173
FixedParameters: 0 0 0

#Transform 153
Transform: AffineTransform_float_3_3
Parameters: 1 -0.00119987 0.000121451 0.00119881 0.999981 0.0060083 -0.000128766 -0.00600842 0.999982 0.0597881 0.0886107 0.16604
FixedParameters: 0 0 0

#Transform 154
Transform: AffineTransform_float_3_3
Parameters: 0.999999 -0.00125464 0.000273345 0.00125223 0.999972 0.00740043 -0.000283097 -0.00740014 0.999972 0.0578109 0.0548061 0.224499
FixedParameters: 0 0 0

#Transform 155
Transform: AffineTransform_float_3_3
Parameters: 0.999999 -0.0012649 -9.28318e-05 0.00126572 0.999977 0.00663725 8.43795e-05 -0.00663788 0.999978 0.0636146 0.123854 0.201959
FixedParameters: 0 0 0

#Transform 156
Transform: AffineTransform_float_3_3
Parameters: 0.999999 -0.00118723 0.000428766 0.00118389 0.999972 0.00729002 -0.000436548 -0.00728974 0.999974 0.0735375 0.055894 0.215804
FixedParameters: 0 0 0

#Transform 157
Transform: AffineTransform_float_3_3
Parameters: 0.999999 -0.000815938 0.000229477 0.000813924 0.999978 0.00658285 -0.000234323 -0.0065824 0.999979 0.0725451 0.0828689 0.220501
FixedParameters: 0 0 0

#Transform 158
Transform: AffineTransform_float_3_3
Parameters: 0.999999 -0.000805696 0.000269028 0.000803138 0.999981 0.00622711 -0.000274134 -0.00622713 0.99998 0.0714766 0.0321515 0.217336
FixedParameters: 0 0 0

#Transform 159
Transform: AffineTransform_float_3_3
Parameters: 0.999999 -0.000856677 0.000310736 0.000854902 0.99998 0.00615283 -0.000315663 -0.00615222 0.999981 0.0595325 0.10187 0.236197
FixedParameters: 0 0 0

#Transform 160
Transform: AffineTransform_float_3_3
Parameters: 0.999999 -0.000767379 0.000410171 0.000763958 0.999978 0.00657637 -0.000414624 -0.00657567 0.999979 0.0662142 0.0183425 0.270888
FixedParameters: 0 0 0

#Transform 161
Transform: AffineTransform_float_3_3
Parameters: 0.999999 -0.000833964 0.000159836 0.000832569 0.999974 0.00716393 -0.000165874 -0.00716359 0.999975 0.056794 0.0264036 0.265234
FixedParameters: 0 0 0

#Transform 162
Transform: AffineTransform_float_3_3
Parameters: 0.999999 -0.000966724 -7.33128e-05 0.00096699 0.999973 0.00727717 6.66327e-05 -0.00727687 0.999973 0.0717427 0.0423475 0.234306
FixedParameters: 0 0 0

#Transform 163
Transform: AffineTransform_float_3_3
Parameters: 0.999999 -0.000970022 -0.000138483 0.00097158 0.999964 0.00843072 0.00013052 -0.00843088 0.999965 0.063051 0.0121907 0.269757
FixedParameters: 0 0 0

#Transform 164
Transform: AffineTransform_float_3_3
Parameters: 0.999999 -0.000833881 0.000159329 0.00083268 0.999972 0.00734494 -0.000164699 -0.00734459 0.999973 0.0561033 0.0759783 0.246944
FixedParameters: 0 0 0

#Transform 165
Transform: AffineTransform_float_3_3
Parameters: 0.999999 -0.000882498 -2.01661e-05 0.000882737 0.999976 0.00697413 1.40194e-05 -0.00697459 0.999975 0.0596698 0.0885315 0.267225
FixedParameters: 0 0 0

#Transform 166
Transform: AffineTransform_float_3_3
Parameters: 0.999999 -0.00102145 -6.08097e-05 0.00102152 0.999974 0.00721122 5.34692e-05 -0.0072109 0.999974 0.0535236 0.0475502 0.275464
FixedParameters: 0 0 0

#Transform 167
Transform: AffineTransform_float_3_3
Parameters: 0.999999 -0.0009016 -9.37537e-05 0.0009019 0.999972 0.00741539 8.68219e-05 -0.00741547 0.999973 0.0462001 0.0986245 0.256083
FixedParameters: 0 0 0

#Transform 168
Transform: AffineTransform_float_3_3
Parameters: 0.999999 -0.000909968 -0.000124584 0.000910732 0.999972 0.00733794 0.000117661 -0.00733808 0.999973 0.047592 0.0695127 0.296857
FixedParameters: 0 0 0

#Transform 169
Transform: AffineTransform_float_3_3
Parameters: 0.999999 -0.000934365 -0.000218053 0.000935898 0.999969 0.00774758 0.000211232 -0.00774703 0.99997 0.0513022 0.0595633 0.28599
FixedParameters: 0 0 0

#Transform 170
Transform: AffineTransform_float_3_3
Parameters: 0.999999 -0.000923505 -0.000177443 0.000924409 0.999969 0.00774516 0.0001708 -0.00774452 0.99997 0.042639 0.0331463 0.294848
FixedParameters: 0 0 0

#Transform 171
Transform: AffineTransform_float_3_3
Parameters: 0.999999 -0.0010791 -0.000753607 0.00108394 0.999974 0.00706682 0.000746062 -0.00706748 0.999974 0.0460406 0.0123752 0.279388
FixedParameters: 0 0 0

#Transform 172
Transform: AffineTransform_float_3_3
Parameters: 1 -0.000702145 -0.000871378 0.000709301 0.999969 0.00782743 0.00086617 -0.00782771 0.999969 0.0465362 0.0215426 0.276119
FixedParameters: 0 0 0

#Transform 173
Transform: AffineTransform_float_3_3
Parameters: 0.999999 -0.000846109 -0.00123699 0.000856382 0.999964 0.00838136 0.00122964 -0.00838198 0.999964 0.0445936 0.0742093 0.25094
FixedParameters: 0 0 0

#Transform 174
Transform: AffineTransform_float_3_3
Parameters: 0.999999 -0.000912991 -0.00113036 0.000921598 0.999971 0.0075015 0.00112295 -0.0075021 0.999971 0.0363938 0.0875397 0.236174
FixedParameters: 0 0 0

#Transform 175
Transform: AffineTransform_float_3_3
Parameters: 0.999999 -0.000820618 -0.000962668 0.000828526 0.999972 0.00743687 0.000956242 -0.00743836 0.999972 0.0506867 0.0537846 0.268276
FixedParameters: 0 0 0

#Transform 176
Transform: AffineTransform_float_3_3
Parameters: 0.999999 -0.000679571 -0.00112153 0.000687963 0.999971 0.00758447 0.00111656 -0.0075854 0.999971 0.029595 0.0810277 0.268746
FixedParameters: 0 0 0

#Transform 177
Transform: AffineTransform_float_3_3
Parameters: 0.999999 -0.00067113 -0.0012168 0.000680781 0.999971 0.00749621 0.00121207 -0.00749726 0.999971 0.0362565 0.0711532 0.294619
FixedParameters: 0 0 0

#Transform 178
Transform: AffineTransform_float_3_3
Parameters: 1 -0.000723679 -0.000995229 0.000730896 0.999972 0.00746467 0.000989499 -0.00746517 0.999971 0.0334579 0.0246631 0.287368
FixedParameters: 0 0 0

#Transform 179
Transform: AffineTransform_float_3_3
Parameters: 1 -0.000790247 -0.000966333 0.000798254 0.999967 0.00801423 0.000959722 -0.00801515 0.999968 0.0332057 0.0331639 0.304086
FixedParameters: 0 0 0

#Transform 180
Transform: AffineTransform_float_3_3
Parameters: 0.999999 -0.000840158 -0.00129698 0.000851594 0.999961 0.00886437 0.00128919 -0.00886558 0.999959 0.0391559 0.0356302 0.306997
FixedParameters: 0 0 0

#Transform 181
Transform: AffineTransform_float_3_3
Parameters: 0.999999 -0.000480266 -0.000780142 0.000486269 0.99997 0.00771636 0.000776343 -0.00771705 0.99997 0.0266729 0.0728245 0.215439
FixedParameters: 0 0 0

#Transform 182
Transform: AffineTransform_float_3_3
Parameters: 0.999999 -0.000679038 -0.000685868 0.000685435 0.999968 0.00804106 0.00068023 -0.00804192 0.999968 0.0271222 0.0351263 0.246947
FixedParameters: 0 0 0

#Transform 183
Transform: AffineTransform_float_3_3
Parameters: 0.999998 -0.000876045 -0.00141734 0.000886688 0.999972 0.00747374 0.00141009 -0.00747476 0.999971 0.0415843 0.0523027 0.291191
FixedParameters: 0 0 0

#Transform 184
Transform: AffineTransform_float_3_3
Parameters: 0.999999 -0.000563614 -0.00147326 0.000574924 0.999968 0.00795124 0.0014685 -0.00795232 0.999968 0.0229872 0.0298242 0.331452
FixedParameters: 0 0 0

#Transform 185
Transform: AffineTransform_float_3_3
Parameters: 0.999999 -0.000436729 -0.00139461 0.000446691 0.999974 0.00727167 0.00139096 -0.00727233 0.999973 0.0143434 0.0169016 0.299223
FixedParameters: 0 0 0

#Transform 186
Transform: AffineTransform_float_3_3
Parameters: 0.999998 -0.000510485 -0.00159094 0.000522017 0.999972 0.00748283 0.00158653 -0.00748389 0.99997 0.0419362 0.0403365 0.336858
FixedParameters: 0 0 0

#Transform 187
Transform: AffineTransform_float_3_3
Parameters: 1 -0.000346777 -0.000237658 0.000349192 0.999971 0.00752477 0.000234741 -0.00752491 0.999971 0.0618228 0.0461933 0.339945
FixedParameters: 0 0 0

#Transform 188
Transform: AffineTransform_float_3_3
Parameters: 0.999999 0.000203483 0.000770871 -0.000209022 0.999979 0.00639581 -0.000769474 -0.00639564 0.999979 0.0939484 0.103117 0.243431
FixedParameters: 0 0 0

#Transform 189
Transform: AffineTransform_float_3_3
Parameters: 0.999993 0.000577102 0.00370184 -0.000596119 0.999987 0.00509424 -0.00369895 -0.00509679 0.99998 0.0416948 0.0364377 0.152939
FixedParameters: 0 0 0

#Transform 190
Transform: AffineTransform_float_3_3
