#Insight Transform File V1.0
#Transform 0
Transform: AffineTransform_float_3_3
Parameters: 1 0.000507635 -0.000280084 -0.000505899 0.999978 0.00662894 0.000282975 -0.00662874 0.999978 0.0752655 -0.334438 0.228314
FixedParameters: 0 0 0

#Transform 1
Transform: AffineTransform_float_3_3
Parameters: 1 0.000368791 -0.000466369 -0.000366163 0.999988 0.00501607 0.00046839 -0.00501576 0.999988 0.0811826 -0.269549 0.151214
FixedParameters: 0 0 0

#Transform 2
Transform: AffineTransform_float_3_3
Parameters: 0.999997 0.000908059 0.00242512 -0.000919383 0.999989 0.00462332 -0.0024206 -0.00462508 0.999986 -0.026189 -0.0891483 -0.341753
FixedParameters: 0 0 0

#Transform 3
Transform: AffineTransform_float_3_3
Parameters: 0.999997 0.00195816 0.001303 -0.00196163 0.999995 0.00241967 -0.00129843 -0.00242177 0.999997 -0.0195589 -0.0752681 -0.349178
FixedParameters: 0 0 0

#Transform 4
Transform: AffineTransform_float_3_3
Parameters: 1 0.00105492 0.000135519 -0.00105556 0.99999 0.00441528 -0.000130567 -0.00441478 0.99999 -0.0302112 -0.211964 -0.0293718
FixedParameters: 0 0 0

#Transform 5
Transform: AffineTransform_float_3_3
Parameters: 0.999999 3.24894e-05 0.00124743 -3.04127e-05 0.999999 -0.00131503 -0.00124822 0.00131453 0.999999 -0.00188408 -0.0565641 -0.184053
FixedParameters: 0 0 0

#Transform 6
Transform: AffineTransform_float_3_3
Parameters: 0.999998 0.000286639 0.0016632 -0.000286193 1 -0.000412308 -0.0016632 0.000411835 0.999998 -0.0440323 0.0242026 -0.0782279
FixedParameters: 0 0 0

#Transform 7
Transform: AffineTransform_float_3_3
Parameters: 0.999998 0.000659597 0.00190374 -0.000662053 0.999999 0.00116459 -0.00190271 -0.00116617 0.999998 -0.0553714 -0.0903828 -0.096412
FixedParameters: 0 0 0

#Transform 8
Transform: AffineTransform_float_3_3
Parameters: 0.999999 0.000546277 0.00145925 -0.000547522 1 0.00044115 -0.00145878 -0.000442274 0.999999 -0.0200014 -0.0726445 -0.140659
FixedParameters: 0 0 0

#Transform 9
Transform: AffineTransform_float_3_3
Parameters: 0.999998 0.000629683 0.00179168 -0.000630509 1 0.000456893 -0.00179234 -0.000458235 0.999998 -0.0389548 0.000754526 -0.181458
FixedParameters: 0 0 0

#Transform 10
Transform: AffineTransform_float_3_3
Parameters: 0.999998 0.000566879 0.00148932 -0.0005679 0.999999 0.00100721 -0.00148869 -0.00100797 0.999999 -0.0339534 0.0597805 -0.20639
FixedParameters: 0 0 0

#Transform 11
Transform: AffineTransform_float_3_3
Parameters: 1 0.000924658 0.000523155 -0.00092461 0.999999 0.000880992 -0.000521769 -0.000881965 1 -0.0216149 -0.0375459 -0.172853
FixedParameters: 0 0 0

#Transform 12
Transform: AffineTransform_float_3_3
Parameters: 1 0.000922152 0.000512407 -0.000922378 0.999999 0.000927762 -0.000511908 -0.000928736 1 -0.0205314 -0.0136255 -0.186721
FixedParameters: 0 0 0

#Transform 13
Transform: AffineTransform_float_3_3
Parameters: 1 0.00102588 0.000485482 -0.00102707 0.999999 0.000970181 -0.00048448 -0.000970318 1 -0.0363931 -0.056821 -0.156711
FixedParameters: 0 0 0

#Transform 14
Transform: AffineTransform_float_3_3
Parameters: 1 0.000606511 0.000882851 -0.000606511 0.999999 -0.00052418 -0.000883254 0.000523588 1 -0.0392325 0.0429696 -0.166713
FixedParameters: 0 0 0

#Transform 15
Transform: AffineTransform_float_3_3
Parameters: 0.999999 0.000373197 0.000651282 -0.000374325 0.999999 0.000864813 -0.000650644 -0.000864827 1 0.00453151 -0.069504 -0.114491
FixedParameters: 0 0 0

#Transform 16
Transform: AffineTransform_float_3_3
Parameters: 0.999999 0.000374568 0.000668551 -0.000374716 1 0.000110775 -0.000668468 -0.000111276 1 -0.0195074 -0.0101451 -0.114172
FixedParameters: 0 0 0

#Transform 17
Transform: AffineTransform_float_3_3
Parameters: 1 0.000260377 0.000217267 -0.000260337 1 -9.27208e-05 -0.000217315 9.26076e-05 1 0.0154949 0.0129932 -0.0559285
FixedParameters: 0 0 0

#Transform 18
Transform: AffineTransform_float_3_3
Parameters: 1 0.000418711 0.00018175 -0.00041861 1 -0.00027743 -0.000181982 0.000277278 1 -0.0399059 -0.0184771 0.00494725
FixedParameters: 0 0 0

#Transform 19
Transform: AffineTransform_float_3_3
Parameters: 1 6.5059e-05 0.0003282 -6.47699e-05 1 -0.000440426 -0.000328258 0.000440384 1 -0.0320294 -0.018123 0.0224762
FixedParameters: 0 0 0

#Transform 20
Transform: AffineTransform_float_3_3
Parameters: 1 0.000109345 0.000259544 -0.000109202 1 -0.000275935 -0.000259605 0.000275878 1 -0.0144396 0.00487267 0.00210448
FixedParameters: 0 0 0

#Transform 21
Transform: AffineTransform_float_3_3
Parameters: 1 -8.85044e-05 1.07188e-05 8.84265e-05 0.999999 0.00144554 -1.09722e-05 -0.00144554 0.999999 0.0238096 -0.0787058 -0.0092985
FixedParameters: 0 0 0

#Transform 22
Transform: AffineTransform_float_3_3
Parameters: 1 -0.000144606 0.000310057 0.000144428 1 0.00028617 -0.00031014 -0.00028608 1 0.0189055 -0.0517591 -0.0172578
FixedParameters: 0 0 0

#Transform 23
Transform: AffineTransform_float_3_3
Parameters: 1 -0.000230458 -4.35196e-05 0.000230534 0.999999 0.000881951 4.3113e-05 -0.000881971 0.999999 0.0319904 -0.0365692 -0.00696121
FixedParameters: 0 0 0

#Transform 24
Transform: AffineTransform_float_3_3
Parameters: 1 -0.000360069 -0.000585116 0.00036133 0.999998 0.00199625 0.000583903 -0.00199578 0.999997 0.0535099 -0.0835748 -0.00228456
FixedParameters: 0 0 0

#Transform 25
Transform: AffineTransform_float_3_3
Parameters: 1 -0.000181557 -0.000631365 0.00018311 0.999998 0.00207155 0.000630858 -0.00207177 0.999997 0.0535431 -0.0982187 0.0281591
FixedParameters: 0 0 0

#Transform 26
Transform: AffineTransform_float_3_3
Parameters: 1 -6.61812e-05 -0.000663895 6.80377e-05 0.999998 0.00223304 0.000663845 -0.00223312 0.999998 0.0514524 -0.104925 0.0127804
FixedParameters: 0 0 0

#Transform 27
Transform: AffineTransform_float_3_3
Parameters: 1 -0.000360167 -0.000589659 0.000361927 0.999997 0.00218849 0.000589288 -0.00218842 0.999998 0.053961 -0.0427955 0.0319959
FixedParameters: 0 0 0

#Transform 28
Transform: AffineTransform_float_3_3
Parameters: 0.999999 -0.000382032 -0.000682713 0.000383269 0.999997 0.00242909 0.000681347 -0.00242959 0.999997 0.0304916 -0.0784435 0.0543279
FixedParameters: 0 0 0

#Transform 29
Transform: AffineTransform_float_3_3
Parameters: 1 6.85638e-05 -0.00036699 -6.76116e-05 0.999996 0.00286834 0.000367633 -0.00286828 0.999996 0.0137652 -0.0852687 0.0590352
FixedParameters: 0 0 0

#Transform 30
Transform: AffineTransform_float_3_3
Parameters: 1 -0.000360988 -0.000623139 0.000363447 0.999994 0.0036048 0.00062198 -0.00360434 0.999993 0.0508469 -0.108895 0.0316674
FixedParameters: 0 0 0

#Transform 31
Transform: AffineTransform_float_3_3
Parameters: 1 -0.000360786 -0.000615513 0.000362894 0.999994 0.00328219 0.000614597 -0.00328212 0.999995 0.049565 -0.0541112 0.0332414
FixedParameters: 0 0 0

#Transform 32
Transform: AffineTransform_float_3_3
Parameters: 1 -0.000199622 -0.000653586 0.000201883 0.999995 0.00320331 0.000653768 -0.00320353 0.999994 0.0504595 -0.10578 0.0679215
FixedParameters: 0 0 0

#Transform 33
Transform: AffineTransform_float_3_3
Parameters: 1 -0.000492079 -0.00114011 0.000494955 0.999996 0.00304913 0.00113806 -0.00304935 0.999994 0.0489013 -0.0880101 0.0377855
FixedParameters: 0 0 0

#Transform 34
Transform: AffineTransform_float_3_3
Parameters: 0.999998 -0.000255457 -0.00165432 0.000262082 0.999992 0.00393016 0.00165281 -0.00393141 0.999991 0.0742387 -0.0816169 0.0150834
FixedParameters: 0 0 0

#Transform 35
Transform: AffineTransform_float_3_3
Parameters: 0.999999 0.000414981 -0.00130884 -0.000412248 0.999998 0.00198538 0.00130904 -0.00198474 0.999998 0.012359 -0.0932156 0.0238703
FixedParameters: 0 0 0

#Transform 36
Transform: AffineTransform_float_3_3
Parameters: 1 0.000372675 -0.00119366 -0.000369694 0.999996 0.00272782 0.00119448 -0.00272695 0.999995 0.00702043 -0.0489188 0.0374364
FixedParameters: 0 0 0

#Transform 37
Transform: AffineTransform_float_3_3
Parameters: 0.999998 -0.000224923 -0.00189469 0.000230605 0.999996 0.00286848 0.00189362 -0.00286838 0.999994 0.0578993 -0.0892102 0.0888643
FixedParameters: 0 0 0

#Transform 38
Transform: AffineTransform_float_3_3
Parameters: 0.999999 -0.000223294 -0.00158093 0.000228123 0.999996 0.00287562 0.00157963 -0.00287586 0.999994 0.0545803 -0.0695209 0.0892215
FixedParameters: 0 0 0

#Transform 39
Transform: AffineTransform_float_3_3
Parameters: 0.999998 -0.000607788 -0.0019832 0.000614444 0.999994 0.00343738 0.00198069 -0.00343881 0.999992 0.0745204 -0.129118 0.0601927
FixedParameters: 0 0 0

#Transform 40
Transform: AffineTransform_float_3_3
Parameters: 0.999998 -0.000633011 -0.00197736 0.000639694 0.999994 0.00345445 0.00197466 -0.00345597 0.999992 0.0740908 -0.107762 0.0710893
FixedParameters: 0 0 0

#Transform 41
Transform: AffineTransform_float_3_3
Parameters: 0.999998 -0.000627043 -0.00170746 0.000633513 0.999994 0.00361267 0.00170532 -0.0036134 0.999992 0.0782417 -0.134685 0.108624
FixedParameters: 0 0 0

#Transform 42
Transform: AffineTransform_float_3_3
Parameters: 0.999998 -0.000665456 -0.00184307 0.000671329 0.999995 0.00286839 0.00184141 -0.00286986 0.999994 0.0685148 -0.0478073 0.116869
FixedParameters: 0 0 0

#Transform 43
Transform: AffineTransform_float_3_3
Parameters: 0.999998 -0.000317842 -0.00201249 0.00032639 0.999992 0.00413177 0.00201177 -0.00413207 0.99999 0.0718796 -0.130903 0.0796794
FixedParameters: 0 0 0

#Transform 44
Transform: AffineTransform_float_3_3
Parameters: 0.999999 -0.00021857 -0.00153192 0.000223264 0.999994 0.00350596 0.00153184 -0.00350612 0.999992 0.0920315 -0.0888435 0.0989648
FixedParameters: 0 0 0

#Transform 45
Transform: AffineTransform_float_3_3
Parameters: 0.999999 -0.000647025 -0.00177446 0.000652982 0.999995 0.00308491 0.00177167 -0.00308671 0.999993 0.0981925 -0.0859129 0.129671
FixedParameters: 0 0 0

#Transform 46
Transform: AffineTransform_float_3_3
Parameters: 0.999998 -0.000291888 -0.00164268 0.000298328 0.999993 0.00390527 0.00164087 -0.00390575 0.999991 0.107045 -0.132469 0.0749133
FixedParameters: 0 0 0

#Transform 47
Transform: AffineTransform_float_3_3
Parameters: 0.999999 -0.000665326 -0.00138587 0.000669064 0.999996 0.00271106 0.00138419 -0.00271239 0.999996 0.0917696 -0.0729709 0.12113
FixedParameters: 0 0 0

#Transform 48
Transform: AffineTransform_float_3_3
Parameters: 0.999999 -0.000996035 -0.0010277 0.000998887 0.999995 0.00301573 0.00102556 -0.0030168 0.999995 0.118258 -0.121943 0.133811
FixedParameters: 0 0 0

#Transform 49
Transform: AffineTransform_float_3_3
Parameters: 0.999999 -0.000517394 -0.0013062 0.000522428 0.999992 0.00379763 0.00130444 -0.00379846 0.999992 0.105902 -0.0944848 0.0805268
FixedParameters: 0 0 0

#Transform 50
Transform: AffineTransform_float_3_3
Parameters: 0.999998 -0.000842382 -0.00150292 0.00084778 0.999992 0.00375004 0.001499 -0.00375116 0.999991 0.116949 -0.106075 0.0937572
FixedParameters: 0 0 0

#Transform 51
Transform: AffineTransform_float_3_3
Parameters: 0.999998 -0.000904423 -0.00149508 0.000910854 0.999992 0.00406122 0.00149112 -0.00406337 0.999991 0.113846 -0.148324 0.153164
FixedParameters: 0 0 0

#Transform 52
Transform: AffineTransform_float_3_3
Parameters: 0.999998 -0.000638947 -0.00169842 0.000645097 0.999992 0.004136 0.00169601 -0.00413675 0.99999 0.122144 -0.128529 0.108072
FixedParameters: 0 0 0

#Transform 53
Transform: AffineTransform_float_3_3
Parameters: 0.999998 -0.000810512 -0.00149871 0.000815432 0.999994 0.00324631 0.00149559 -0.00324687 0.999994 0.116385 -0.0857332 0.089536
FixedParameters: 0 0 0

#Transform 54
Transform: AffineTransform_float_3_3
Parameters: 0.999999 -0.000881162 -0.00166456 0.000887645 0.999992 0.00392909 0.00166124 -0.00393058 0.99999 0.107048 -0.104433 0.123981
FixedParameters: 0 0 0

#Transform 55
Transform: AffineTransform_float_3_3
Parameters: 0.999997 -0.000729742 -0.00205176 0.00073678 0.999993 0.00360341 0.00204939 -0.0036054 0.999992 0.12072 -0.139739 0.143628
FixedParameters: 0 0 0

#Transform 56
Transform: AffineTransform_float_3_3
Parameters: 0.999998 -0.000710805 -0.00199001 0.000718492 0.999991 0.00414611 0.00198724 -0.00414792 0.99999 0.117997 -0.148171 0.120686
FixedParameters: 0 0 0

#Transform 57
Transform: AffineTransform_float_3_3
Parameters: 0.999998 -0.000710362 -0.00200277 0.000719208 0.999989 0.00467789 0.00199947 -0.00467884 0.999987 0.121238 -0.0651292 0.142071
FixedParameters: 0 0 0

#Transform 58
Transform: AffineTransform_float_3_3
Parameters: 0.999999 -0.00057993 -0.00146305 0.000585545 0.99999 0.00428388 0.00146074 -0.00428504 0.999989 0.11232 -0.137025 0.169291
FixedParameters: 0 0 0

#Transform 59
Transform: AffineTransform_float_3_3
Parameters: 0.999998 -0.000230109 -0.00166601 0.00023754 0.999992 0.00416196 0.00166456 -0.00416225 0.99999 0.103293 -0.11452 0.106654
FixedParameters: 0 0 0

#Transform 60
Transform: AffineTransform_float_3_3
Parameters: 0.999999 -0.000400424 -0.00182664 0.000410451 0.999986 0.00528824 0.00182455 -0.00528871 0.999985 0.113513 -0.14932 0.144597
FixedParameters: 0 0 0

#Transform 61
Transform: AffineTransform_float_3_3
Parameters: 0.999998 -0.000418755 -0.00188509 0.00042822 0.999989 0.00468063 0.00188308 -0.00468123 0.999987 0.110628 -0.158479 0.175521
FixedParameters: 0 0 0

#Transform 62
Transform: AffineTransform_float_3_3
Parameters: 0.999998 -0.000400929 -0.00180881 0.000409156 0.999989 0.00453545 0.00180708 -0.00453591 0.999988 0.11267 -0.162881 0.0986432
FixedParameters: 0 0 0

#Transform 63
Transform: AffineTransform_float_3_3
Parameters: 0.999999 -0.000673175 -0.00176566 0.000682624 0.999985 0.00554076 0.00176157 -0.00554259 0.999983 0.130618 -0.176778 0.122435
FixedParameters: 0 0 0

#Transform 64
Transform: AffineTransform_float_3_3
Parameters: 0.999998 -0.000635863 -0.00175314 0.000644096 0.999989 0.00462884 0.00175012 -0.00462965 0.999987 0.121585 -0.188031 0.177605
FixedParameters: 0 0 0

#Transform 65
Transform: AffineTransform_float_3_3
Parameters: 0.999997 -0.000525221 -0.0025146 0.000533917 0.999993 0.00369429 0.00251311 -0.00369547 0.99999 0.137714 -0.138579 0.121458
FixedParameters: 0 0 0

#Transform 66
Transform: AffineTransform_float_3_3
Parameters: 0.999997 -0.00041272 -0.00239305 0.000422309 0.999991 0.00413652 0.00239108 -0.00413841 0.999988 0.10545 -0.143539 0.206812
FixedParameters: 0 0 0

#Transform 67
Transform: AffineTransform_float_3_3
Parameters: 0.999998 -0.000103157 -0.00213982 0.000111914 0.99999 0.00427255 0.00213918 -0.00427293 0.999988 0.091703 -0.105418 0.196661
FixedParameters: 0 0 0

#Transform 68
Transform: AffineTransform_float_3_3
Parameters: 0.999998 -0.000178252 -0.00213723 0.000188751 0.999988 0.00495827 0.00213592 -0.00495855 0.999985 0.0936027 -0.177967 0.157098
FixedParameters: 0 0 0

#Transform 69
Transform: AffineTransform_float_3_3
Parameters: 0.999998 -0.000334662 -0.00209669 0.000344674 0.999988 0.00486994 0.00209485 -0.00487037 0.999986 0.112921 -0.163344 0.197536
FixedParameters: 0 0 0

#Transform 70
Transform: AffineTransform_float_3_3
Parameters: 0.999997 -0.000367902 -0.00220568 0.000376005 0.999992 0.003934 0.00220398 -0.00393465 0.99999 0.0958939 -0.118276 0.200148
FixedParameters: 0 0 0

#Transform 71
Transform: AffineTransform_float_3_3
Parameters: 0.999999 -5.22881e-05 -0.000866341 5.30696e-05 1 0.00117805 0.000865493 -0.00117816 0.999999 0.000445352 0.0137642 0.169687
FixedParameters: 0 0 0

#Transform 72
Transform: AffineTransform_float_3_3
Parameters: 0.999999 -0.00020809 -0.00151673 0.000211946 0.999998 0.002261 0.00151651 -0.00226115 0.999997 0.0367409 -0.0377249 0.133818
FixedParameters: 0 0 0

#Transform 73
Transform: AffineTransform_float_3_3
Parameters: 0.999997 -0.000443705 -0.00250667 0.000453474 0.999993 0.00372678 0.0025055 -0.00372755 0.99999 0.0729178 -0.0943731 0.17378
FixedParameters: 0 0 0

#Transform 74
Transform: AffineTransform_float_3_3
Parameters: 0.999997 -0.000483412 -0.00268862 0.000495365 0.99999 0.00443681 0.0026872 -0.00443835 0.999987 0.0607389 -0.106129 0.143126
FixedParameters: 0 0 0

#Transform 75
Transform: AffineTransform_float_3_3
Parameters: 0.999996 -0.000517715 -0.0028265 0.000530651 0.99999 0.00439439 0.00282481 -0.00439626 0.999987 0.0663233 -0.115812 0.198013
FixedParameters: 0 0 0

#Transform 76
Transform: AffineTransform_float_3_3
Parameters: 0.999995 -0.000592087 -0.00307815 0.000600714 0.999996 0.00281182 0.00307694 -0.00281307 0.999991 0.0588152 -0.075811 0.225895
FixedParameters: 0 0 0

#Transform 77
Transform: AffineTransform_float_3_3
Parameters: 0.999998 -0.000324265 -0.00197381 0.000327843 0.999998 0.0018861 0.00197356 -0.0018873 0.999997 0.0154725 -0.0535722 0.22021
FixedParameters: 0 0 0

#Transform 78
Transform: AffineTransform_float_3_3
Parameters: 0.999999 -0.000671937 -0.0017105 0.000676225 0.999995 0.00299536 0.00170792 -0.00299715 0.999994 0.0348242 -0.0960626 0.209122
FixedParameters: 0 0 0

#Transform 79
Transform: AffineTransform_float_3_3
Parameters: 0.999998 -0.000415836 -0.00196923 0.00042139 0.999997 0.00266215 0.00196823 -0.0026637 0.999995 0.0459643 -0.106213 0.194485
FixedParameters: 0 0 0

#Transform 80
Transform: AffineTransform_float_3_3
Parameters: 0.999998 -0.000705565 -0.00183951 0.000710973 0.999996 0.00274733 0.00183779 -0.00274893 0.999995 0.0687396 -0.0401622 0.139535
FixedParameters: 0 0 0

#Transform 81
Transform: AffineTransform_float_3_3
Parameters: 0.999999 -0.00060014 -0.00142708 0.000604343 0.999994 0.00324233 0.00142437 -0.00324266 0.999993 0.0528639 -0.0824811 0.174883
FixedParameters: 0 0 0

#Transform 82
Transform: AffineTransform_float_3_3
Parameters: 0.999998 -0.000657563 -0.0016492 0.000662276 0.999995 0.00286806 0.00164759 -0.00286923 0.999995 0.0847586 -0.102056 0.232067
FixedParameters: 0 0 0

#Transform 83
Transform: AffineTransform_float_3_3
Parameters: 0.999999 -0.000597735 -0.00141737 0.000602123 0.999994 0.00324257 0.00141565 -0.00324286 0.999993 0.0756955 -0.121941 0.237291
FixedParameters: 0 0 0

#Transform 84
Transform: AffineTransform_float_3_3
Parameters: 0.999999 -0.000597558 -0.00143458 0.000603014 0.999992 0.00396336 0.00143224 -0.00396367 0.999991 0.0755978 -0.117468 0.160594
FixedParameters: 0 0 0

#Transform 85
Transform: AffineTransform_float_3_3
Parameters: 0.999998 -0.000709078 -0.00152575 0.000714156 0.999994 0.00323993 0.0015233 -0.00324021 0.999994 0.0797972 -0.0761934 0.209297
FixedParameters: 0 0 0

#Transform 86
Transform: AffineTransform_float_3_3
Parameters: 0.999999 -0.000733794 -0.00136472 0.000736747 0.999997 0.00245227 0.00136304 -0.00245287 0.999996 0.0567336 -0.0268156 0.230446
FixedParameters: 0 0 0

#Transform 87
Transform: AffineTransform_float_3_3
Parameters: 0.999999 -0.000537612 -0.00117102 0.000540781 0.999995 0.00309061 0.00116866 -0.00309137 0.999995 0.0673369 -0.157701 0.225444
FixedParameters: 0 0 0

#Transform 88
Transform: AffineTransform_float_3_3
Parameters: 0.999999 -0.000556779 -0.00127086 0.00056205 0.999992 0.00402038 0.00126853 -0.00402039 0.999991 0.0563272 -0.144353 0.0884238
FixedParameters: 0 0 0

#Transform 89
Transform: AffineTransform_float_3_3
Parameters: 1 -0.00016334 0.000331095 0.000161937 0.999993 0.0035396 -0.000331486 -0.00354036 0.999994 0.0251392 -0.0975992 -0.141548
FixedParameters: 0 0 0

#Transform 90
Transform: AffineTransform_float_3_3
Parameters: 0.999999 -0.00105043 0.00144082 0.00104546 0.999994 0.00334086 -0.00144489 -0.00333865 0.999993 0.0228279 -0.160151 -0.143916
FixedParameters: 0 0 0

#Transform 91
Transform: AffineTransform_float_3_3
Parameters: 0.999999 -0.00106932 0.00137729 0.00106518 0.999996 0.00244112 -0.00138003 -0.00243988 0.999997 0.0444655 -0.119057 -0.123724
FixedParameters: 0 0 0

#Transform 92
Transform: AffineTransform_float_3_3
Parameters: 0.999998 -0.0013837 0.00182134 0.00138254 0.999999 0.000739454 -0.00182162 -0.000737493 0.999998 0.0151843 -0.0752759 -0.0721192
FixedParameters: 0 0 0

#Transform 93
Transform: AffineTransform_float_3_3
Parameters: 0.999999 -0.000519986 0.00144606 0.000517544 0.999999 0.00167033 -0.00144632 -0.00166968 0.999997 -0.0255038 -0.0433527 -0.0182887
FixedParameters: 0 0 0

#Transform 94
Transform: AffineTransform_float_3_3
Parameters: 1 -0.000641761 0.000256231 0.000640645 0.999996 0.00275717 -0.000257818 -0.00275679 0.999996 0.0335484 -0.0478005 0.0522183
FixedParameters: 0 0 0

#Transform 95
Transform: AffineTransform_float_3_3
Parameters: 1 -0.000651064 0.000686371 0.000648655 0.999994 0.00334462 -0.000689254 -0.00334369 0.999994 0.0111202 -0.0771373 0.0275112
FixedParameters: 0 0 0

#Transform 96
Transform: AffineTransform_float_3_3
Parameters: 0.999999 -0.000878773 0.000897503 0.000876091 0.999996 0.00287931 -0.000900095 -0.00287903 0.999995 -0.0154323 -0.0943861 0.028691
FixedParameters: 0 0 0

#Transform 97
Transform: AffineTransform_float_3_3
Parameters: 1 -0.000641563 0.000259704 0.000640259 0.999997 0.00261197 -0.000262064 -0.00261209 0.999996 0.0261618 -0.0526179 0.0115057
FixedParameters: 0 0 0

#Transform 98
Transform: AffineTransform_float_3_3
Parameters: 1 -0.000642703 0.000240329 0.000642225 0.999994 0.00342198 -0.000243016 -0.00342163 0.999994 0.0275811 -0.109612 0.0525529
FixedParameters: 0 0 0

#Transform 99
Transform: AffineTransform_float_3_3
Parameters: 1 -0.000641641 0.000258336 0.000640313 0.999996 0.0026692 -0.000260779 -0.00266884 0.999997 0.0270399 -0.0796559 0.17013
FixedParameters: 0 0 0

#Transform 100
Transform: AffineTransform_float_3_3
Parameters: 1 -0.00068231 0.000795377 0.000677378 0.999983 0.00581992 -0.000799378 -0.00581876 0.999982 -0.026177 -0.229089 0.36203
FixedParameters: 0 0 0

#Transform 101
Transform: AffineTransform_float_3_3
Parameters: 1 -0.000593008 0.000760402 0.00059073 0.999996 0.00297236 -0.000762438 -0.00297231 0.999996 -0.0360928 -0.0340978 0.0313123
FixedParameters: 0 0 0

#Transform 102
Transform: AffineTransform_float_3_3
Parameters: 0.999999 -0.000694518 0.00027986 0.000693316 0.999997 0.00232457 -0.000282109 -0.00232415 0.999998 0.00171922 -0.0566138 0.0706546
FixedParameters: 0 0 0

#Transform 103
Transform: AffineTransform_float_3_3
Parameters: 0.999999 -0.000864846 0.000329769 0.000864629 0.999997 0.00201754 -0.000332527 -0.00201695 0.999998 3.09541e-05 -0.0390192 0.0906544
FixedParameters: 0 0 0

#Transform 104
Transform: AffineTransform_float_3_3
Parameters: 0.999998 -0.000874581 0.00161799 0.000869302 0.999994 0.00337438 -0.00162117 -0.00337279 0.999993 -0.0031342 -0.0843272 -0.0798949
FixedParameters: 0 0 0

#Transform 105
Transform: AffineTransform_float_3_3
Parameters: 0.999996 -0.00121494 0.00278903 0.00121321 0.999999 0.000561573 -0.00278957 -0.000558717 0.999996 -0.0133333 0.0723131 -0.365304
FixedParameters: 0 0 0

#Transform 106
Transform: AffineTransform_float_3_3
Parameters: 0.999995 -0.00190773 0.00229456 0.00190653 0.999998 0.000281635 -0.00229553 -0.000276877 0.999998 0.00455497 -0.160107 -0.0871489
FixedParameters: 0 0 0

#Transform 107
Transform: AffineTransform_float_3_3
Parameters: 0.999995 -0.0018573 0.00248779 0.0018551 0.999997 0.00100872 -0.002489 -0.00100431 0.999996 -0.0226318 -0.0357652 -0.0357647
FixedParameters: 0 0 0

#Transform 108
Transform: AffineTransform_float_3_3
Parameters: 0.999997 -0.00206339 0.001665 0.00206184 0.999997 0.000927773 -0.00166704 -0.000924451 0.999998 0.0627305 -0.105239 -0.0169009
FixedParameters: 0 0 0

#Transform 109
Transform: AffineTransform_float_3_3
Parameters: 0.999997 -0.00211678 0.000660401 0.00211669 0.999997 0.000256903 -0.000660497 -0.00025503 1 0.0885774 -0.0535217 -0.0293906
FixedParameters: 0 0 0

#Transform 110
Transform: AffineTransform_float_3_3
Parameters: 0.999998 -0.00214374 0.000824107 0.00214264 0.999997 0.000966339 -0.000826268 -0.000964584 1 0.067044 -0.0783517 -0.0152171
FixedParameters: 0 0 0

#Transform 111
Transform: AffineTransform_float_3_3
Parameters: 0.999998 -0.00226055 0.000359674 0.00226042 0.999997 0.00147331 -0.000362427 -0.00147301 0.999999 0.0819912 -0.0530311 -0.0128379
FixedParameters: 0 0 0

#Transform 112
Transform: AffineTransform_float_3_3
Parameters: 0.999998 -0.00185876 0.000662842 0.00185847 0.999998 0.000411143 -0.000663381 -0.0004096 1 0.0706385 -0.0959481 -0.0993693
FixedParameters: 0 0 0

#Transform 113
Transform: AffineTransform_float_3_3
Parameters: 0.999997 -0.00179309 0.00197149 0.00178582 0.999992 0.00352536 -0.00197748 -0.00352126 0.999991 0.0404196 -0.118407 -0.025509
FixedParameters: 0 0 0

#Transform 114
Transform: AffineTransform_float_3_3
Parameters: 0.999997 -0.00126098 0.00169153 0.00125835 0.999999 0.00155837 -0.00169298 -0.00155629 0.999997 0.0242702 0.00368431 -0.0268546
FixedParameters: 0 0 0

#Transform 115
Transform: AffineTransform_float_3_3
Parameters: 0.999997 -0.00112279 0.00185441 0.00111827 0.999996 0.00244183 -0.00185788 -0.00244027 0.999995 0.0070207 -0.0493718 0.034313
FixedParameters: 0 0 0

#Transform 116
Transform: AffineTransform_float_3_3
Parameters: 0.999999 -0.00124593 0.00138206 0.00124483 0.999999 0.000842505 -0.0013834 -0.000840399 0.999999 0.0357193 0.0352222 0.0900593
FixedParameters: 0 0 0

#Transform 117
Transform: AffineTransform_float_3_3
Parameters: 0.999998 -0.00132741 0.0010506 0.00132627 0.999998 0.00122049 -0.00105211 -0.00121901 0.999999 0.0297259 -0.0728324 0.135208
FixedParameters: 0 0 0

#Transform 118
Transform: AffineTransform_float_3_3
Parameters: 0.999998 -0.0013275 0.00104962 0.00132627 0.999998 0.00126047 -0.00105123 -0.001259 0.999999 0.0281719 -0.0105399 0.127049
FixedParameters: 0 0 0

#Transform 119
Transform: AffineTransform_float_3_3
Parameters: 0.999998 -0.00132724 0.00105255 0.00132626 0.999999 0.00114151 -0.00105384 -0.00114003 0.999999 0.0193748 0.0144165 0.15165
FixedParameters: 0 0 0

#Transform 120
Transform: AffineTransform_float_3_3
Parameters: 0.999999 -0.00127429 0.00124964 0.00127161 0.999997 0.00212588 -0.0012526 -0.00212353 0.999997 0.0221237 -0.119594 0.106672
FixedParameters: 0 0 0

#Transform 121
Transform: AffineTransform_float_3_3
Parameters: 0.999999 -0.00143009 0.000615155 0.00142862 0.999996 0.00262285 -0.00061899 -0.00262195 0.999996 0.0610997 -0.0666111 0.09021
FixedParameters: 0 0 0

#Transform 122
Transform: AffineTransform_float_3_3
Parameters: 0.999998 -0.00137504 0.00084929 0.00137348 0.999997 0.00186772 -0.000851722 -0.00186667 0.999998 0.0364477 -0.00171751 0.0338449
FixedParameters: 0 0 0

#Transform 123
Transform: AffineTransform_float_3_3
Parameters: 0.999999 -0.00127105 0.000196052 0.00127079 0.999999 0.00118445 -0.000198082 -0.0011844 1 0.0548936 -0.0511118 0.0634165
FixedParameters: 0 0 0

#Transform 124
Transform: AffineTransform_float_3_3
Parameters: 0.999998 -0.00167005 -0.000302755 0.00167052 0.999998 0.000386322 0.000302421 -0.000386902 1 0.0731376 -0.0169733 0.113326
FixedParameters: 0 0 0

#Transform 125
Transform: AffineTransform_float_3_3
Parameters: 0.999998 -0.00166003 -0.000261553 0.00166044 0.999998 0.000329346 0.000261416 -0.000329783 1 0.0576636 -0.0334052 0.0481428
FixedParameters: 0 0 0

#Transform 126
Transform: AffineTransform_float_3_3
Parameters: 0.999998 -0.00169762 -0.000886246 0.00169711 0.999999 0.000241846 0.000885622 -0.000243085 1 0.0798037 0.0264134 0.0591152
FixedParameters: 0 0 0

#Transform 127
Transform: AffineTransform_float_3_3
Parameters: 0.999998 -0.00188435 -0.00115201 0.00188481 0.999998 0.000165752 0.00115134 -0.000168331 0.999999 0.0924295 -0.00375294 0.109434
FixedParameters: 0 0 0

#Transform 128
Transform: AffineTransform_float_3_3
Parameters: 0.999997 -0.00196226 -0.00148614 0.00196399 0.999998 0.00106437 0.00148431 -0.0010675 0.999998 0.110973 -0.0894961 0.0852716
FixedParameters: 0 0 0

#Transform 129
Transform: AffineTransform_float_3_3
Parameters: 0.999997 -0.0018742 -0.00113181 0.00187592 0.999998 0.000982542 0.00113026 -0.00098497 0.999999 0.104741 -0.0788379 0.0858566
FixedParameters: 0 0 0

#Transform 130
Transform: AffineTransform_float_3_3
Parameters: 0.999998 -0.00192493 -0.00132875 0.00192626 0.999997 0.000749567 0.001327 -0.000751536 0.999999 0.0988651 -0.00721527 0.102189
FixedParameters: 0 0 0

#Transform 131
Transform: AffineTransform_float_3_3
Parameters: 0.999997 -0.00197806 -0.0015801 0.00198206 0.999996 0.00221032 0.00157613 -0.00221381 0.999996 0.109377 -0.0879834 0.0978086
FixedParameters: 0 0 0

#Transform 132
Transform: AffineTransform_float_3_3
Parameters: 0.999998 -0.00192174 -0.00132345 0.00192306 0.999998 0.00103957 0.00132181 -0.00104195 0.999998 0.0998038 -0.0648445 0.0879038
FixedParameters: 0 0 0

#Transform 133
Transform: AffineTransform_float_3_3
Parameters: 0.999997 -0.00188949 -0.0011922 0.00189126 0.999998 0.000952978 0.00119073 -0.000955669 0.999999 0.0941776 -0.046137 0.0828195
FixedParameters: 0 0 0

#Transform 134
Transform: AffineTransform_float_3_3
Parameters: 0.999998 -0.00162551 0.000453188 0.00162561 0.999999 -0.00042222 -0.000452764 0.000422726 1 0.0222001 -0.014526 0.169053
FixedParameters: 0 0 0

#Transform 135
Transform: AffineTransform_float_3_3
Parameters: 0.999999 -0.00170916 -0.000412877 0.00170916 0.999997 -0.00169114 0.00041622 0.00169007 0.999999 0.0796671 0.093674 0.0915459
FixedParameters: 0 0 0

#Transform 136
Transform: AffineTransform_float_3_3
Parameters: 0.999998 -0.00159104 2.79957e-05 0.00159105 0.999998 -0.000389579 -2.67675e-05 0.000390075 1 0.0465401 -0.0214574 0.0936257
FixedParameters: 0 0 0

#Transform 137
Transform: AffineTransform_float_3_3
Parameters: 0.999998 -0.00199743 9.00752e-06 0.00199743 0.999998 -0.00028573 -7.86961e-06 0.000285699 1 0.0515083 -0.0129736 0.0762261
FixedParameters: 0 0 0

#Transform 138
Transform: AffineTransform_float_3_3
Parameters: 0.999998 -0.00191099 -0.000399726 0.00191126 0.999998 -0.00056301 0.000400659 0.000561388 0.999999 0.0682178 -0.00371284 0.0707478
FixedParameters: 0 0 0

#Transform 139
Transform: AffineTransform_float_3_3
Parameters: 0.999999 -0.00183842 4.48321e-06 0.00183818 0.999999 -0.000423701 -3.89866e-06 0.00042363 1 0.0607292 -0.00348963 0.0924832
FixedParameters: 0 0 0

#Transform 140
Transform: AffineTransform_float_3_3
Parameters: 0.999999 -0.00178183 0.000100809 0.00178253 0.999998 -0.00136652 -9.81216e-05 0.00136676 0.999999 0.0551006 0.110347 -0.0162544
FixedParameters: 0 0 0

#Transform 141
Transform: AffineTransform_float_3_3
Parameters: 0.999999 -0.00153674 0.0002454 0.00153672 0.999999 -0.000472149 -0.000244929 0.000473288 1 0.0261655 -0.0306488 0.0890336
FixedParameters: 0 0 0

#Transform 142
Transform: AffineTransform_float_3_3
Parameters: 0.999999 -0.0015302 0.000267559 0.00153033 0.999999 -0.000270531 -0.000266742 0.000271757 1 0.0153125 -0.00934079 0.0964274
FixedParameters: 0 0 0

#Transform 143
Transform: AffineTransform_float_3_3
Parameters: 0.999998 -0.00163355 -0.000131795 0.00163401 0.999999 -0.000828746 0.00013328 0.000828692 1 0.0656677 0.0148567 0.0744476
FixedParameters: 0 0 0

#Transform 144
Transform: AffineTransform_float_3_3
Parameters: 0.999998 -0.00192719 -0.000323193 0.00192673 0.999998 -0.00138437 0.000326342 0.001383 0.999999 0.075969 0.0374264 0.0717589
FixedParameters: 0 0 0

#Transform 145
Transform: AffineTransform_float_3_3
Parameters: 0.999998 -0.0017006 -0.000421185 0.00170103 0.999998 0.000233272 0.000421347 -0.000234274 1 0.0780113 -0.0647827 0.0326425
FixedParameters: 0 0 0

#Transform 146
Transform: AffineTransform_float_3_3
Parameters: 0.999999 -0.00180138 0.000420404 0.00180123 0.999999 -0.000110131 -0.000420978 0.00011156 1 0.0727701 0.0230319 -0.106404
FixedParameters: 0 0 0

#Transform 147
Transform: AffineTransform_float_3_3
Parameters: 0.999996 -0.00133847 0.00249359 0.00133134 0.999996 0.00264207 -0.00249693 -0.00263838 0.999994 0.0326191 -0.0730902 -0.424058
FixedParameters: 0 0 0

#Transform 148
Transform: AffineTransform_float_3_3
Parameters: 0.999994 -0.00124951 0.00339032 0.001247 0.999999 0.000735956 -0.00339158 -0.000731351 0.999994 -0.0114841 -0.196581 -0.532899
FixedParameters: 0 0 0

#Transform 149
Transform: AffineTransform_float_3_3
Parameters: 0.999992 -0.00119782 0.00358651 0.00118808 0.999995 0.00263149 -0.00358978 -0.00262715 0.999991 -0.0227725 -0.161957 -0.512796
FixedParameters: 0 0 0

#Transform 150
Transform: AffineTransform_float_3_3
Parameters: 0.999996 -0.00151962 0.00229098 0.00151376 0.999995 0.00265207 -0.00229433 -0.00264854 0.999994 0.0538104 -0.0580287 -0.402765
FixedParameters: 0 0 0

#Transform 151
Transform: AffineTransform_float_3_3
Parameters: 0.999997 -0.00178424 0.00123293 0.00178071 0.999996 0.00218231 -0.00123704 -0.00217918 0.999997 0.0746628 -0.0804233 -0.353579
FixedParameters: 0 0 0

#Transform 152
Transform: AffineTransform_float_3_3
Parameters: 0.999998 -0.00104359 0.00167664 0.00104028 0.999998 0.00171517 -0.00167872 -0.00171341 0.999997 -0.0144211 -0.097775 -0.26
FixedParameters: 0 0 0

#Transform 153
Transform: AffineTransform_float_3_3
Parameters: 0.999997 -0.00119003 0.00174607 0.00118653 0.999998 0.00175997 -0.00174778 -0.00175752 0.999997 0.0281387 -0.095218 -0.308941
FixedParameters: 0 0 0

#Transform 154
Transform: AffineTransform_float_3_3
Parameters: 0.999999 -0.00136471 0.00115314 0.0013634 0.999998 0.001204 -0.0011547 -0.00120217 0.999999 0.0400667 -0.00142256 -0.317346
FixedParameters: 0 0 0

#Transform 155
Transform: AffineTransform_float_3_3
Parameters: 0.999998 -0.0012913 0.00185786 0.00128891 0.999999 0.000989541 -0.00185964 -0.000986492 0.999998 0.0678191 -0.0237861 -0.203357
FixedParameters: 0 0 0

#Transform 156
Transform: AffineTransform_float_3_3
Parameters: 0.999987 -0.00148021 0.00478379 0.00146116 0.999991 0.00398793 -0.00478978 -0.00398059 0.99998 0.114601 -0.377083 0.402184
FixedParameters: 0 0 0

#Transform 157
Transform: AffineTransform_float_3_3
Parameters: 0.999967 -0.00590798 0.0055757 0.00599403 0.999862 -0.0154604 -0.00548378 0.0154936 0.999865 0.17089 0.423199 -0.562001
FixedParameters: 0 0 0

#Transform 158
Transform: AffineTransform_float_3_3
Parameters: 0.99995 -0.00620501 0.00775161 0.00643617 0.999526 -0.0301069 -0.00756109 0.0301549 0.999516 0.102549 0.711468 -0.544267
FixedParameters: 0 0 0

#Transform 159
Transform: AffineTransform_float_3_3
Parameters: 0.999955 -0.00560183 0.0077343 0.0058207 0.999571 -0.028683 -0.0075701 0.0287268 0.999558 0.0704866 0.619077 -0.521605
FixedParameters: 0 0 0

#Transform 160
Transform: AffineTransform_float_3_3
Parameters: 0.99995 -0.00530475 0.00846821 0.0055272 0.999632 -0.0265492 -0.00832402 0.0265941 0.999612 0.0147838 0.515593 -0.243654
FixedParameters: 0 0 0

#Transform 161
Transform: AffineTransform_float_3_3
Parameters: 0.999961 -0.00584252 0.00660374 0.00598292 0.99975 -0.0215172 -0.00647653 0.0215559 0.999747 0.108213 0.408422 -0.197332
FixedParameters: 0 0 0

#Transform 162
Transform: AffineTransform_float_3_3
Parameters: 0.999956 -0.00428454 0.00839339 0.00450444 0.999642 -0.0263411 -0.00827769 0.0263776 0.999618 0.0343549 0.455573 -0.321058
FixedParameters: 0 0 0

#Transform 163
Transform: AffineTransform_float_3_3
Parameters: 0.999965 -0.00411618 0.00736125 0.00429989 0.999673 -0.0252157 -0.00725494 0.0252467 0.999654 0.0391038 0.407922 -0.260412
FixedParameters: 0 0 0

#Transform 164
Transform: AffineTransform_float_3_3
Parameters: 0.999968 -0.00414289 0.00692064 0.00432298 0.999648 -0.0261784 -0.00681073 0.0262072 0.999634 0.0508282 0.517984 -0.334947
FixedParameters: 0 0 0

#Transform 165
Transform: AffineTransform_float_3_3
Parameters: 0.999967 -0.00460064 0.00677993 0.00477608 0.999647 -0.026156 -0.00665747 0.0261875 0.999635 0.068154 0.511402 -0.354743
FixedParameters: 0 0 0

#Transform 166
Transform: AffineTransform_float_3_3
Parameters: 0.999966 -0.00464857 0.0068987 0.00482414 0.99966 -0.0256211 -0.00677687 0.0256535 0.999647 0.0644062 0.497572 -0.312573
FixedParameters: 0 0 0

#Transform 167
Transform: AffineTransform_float_3_3
Parameters: 0.999953 -0.00516903 0.00822637 0.00536257 0.999706 -0.0236346 -0.00810127 0.0236776 0.999687 0.0200739 0.445516 -0.371293
FixedParameters: 0 0 0

#Transform 168
Transform: AffineTransform_float_3_3
Parameters: 0.999966 -0.00470864 0.00680948 0.00485603 0.999752 -0.0217712 -0.00670563 0.0218033 0.999739 0.050437 0.425945 -0.367891
FixedParameters: 0 0 0

#Transform 169
Transform: AffineTransform_float_3_3
Parameters: 0.999971 -0.00491829 0.00574592 0.00503886 0.999762 -0.0212301 -0.00564029 0.0212581 0.999759 0.0828687 0.329865 -0.291734
FixedParameters: 0 0 0

#Transform 170
Transform: AffineTransform_float_3_3
Parameters: 0.999972 -0.00512884 0.00541088 0.00524474 0.999751 -0.0216886 -0.00529918 0.021717 0.99975 0.0910559 0.418369 -0.308976
FixedParameters: 0 0 0

#Transform 171
Transform: AffineTransform_float_3_3
Parameters: 0.999973 -0.00504891 0.00524684 0.00515601 0.999777 -0.0205182 -0.00514284 0.0205451 0.999776 0.0930194 0.370305 -0.323286
FixedParameters: 0 0 0

#Transform 172
Transform: AffineTransform_float_3_3
Parameters: 0.999976 -0.00496965 0.00469582 0.00507614 0.999725 -0.0229003 -0.00458108 0.022924 0.999727 0.115091 0.406947 -0.315811
FixedParameters: 0 0 0

#Transform 173
Transform: AffineTransform_float_3_3
Parameters: 0.999974 -0.00519865 0.00492117 0.00531165 0.999715 -0.0232877 -0.00479913 0.0233131 0.999717 0.114701 0.500467 -0.366586
FixedParameters: 0 0 0

#Transform 174
Transform: AffineTransform_float_3_3
Parameters: 0.999977 -0.00492348 0.00468095 0.00502806 0.999731 -0.0226547 -0.00456792 0.022678 0.999732 0.102359 0.432744 -0.356103
FixedParameters: 0 0 0

#Transform 175
Transform: AffineTransform_float_3_3
Parameters: 0.999981 -0.00450667 0.00401189 0.00459909 0.99972 -0.0232579 -0.00390587 0.0232762 0.999721 0.117186 0.440907 -0.348774
FixedParameters: 0 0 0

#Transform 176
Transform: AffineTransform_float_3_3
Parameters: 0.999977 -0.00501059 0.0044152 0.00511179 0.999715 -0.0233076 -0.00429679 0.0233301 0.999718 0.112398 0.484879 -0.399089
FixedParameters: 0 0 0

#Transform 177
Transform: AffineTransform_float_3_3
Parameters: 0.999975 -0.00486764 0.00505802 0.00497884 0.999742 -0.0221759 -0.00494842 0.0222008 0.999741 0.0821637 0.413602 -0.368625
FixedParameters: 0 0 0

#Transform 178
Transform: AffineTransform_float_3_3
Parameters: 0.999979 -0.00481516 0.00434113 0.00491485 0.999717 -0.023261 -0.00422773 0.0232816 0.99972 0.107663 0.475969 -0.323913
FixedParameters: 0 0 0

#Transform 179
Transform: AffineTransform_float_3_3
Parameters: 0.999981 -0.00439705 0.00435622 0.00450012 0.999708 -0.0237531 -0.00425033 0.0237729 0.999709 0.102186 0.487617 -0.411043
FixedParameters: 0 0 0

#Transform 180
Transform: AffineTransform_float_3_3
Parameters: 0.999975 -0.00467965 0.00522195 0.00479547 0.999739 -0.0223455 -0.00511582 0.0223702 0.999737 0.0836516 0.348091 -0.3167
FixedParameters: 0 0 0

#Transform 181
Transform: AffineTransform_float_3_3
Parameters: 0.999976 -0.00440942 0.00533208 0.00452507 0.999748 -0.0220238 -0.00523319 0.0220478 0.999744 0.0668067 0.402502 -0.409675
FixedParameters: 0 0 0

#Transform 182
Transform: AffineTransform_float_3_3
Parameters: 0.999978 -0.00434897 0.00494843 0.00446099 0.99973 -0.022775 -0.00484738 0.0227967 0.999728 0.0930445 0.374988 -0.415478
FixedParameters: 0 0 0

#Transform 183
Transform: AffineTransform_float_3_3
Parameters: 0.99998 -0.0042078 0.00477965 0.00431608 0.999731 -0.0228062 -0.0046827 0.022826 0.999728 0.0996111 0.382419 -0.362714
FixedParameters: 0 0 0

#Transform 184
Transform: AffineTransform_float_3_3
Parameters: 0.999982 -0.00363884 0.00482499 0.00373558 0.999789 -0.0202261 -0.00474974 0.0202437 0.999784 0.0781945 0.306363 -0.320142
FixedParameters: 0 0 0

#Transform 185
Transform: AffineTransform_float_3_3
Parameters: 0.999981 -0.00423602 0.00462829 0.00434038 0.999731 -0.0227936 -0.00453003 0.0228127 0.999729 0.108042 0.469537 -0.607035
FixedParameters: 0 0 0

#Transform 186
Transform: AffineTransform_float_3_3
Parameters: 0.999982 -0.0042606 0.00404357 0.00435347 0.999718 -0.023366 -0.00394344 0.0233829 0.999719 0.111792 0.456091 -0.568559
FixedParameters: 0 0 0

#Transform 187
Transform: AffineTransform_float_3_3
Parameters: 0.999987 -0.00399065 0.00324753 0.00406678 0.999712 -0.0236536 -0.00315266 0.0236668 0.999715 0.137848 0.464772 -0.641745
FixedParameters: 0 0 0

#Transform 188
Transform: AffineTransform_float_3_3
