#Insight Transform File V1.0
#Transform 0
Transform: AffineTransform_float_3_3
Parameters: 0.999999 -0.00131215 0.00123112 0.00131497 0.999997 -0.00218285 -0.00122793 0.00218384 0.999997 -0.0388422 0.00432347 0.0176385
FixedParameters: 0 0 0

#Transform 1
Transform: AffineTransform_float_3_3
Parameters: 0.999999 -0.00107334 0.000752658 0.00107342 1 -5.29278e-05 -0.000752535 5.41408e-05 0.999999 -0.0285411 -0.0211898 0.0429039
FixedParameters: 0 0 0

#Transform 2
Transform: AffineTransform_float_3_3
Parameters: 0.999998 -0.00137776 0.000876541 0.00137731 0.999999 0.000378601 -0.000876602 -0.000377507 0.999999 -0.0189438 -0.0375006 0.0109435
FixedParameters: 0 0 0

#Transform 3
Transform: AffineTransform_float_3_3
Parameters: 0.999998 -0.00169943 0.000935233 0.00169996 0.999999 -0.000389781 -0.000934874 0.000391242 0.999999 -0.0128042 0.0196185 0.0110313
FixedParameters: 0 0 0

#Transform 4
Transform: AffineTransform_float_3_3
Parameters: 0.999998 -0.00135362 0.000985246 0.00135335 0.999998 0.000741349 -0.000986484 -0.000739593 1 -0.0257003 -0.00363903 0.00573268
FixedParameters: 0 0 0

#Transform 5
Transform: AffineTransform_float_3_3
Parameters: 0.999999 -0.00101952 0.000872412 0.00101962 1 0.000503374 -0.000873634 -0.00050199 0.999999 -0.00759721 0.0191191 0.00768138
FixedParameters: 0 0 0

#Transform 6
Transform: AffineTransform_float_3_3
Parameters: 0.999999 -0.0014973 0.000314704 0.0014973 0.999999 -1.63252e-07 -0.000314694 7.03043e-07 1 -0.0127967 -0.00356293 0.000787767
FixedParameters: 0 0 0

#Transform 7
Transform: AffineTransform_float_3_3
Parameters: 0.999999 -0.00149478 0.000316101 0.00149467 0.999998 0.000506828 -0.000316629 -0.000506288 1 -0.0149152 0.00154463 0.00793469
FixedParameters: 0 0 0

#Transform 8
Transform: AffineTransform_float_3_3
Parameters: 0.999999 -0.00161676 0.000732714 0.00161782 0.999998 -0.00099657 -0.000731444 0.000997626 1 -0.0116481 0.0208604 -0.0194003
FixedParameters: 0 0 0

#Transform 9
Transform: AffineTransform_float_3_3
Parameters: 1 -0.000692397 0.000806169 0.000692365 1 -0.000112217 -0.000806981 0.000113337 0.999999 -0.0218206 0.0131439 -0.0035101
FixedParameters: 0 0 0

#Transform 10
Transform: AffineTransform_float_3_3
Parameters: 1 -0.000731658 0.000751811 0.000731913 0.999999 -0.000174786 -0.000751544 0.000175886 0.999999 -0.00783604 0.00929537 0.00877562
FixedParameters: 0 0 0

#Transform 11
Transform: AffineTransform_float_3_3
Parameters: 0.999999 -0.0007866 0.000478915 0.000786191 0.999999 0.000429543 -0.000479596 -0.000429704 1 -0.0096256 -0.0345931 0.0115161
FixedParameters: 0 0 0

#Transform 12
Transform: AffineTransform_float_3_3
Parameters: 0.999999 -0.00125291 0.000390724 0.00125317 0.999999 -0.000593769 -0.000390205 0.000594348 1 0.00338941 0.0179766 -0.0198516
FixedParameters: 0 0 0

#Transform 13
Transform: AffineTransform_float_3_3
Parameters: 0.999999 -0.000505774 0.000724336 0.000505943 1 -0.000258049 -0.000725053 0.000258785 0.999999 -0.00959565 -0.052861 0.0117606
FixedParameters: 0 0 0

#Transform 14
Transform: AffineTransform_float_3_3
Parameters: 1 7.33907e-06 0.000507149 -7.30133e-06 1 -3.71995e-05 -0.00050715 3.71921e-05 1 -0.018308 -0.0202728 -0.00819235
FixedParameters: 0 0 0

#Transform 15
Transform: AffineTransform_float_3_3
Parameters: 1 -0.00034675 7.06972e-05 0.000346812 1 -0.000436455 -7.03944e-05 0.000436503 1 0.00182175 0.0835197 -0.0254528
FixedParameters: 0 0 0

#Transform 16
Transform: AffineTransform_float_3_3
Parameters: 1 0.000194663 0.000320929 -0.000195383 1 0.00113657 -0.000320496 -0.0011367 1 -0.0179211 -0.0216787 0.00772461
FixedParameters: 0 0 0

#Transform 17
Transform: AffineTransform_float_3_3
Parameters: 1 -6.68134e-06 1.57578e-06 6.68124e-06 1 3.20293e-05 -1.57621e-06 -3.20293e-05 1 -0.0105711 0.0653489 -0.0171758
FixedParameters: 0 0 0

#Transform 18
Transform: AffineTransform_float_3_3
Parameters: 1 -0.000418955 0.000342069 0.000419015 1 -8.8101e-05 -0.000341995 8.83876e-05 1 -0.00549563 -0.0229395 0.0129996
FixedParameters: 0 0 0

#Transform 19
Transform: AffineTransform_float_3_3
Parameters: 1 0.000214611 0.0003506 -0.000214773 1 0.000230306 -0.000350501 -0.000230457 1 -0.0211174 -0.0233135 0.0118183
FixedParameters: 0 0 0

#Transform 20
Transform: AffineTransform_float_3_3
Parameters: 1 -1.3748e-05 2.84173e-06 1.3748e-05 1 -8.93967e-06 -2.84148e-06 8.93975e-06 1 -0.000110554 0.0162439 0.00161033
FixedParameters: 0 0 0

#Transform 21
Transform: AffineTransform_float_3_3
Parameters: 1 0.000200135 0.000103418 -0.000200263 1 0.000621497 -0.000103169 -0.000621539 1 -0.0241506 -0.0148235 0.0112044
FixedParameters: 0 0 0

#Transform 22
Transform: AffineTransform_float_3_3
Parameters: 1 9.10792e-05 -0.000394231 -9.13794e-05 1 -0.000380778 0.000394161 0.00038085 1 -0.00793096 0.0379298 -0.0226423
FixedParameters: 0 0 0

#Transform 23
Transform: AffineTransform_float_3_3
Parameters: 1 0.000538891 -0.000339779 -0.000538852 1 5.67843e-05 0.00033984 -5.64181e-05 1 -0.0149934 -0.0186438 -0.0261359
FixedParameters: 0 0 0

#Transform 24
Transform: AffineTransform_float_3_3
Parameters: 0.999999 0.000844795 -0.000468152 -0.000844617 0.999999 -0.000871253 0.000466467 0.000870731 0.999999 0.000973728 -0.0179125 -0.0112836
FixedParameters: 0 0 0

#Transform 25
Transform: AffineTransform_float_3_3
Parameters: 0.999999 0.0014081 -0.000389823 -0.00140837 0.999998 -0.000874454 0.000389325 0.000875142 0.999999 -0.0229564 -0.0845174 0.0438654
FixedParameters: 0 0 0

#Transform 26
Transform: AffineTransform_float_3_3
Parameters: 0.999999 0.00110029 -0.000658082 -0.00110124 0.999999 -0.00103532 0.000657758 0.00103676 1 -0.0230119 -0.0188934 0.0091874
FixedParameters: 0 0 0

#Transform 27
Transform: AffineTransform_float_3_3
Parameters: 0.999999 0.00137797 1.29298e-05 -0.00137796 0.999999 -0.0002926 -1.37224e-05 0.000293076 1 -0.0429524 0.00815295 0.000863366
FixedParameters: 0 0 0

#Transform 28
Transform: AffineTransform_float_3_3
Parameters: 0.999999 0.00128126 -0.000690794 -0.00128136 0.999999 -0.00022315 0.000691207 0.000224515 1 -0.020271 0.0392884 -0.0068224
FixedParameters: 0 0 0

#Transform 29
Transform: AffineTransform_float_3_3
Parameters: 1 0.0011282 -0.000111405 -0.00112732 0.999999 0.00047446 0.0001113 -0.000474602 1 -0.0459548 -0.0574633 0.0174865
FixedParameters: 0 0 0

#Transform 30
Transform: AffineTransform_float_3_3
Parameters: 0.999999 0.00115278 -0.00066518 -0.00115217 0.999999 -0.0004367 0.000664953 0.000437834 0.999999 -0.0308563 0.00067029 -0.000181726
FixedParameters: 0 0 0

#Transform 31
Transform: AffineTransform_float_3_3
Parameters: 0.999999 0.000909766 -0.000177255 -0.000909786 0.999999 -5.48897e-05 0.000177155 5.52121e-05 1 -0.0312278 -0.0446675 0.0121162
FixedParameters: 0 0 0

#Transform 32
Transform: AffineTransform_float_3_3
Parameters: 1 0.000997255 0.000233354 -0.000996602 0.999999 0.000238521 -0.000234052 -0.000238977 1 -0.0392647 -0.00404865 0.0140721
FixedParameters: 0 0 0

#Transform 33
Transform: AffineTransform_float_3_3
Parameters: 1 0.000815041 -0.000617057 -0.000814498 1 -0.000521388 0.000616988 0.000521993 0.999999 -0.0214874 0.0715085 -0.00808894
FixedParameters: 0 0 0

#Transform 34
Transform: AffineTransform_float_3_3
Parameters: 0.999998 0.00166614 -0.000342782 -0.00166601 0.999999 0.000466844 0.000343365 -0.000466503 1 -0.0343119 -0.0194458 0.0182845
FixedParameters: 0 0 0

#Transform 35
Transform: AffineTransform_float_3_3
Parameters: 0.999999 0.00144822 -0.000278884 -0.00144835 0.999999 0.000141746 0.000278324 -0.000141339 1 -0.0448227 0.0622202 -0.00963843
FixedParameters: 0 0 0

#Transform 36
Transform: AffineTransform_float_3_3
Parameters: 0.999998 0.00199934 -0.000526424 -0.00199858 0.999998 0.00110337 0.000528882 -0.00110206 1 -0.0540925 -0.0863813 0.0361163
FixedParameters: 0 0 0

#Transform 37
Transform: AffineTransform_float_3_3
Parameters: 0.999999 0.00162486 -0.000781239 -0.00162426 0.999999 0.000382623 0.000782497 -0.000380888 0.999999 -0.0396027 -0.0119968 0.00611757
FixedParameters: 0 0 0

#Transform 38
Transform: AffineTransform_float_3_3
Parameters: 0.999997 0.00233741 -0.000928164 -0.0023363 0.999997 0.00070624 0.0009305 -0.000704017 0.999999 -0.0522126 -0.0539717 0.0352433
FixedParameters: 0 0 0

#Transform 39
Transform: AffineTransform_float_3_3
Parameters: 0.999997 0.00198128 -0.000858208 -0.00198112 0.999998 9.05323e-05 0.000858574 -8.88516e-05 1 -0.0273741 -0.0117012 0.0193056
FixedParameters: 0 0 0

#Transform 40
Transform: AffineTransform_float_3_3
Parameters: 0.999999 0.0017453 -2.44734e-05 -0.00174566 0.999998 0.00100872 2.60511e-05 -0.00100811 1 -0.0477171 -0.0542608 0.0196271
FixedParameters: 0 0 0

#Transform 41
Transform: AffineTransform_float_3_3
Parameters: 0.999998 0.00156321 -0.000315128 -0.00156303 0.999998 0.000604396 0.000316047 -0.000603809 1 -0.0342389 -0.0789311 0.0223105
FixedParameters: 0 0 0

#Transform 42
Transform: AffineTransform_float_3_3
Parameters: 0.999999 0.0012956 -0.000143166 -0.00129571 0.999999 -0.000401259 0.000142135 0.000401226 1 -0.0343773 0.0340324 -0.0222979
FixedParameters: 0 0 0

#Transform 43
Transform: AffineTransform_float_3_3
Parameters: 0.999998 0.00167581 -0.000330281 -0.00167588 0.999998 0.000210873 0.000330021 -0.00020925 1 -0.0473387 0.0234994 -0.0186357
FixedParameters: 0 0 0

#Transform 44
Transform: AffineTransform_float_3_3
Parameters: 0.999999 0.00123729 -6.1026e-06 -0.00123729 0.999999 -0.000230707 5.54059e-06 0.000230318 1 -0.0505854 0.01714 -0.018685
FixedParameters: 0 0 0

#Transform 45
Transform: AffineTransform_float_3_3
Parameters: 0.999998 0.00159638 1.87082e-05 -0.00159638 0.999999 9.52219e-05 -1.83905e-05 -9.47684e-05 1 -0.05254 0.0103232 -0.0115808
FixedParameters: 0 0 0

#Transform 46
Transform: AffineTransform_float_3_3
Parameters: 0.999999 0.00131538 9.0207e-06 -0.00131615 0.999999 -0.000402254 -8.88123e-06 0.000402734 1 -0.0373231 0.0358913 -0.0115262
FixedParameters: 0 0 0

#Transform 47
Transform: AffineTransform_float_3_3
Parameters: 0.999999 0.00150303 2.53269e-07 -0.00150303 0.999999 0.000206868 3.77617e-07 -0.000207271 1 -0.0392986 -0.040497 0.0122745
FixedParameters: 0 0 0

#Transform 48
Transform: AffineTransform_float_3_3
Parameters: 0.999999 0.00130072 -6.27796e-05 -0.00130076 0.999999 -0.000291728 6.20294e-05 0.000291488 1 -0.035915 0.0444873 -0.00197
FixedParameters: 0 0 0

#Transform 49
Transform: AffineTransform_float_3_3
Parameters: 1 0.00109931 0.000190374 -0.00109928 1 -9.50264e-05 -0.000190573 9.4205e-05 1 -0.0393002 -0.0130377 0.018458
FixedParameters: 0 0 0

#Transform 50
Transform: AffineTransform_float_3_3
Parameters: 0.999999 0.00129838 -7.36267e-05 -0.00129842 0.999999 -0.000306656 7.28391e-05 0.000306444 1 -0.0413754 0.0554916 -0.0184666
FixedParameters: 0 0 0

#Transform 51
Transform: AffineTransform_float_3_3
Parameters: 0.999999 0.000906829 -0.000228958 -0.000906876 1 -0.000572823 0.000228895 0.000572833 1 -0.0315892 0.0620893 -0.0304144
FixedParameters: 0 0 0

#Transform 52
Transform: AffineTransform_float_3_3
Parameters: 0.999999 0.000784845 8.94796e-05 -0.000784785 0.999999 -0.000334603 -9.00047e-05 0.000334462 1 -0.034859 -0.0446532 -0.00632398
FixedParameters: 0 0 0

#Transform 53
Transform: AffineTransform_float_3_3
Parameters: 1 0.00115143 0.000129273 -0.00115145 1 5.20228e-05 -0.000129144 -5.27229e-05 1 -0.0381794 0.0147071 -0.0120123
FixedParameters: 0 0 0

#Transform 54
Transform: AffineTransform_float_3_3
Parameters: 1 0.00114492 -4.22454e-05 -0.00114467 0.999997 -0.00217208 3.9217e-05 0.00217176 0.999997 -0.0313115 0.100475 -0.0700953
FixedParameters: 0 0 0

#Transform 55
Transform: AffineTransform_float_3_3
Parameters: 0.999995 0.00269464 0.00163967 -0.00269191 0.999995 -0.00201511 -0.00164455 0.00201039 0.999996 -0.0905245 0.051973 -0.0234337
FixedParameters: 0 0 0

#Transform 56
Transform: AffineTransform_float_3_3
Parameters: 0.999999 0.000871445 0.000255482 -0.000870822 0.999997 -0.00227097 -0.000257307 0.00227051 0.999998 -0.0385676 0.0394434 -0.0298415
FixedParameters: 0 0 0

#Transform 57
Transform: AffineTransform_float_3_3
Parameters: 0.999999 0.00136804 0.000154664 -0.00136812 0.999998 -0.00156638 -0.000156783 0.00156646 0.999998 -0.0338803 0.0405313 -0.0512974
FixedParameters: 0 0 0

#Transform 58
Transform: AffineTransform_float_3_3
Parameters: 1 0.000820824 0.000683829 -0.000819046 0.999998 -0.00185685 -0.0006857 0.00185572 0.999998 -0.0460917 0.00209178 -0.043668
FixedParameters: 0 0 0

#Transform 59
Transform: AffineTransform_float_3_3
Parameters: 0.999999 0.000222498 0.000883577 -0.000220229 0.999997 -0.00237618 -0.00088425 0.00237578 0.999997 -0.0293752 0.0462893 -0.0551891
FixedParameters: 0 0 0

#Transform 60
Transform: AffineTransform_float_3_3
Parameters: 1 0.000788408 0.000694813 -0.000787369 0.999998 -0.00185371 -0.000695375 0.0018526 0.999998 -0.0389718 0.037882 -0.0510665
FixedParameters: 0 0 0

#Transform 61
Transform: AffineTransform_float_3_3
Parameters: 1 0.000520441 0.00109518 -0.000517531 0.999996 -0.00256683 -0.00109628 0.00256608 0.999996 -0.0373767 0.0693146 -0.0697557
FixedParameters: 0 0 0

#Transform 62
Transform: AffineTransform_float_3_3
Parameters: 0.999999 0.000547935 0.00121478 -0.000546247 0.999998 -0.00189957 -0.00121626 0.00189863 0.999998 -0.0533708 0.0176143 -0.0579697
FixedParameters: 0 0 0

#Transform 63
Transform: AffineTransform_float_3_3
Parameters: 0.999999 0.00120876 0.000950456 -0.00120686 0.999997 -0.00180666 -0.000952455 0.00180526 0.999998 -0.0572282 0.0323728 -0.0493793
FixedParameters: 0 0 0

#Transform 64
Transform: AffineTransform_float_3_3
Parameters: 0.999999 0.000736725 0.00126229 -0.000733609 0.999997 -0.00230909 -0.00126411 0.00230853 0.999997 -0.0507389 0.052981 -0.0525256
FixedParameters: 0 0 0

#Transform 65
Transform: AffineTransform_float_3_3
Parameters: 0.999999 0.000813735 0.00102581 -0.000812608 0.999998 -0.00150333 -0.00102785 0.00150205 0.999999 -0.0521927 0.0141838 -0.0396937
FixedParameters: 0 0 0

#Transform 66
Transform: AffineTransform_float_3_3
Parameters: 1 0.000490177 0.000959276 -0.000487183 0.999995 -0.00296901 -0.000960622 0.00296845 0.999995 -0.0423218 0.117579 -0.0896467
FixedParameters: 0 0 0

#Transform 67
Transform: AffineTransform_float_3_3
Parameters: 1 0.000491861 0.000949869 -0.000490072 0.999998 -0.00185915 -0.000950315 0.0018582 0.999998 -0.041601 0.0151707 -0.0633549
FixedParameters: 0 0 0

#Transform 68
Transform: AffineTransform_float_3_3
Parameters: 1 0.000624038 0.000734179 -0.000622311 0.999996 -0.00300796 -0.000736374 0.00300702 0.999995 -0.0295103 0.071031 -0.0807067
FixedParameters: 0 0 0

#Transform 69
Transform: AffineTransform_float_3_3
Parameters: 1 0.00094539 0.000546474 -0.000944064 0.999997 -0.00260095 -0.000549046 0.00260081 0.999997 -0.0445742 0.00724487 -0.0569129
FixedParameters: 0 0 0

#Transform 70
Transform: AffineTransform_float_3_3
Parameters: 0.999999 0.00153052 0.000366953 -0.00152887 0.999996 -0.00241352 -0.000370233 0.00241288 0.999997 -0.0492338 0.0447892 -0.0651975
FixedParameters: 0 0 0

#Transform 71
Transform: AffineTransform_float_3_3
Parameters: 1 0.000692579 0.000801378 -0.000690453 0.999996 -0.0030047 -0.00080398 0.00300357 0.999995 -0.0467694 0.0531264 -0.076851
FixedParameters: 0 0 0

#Transform 72
Transform: AffineTransform_float_3_3
Parameters: 0.999999 0.00123491 0.000781035 -0.00123282 0.999995 -0.00280673 -0.000784442 0.00280609 0.999996 -0.0511546 0.0423596 -0.0734455
FixedParameters: 0 0 0

#Transform 73
Transform: AffineTransform_float_3_3
Parameters: 0.999999 0.000662781 0.000678172 -0.000660791 0.999992 -0.00399398 -0.000680757 0.00399397 0.999991 -0.03547 0.148675 -0.10389
FixedParameters: 0 0 0

#Transform 74
Transform: AffineTransform_float_3_3
Parameters: 0.999999 0.00134983 0.000744376 -0.00134748 0.999994 -0.00310347 -0.000749225 0.00310326 0.999994 -0.0515834 0.0545376 -0.0689955
FixedParameters: 0 0 0

#Transform 75
Transform: AffineTransform_float_3_3
Parameters: 1 0.00071244 0.000911377 -0.000709192 0.999991 -0.00409323 -0.000913309 0.00409322 0.999991 -0.0383861 0.102544 -0.0882624
FixedParameters: 0 0 0

#Transform 76
Transform: AffineTransform_float_3_3
Parameters: 0.999998 0.00101587 0.00120187 -0.00101172 0.999993 -0.00348463 -0.00120503 0.00348347 0.999993 -0.0572037 0.0401245 -0.0754309
FixedParameters: 0 0 0

#Transform 77
Transform: AffineTransform_float_3_3
Parameters: 0.999999 0.00104424 0.000968093 -0.00104085 0.999992 -0.00392479 -0.000972379 0.00392364 0.999991 -0.0528635 0.0981141 -0.074217
FixedParameters: 0 0 0

#Transform 78
Transform: AffineTransform_float_3_3
Parameters: 0.999999 0.000952206 0.000818026 -0.000948722 0.999991 -0.0040934 -0.000822131 0.0040918 0.999992 -0.0494189 0.081343 -0.0729627
FixedParameters: 0 0 0

#Transform 79
Transform: AffineTransform_float_3_3
Parameters: 0.999999 0.00136068 0.00108306 -0.00135623 0.999992 -0.00381346 -0.00108755 0.00381229 0.999992 -0.0577727 0.0676177 -0.0697897
FixedParameters: 0 0 0

#Transform 80
Transform: AffineTransform_float_3_3
Parameters: 0.999998 0.00124629 0.000970018 -0.00124127 0.999989 -0.00452708 -0.000975456 0.00452553 0.999989 -0.0545758 0.122538 -0.0788352
FixedParameters: 0 0 0

#Transform 81
Transform: AffineTransform_float_3_3
Parameters: 0.999999 0.00159238 0.000797193 -0.00158887 0.999993 -0.00336341 -0.000802418 0.00336134 0.999994 -0.0546254 0.0452689 -0.0610409
FixedParameters: 0 0 0

#Transform 82
Transform: AffineTransform_float_3_3
Parameters: 0.999999 0.000978298 0.000853586 -0.000974995 0.99999 -0.00438479 -0.000858275 0.004384 0.99999 -0.0500405 0.109163 -0.0854588
FixedParameters: 0 0 0

#Transform 83
Transform: AffineTransform_float_3_3
Parameters: 0.999999 0.000865834 0.000927006 -0.00086149 0.999991 -0.00418746 -0.000931537 0.00418675 0.99999 -0.0461764 0.00459168 -0.0825503
FixedParameters: 0 0 0

#Transform 84
Transform: AffineTransform_float_3_3
Parameters: 0.999998 4.41802e-05 0.00168899 -3.65952e-05 0.999989 -0.00465835 -0.0016898 0.00465766 0.999988 -0.0331882 0.149167 -0.127042
FixedParameters: 0 0 0

#Transform 85
Transform: AffineTransform_float_3_3
Parameters: 0.999998 0.000648468 0.00198896 -0.000640635 0.999992 -0.0038747 -0.0019914 0.00387421 0.999991 -0.0442955 0.0740226 -0.0930726
FixedParameters: 0 0 0

#Transform 86
Transform: AffineTransform_float_3_3
Parameters: 0.999998 0.000457141 0.00152996 -0.000449648 0.999989 -0.00459436 -0.00153182 0.00459465 0.999988 -0.0283719 0.0674572 -0.0856441
FixedParameters: 0 0 0

#Transform 87
Transform: AffineTransform_float_3_3
Parameters: 0.999998 0.000780748 0.00189715 -0.000772689 0.999991 -0.00406436 -0.00189994 0.00406216 0.99999 -0.0439599 0.0475736 -0.0777373
FixedParameters: 0 0 0

#Transform 88
Transform: AffineTransform_float_3_3
Parameters: 0.999998 0.000573344 0.00150769 -0.000567519 0.999991 -0.004114 -0.00151006 0.00411304 0.999991 -0.0344582 0.133369 -0.10978
FixedParameters: 0 0 0

#Transform 89
Transform: AffineTransform_float_3_3
Parameters: 0.999999 0.000543471 0.00161575 -0.00053819 0.999993 -0.00367651 -0.00161737 0.00367512 0.999992 -0.0364637 0.0628852 -0.0885972
FixedParameters: 0 0 0

#Transform 90
Transform: AffineTransform_float_3_3
Parameters: 0.999998 0.000594053 0.00185639 -0.000586537 0.999991 -0.00406283 -0.00185864 0.00406139 0.99999 -0.0341108 0.0682565 -0.101111
FixedParameters: 0 0 0

#Transform 91
Transform: AffineTransform_float_3_3
Parameters: 0.999998 -0.000161013 0.00209227 0.000171805 0.999986 -0.00527537 -0.00209133 0.0052759 0.999984 -0.020631 0.145124 -0.12632
FixedParameters: 0 0 0

#Transform 92
Transform: AffineTransform_float_3_3
Parameters: 0.999997 0.000586984 0.00206923 -0.00057766 0.99999 -0.00431661 -0.00207152 0.00431535 0.999989 -0.0347569 0.100999 -0.115034
FixedParameters: 0 0 0

#Transform 93
Transform: AffineTransform_float_3_3
Parameters: 0.999998 -0.000329096 0.00194777 0.000339853 0.999986 -0.00520772 -0.00194649 0.00520755 0.999984 -0.0347927 0.168102 -0.131024
FixedParameters: 0 0 0

#Transform 94
Transform: AffineTransform_float_3_3
Parameters: 0.999998 0.000457488 0.00198158 -0.000446944 0.999988 -0.00485945 -0.00198425 0.00485841 0.999986 -0.0485382 0.112922 -0.139589
FixedParameters: 0 0 0

#Transform 95
Transform: AffineTransform_float_3_3
Parameters: 0.999998 0.00061179 0.00182554 -0.000604219 0.999992 -0.00414405 -0.00182803 0.0041431 0.999989 -0.0395802 0.101674 -0.125127
FixedParameters: 0 0 0

#Transform 96
Transform: AffineTransform_float_3_3
Parameters: 0.999998 0.000181803 0.00230029 -0.000172685 0.999992 -0.00414281 -0.00230077 0.00414182 0.999989 -0.0272701 0.107493 -0.129881
FixedParameters: 0 0 0

#Transform 97
Transform: AffineTransform_float_3_3
Parameters: 0.999996 0.000842437 0.00246182 -0.000834677 0.999993 -0.00351732 -0.00246474 0.00351565 0.999991 -0.0513161 0.0426227 -0.11987
FixedParameters: 0 0 0

#Transform 98
Transform: AffineTransform_float_3_3
Parameters: 0.999998 0.000307763 0.00221008 -0.000298402 0.999991 -0.00410118 -0.00221079 0.004101 0.999989 -0.0264882 0.142402 -0.136029
FixedParameters: 0 0 0

#Transform 99
Transform: AffineTransform_float_3_3
Parameters: 0.999997 0.000653511 0.00211374 -0.000646325 0.999994 -0.0034953 -0.00211573 0.00349371 0.999992 -0.0481566 0.0721288 -0.135265
FixedParameters: 0 0 0

#Transform 100
Transform: AffineTransform_float_3_3
Parameters: 0.999998 0.00090156 0.00190581 -0.000893961 0.999992 -0.00392532 -0.00190933 0.00392356 0.999991 -0.0408142 0.116905 -0.142548
FixedParameters: 0 0 0

#Transform 101
Transform: AffineTransform_float_3_3
Parameters: 0.999998 0.000776644 0.00194563 -0.000768069 0.999992 -0.00414563 -0.00194949 0.00414429 0.99999 -0.0417519 0.0691439 -0.137416
FixedParameters: 0 0 0

#Transform 102
Transform: AffineTransform_float_3_3
Parameters: 0.999998 0.000815731 0.0019389 -0.000808344 0.999992 -0.00385867 -0.00194262 0.00385759 0.999991 -0.0357538 0.138218 -0.143189
FixedParameters: 0 0 0

#Transform 103
Transform: AffineTransform_float_3_3
Parameters: 0.999998 0.00064381 0.00216499 -0.000633479 0.999989 -0.0045835 -0.00216791 0.00458187 0.999987 -0.0287659 0.120948 -0.120806
FixedParameters: 0 0 0

#Transform 104
Transform: AffineTransform_float_3_3
Parameters: 0.999997 0.000923845 0.0021503 -0.000915326 0.999991 -0.00414775 -0.00215399 0.00414545 0.999989 -0.0367604 0.0215021 -0.107545
FixedParameters: 0 0 0

#Transform 105
Transform: AffineTransform_float_3_3
Parameters: 0.999997 0.00069596 0.00206486 -0.000686591 0.999989 -0.00457044 -0.00206825 0.00456964 0.999988 -0.0274753 0.0932646 -0.125702
FixedParameters: 0 0 0

#Transform 106
Transform: AffineTransform_float_3_3
Parameters: 0.999997 0.000842403 0.00195494 -0.000834173 0.999992 -0.00398814 -0.00195809 0.00398653 0.99999 -0.0267247 0.0793662 -0.137364
FixedParameters: 0 0 0

#Transform 107
Transform: AffineTransform_float_3_3
Parameters: 0.999998 0.000778104 0.0019515 -0.000771419 0.999994 -0.00360266 -0.00195354 0.0036013 0.999992 -0.0257392 0.118113 -0.149019
FixedParameters: 0 0 0

#Transform 108
Transform: AffineTransform_float_3_3
Parameters: 0.999999 0.000874626 0.00150193 -0.000868396 0.999991 -0.00419427 -0.00150591 0.00419292 0.99999 -0.0180804 0.165658 -0.155809
FixedParameters: 0 0 0

#Transform 109
Transform: AffineTransform_float_3_3
Parameters: 0.999997 0.0011071 0.00189557 -0.00110037 0.999993 -0.00341173 -0.00189878 0.00340921 0.999993 -0.0386596 0.100265 -0.138879
FixedParameters: 0 0 0

#Transform 110
Transform: AffineTransform_float_3_3
Parameters: 0.999999 0.00115243 0.00138389 -0.00114718 0.999992 -0.00405176 -0.00138792 0.00405035 0.99999 -0.029186 0.153687 -0.145338
FixedParameters: 0 0 0

#Transform 111
Transform: AffineTransform_float_3_3
Parameters: 0.999999 0.00113176 0.00139122 -0.00112698 0.999993 -0.00358541 -0.0013952 0.00358353 0.999993 -0.018546 0.0983464 -0.114112
FixedParameters: 0 0 0

#Transform 112
Transform: AffineTransform_float_3_3
Parameters: 0.999998 0.001048 0.00164245 -0.00103906 0.999985 -0.00541026 -0.00164791 0.00540899 0.999984 -0.0222998 0.156786 -0.16262
FixedParameters: 0 0 0

#Transform 113
Transform: AffineTransform_float_3_3
Parameters: 0.999997 0.00141757 0.00191302 -0.0014097 0.999989 -0.00438014 -0.00191951 0.00437728 0.999989 -0.0444774 0.0849774 -0.12217
FixedParameters: 0 0 0

#Transform 114
Transform: AffineTransform_float_3_3
Parameters: 0.999998 0.00158207 0.00171008 -0.00157603 0.999992 -0.00374137 -0.0017154 0.00373905 0.999991 -0.0416918 0.0746097 -0.112051
FixedParameters: 0 0 0

#Transform 115
Transform: AffineTransform_float_3_3
Parameters: 0.999999 0.00127349 0.00118974 -0.0012671 0.999986 -0.00508228 -0.00119644 0.00508051 0.999987 -0.0228727 0.0975699 -0.130413
FixedParameters: 0 0 0

#Transform 116
Transform: AffineTransform_float_3_3
Parameters: 0.999997 0.00190601 0.00161385 -0.00190034 0.999991 -0.00378305 -0.00162077 0.00377997 0.999991 -0.0429576 0.0641739 -0.0985965
FixedParameters: 0 0 0

#Transform 117
Transform: AffineTransform_float_3_3
Parameters: 0.999998 0.00116595 0.00190052 -0.00115675 0.999989 -0.00455526 -0.0019064 0.00455341 0.999988 -0.0287024 0.0847236 -0.0821902
FixedParameters: 0 0 0

#Transform 118
Transform: AffineTransform_float_3_3
Parameters: 0.999997 0.00164949 0.00167805 -0.00164364 0.999993 -0.00346664 -0.00168316 0.0034642 0.999993 -0.0376106 0.122842 -0.0652879
FixedParameters: 0 0 0

#Transform 119
Transform: AffineTransform_float_3_3
Parameters: 0.999998 0.00149381 0.00160721 -0.0014865 0.999991 -0.00406512 -0.00161305 0.0040625 0.99999 -0.0325503 0.130389 -0.110201
FixedParameters: 0 0 0

#Transform 120
Transform: AffineTransform_float_3_3
Parameters: 0.999998 0.0010622 0.0016974 -0.00105402 0.99999 -0.00445043 -0.00170135 0.0044494 0.999989 -0.0237417 0.114078 -0.111017
FixedParameters: 0 0 0

#Transform 121
Transform: AffineTransform_float_3_3
Parameters: 0.999997 0.00153391 0.00160038 -0.00152753 0.999992 -0.00379535 -0.00160572 0.00379262 0.999992 -0.0356625 0.0451198 -0.0929668
FixedParameters: 0 0 0

#Transform 122
Transform: AffineTransform_float_3_3
Parameters: 0.999999 0.00136064 0.00114805 -0.00135633 0.999991 -0.00404279 -0.00115395 0.00404053 0.999991 -0.0246576 0.126293 -0.114771
FixedParameters: 0 0 0

#Transform 123
Transform: AffineTransform_float_3_3
Parameters: 0.999999 0.00101502 0.00147135 -0.00100864 0.999992 -0.00393305 -0.0014752 0.00393134 0.999991 -0.0347945 0.0663247 -0.0965596
FixedParameters: 0 0 0

#Transform 124
Transform: AffineTransform_float_3_3
Parameters: 0.999998 0.00150583 0.00165501 -0.00149873 0.99999 -0.00418028 -0.0016611 0.00417787 0.99999 -0.0343109 0.107809 -0.115787
FixedParameters: 0 0 0

#Transform 125
Transform: AffineTransform_float_3_3
Parameters: 0.999997 0.000762374 0.00204137 -0.000751965 0.999987 -0.00510902 -0.002046 0.00510758 0.999984 -0.0203603 0.146195 -0.138506
FixedParameters: 0 0 0

#Transform 126
Transform: AffineTransform_float_3_3
Parameters: 0.999998 0.00105262 0.00164314 -0.00104711 0.999993 -0.00362026 -0.0016474 0.00361899 0.999992 -0.0228279 0.0628919 -0.116794
FixedParameters: 0 0 0

#Transform 127
Transform: AffineTransform_float_3_3
Parameters: 0.999998 0.000927472 0.00162971 -0.000921125 0.999992 -0.00384612 -0.0016325 0.00384569 0.999991 -0.0168973 0.164503 -0.132334
FixedParameters: 0 0 0

#Transform 128
Transform: AffineTransform_float_3_3
Parameters: 0.999998 0.00111982 0.00194749 -0.00111489 0.999996 -0.00266809 -0.00195028 0.00266541 0.999995 -0.0143533 0.118699 -0.104869
FixedParameters: 0 0 0

#Transform 129
Transform: AffineTransform_float_3_3
Parameters: 0.999997 0.00114811 0.00208482 -0.00114145 0.999994 -0.00313788 -0.00208864 0.0031361 0.999993 -0.00474187 0.127568 -0.108065
FixedParameters: 0 0 0

#Transform 130
Transform: AffineTransform_float_3_3
Parameters: 0.999997 0.00110615 0.0018863 -0.00110046 0.999994 -0.00295266 -0.00188965 0.00295017 0.999993 -0.00584849 0.0609419 -0.0923352
FixedParameters: 0 0 0

#Transform 131
Transform: AffineTransform_float_3_3
Parameters: 0.999997 0.00154008 0.00158441 -0.00153487 0.999994 -0.00322429 -0.00158921 0.00322159 0.999994 -0.00749681 0.118357 -0.0985729
FixedParameters: 0 0 0

#Transform 132
Transform: AffineTransform_float_3_3
Parameters: 0.999998 0.00130422 0.00116366 -0.00130029 0.999993 -0.00349754 -0.00116885 0.00349629 0.999993 -0.00738612 0.063219 -0.0920175
FixedParameters: 0 0 0

#Transform 133
Transform: AffineTransform_float_3_3
Parameters: 0.999998 0.00153938 0.00139671 -0.00153497 0.999994 -0.00302419 -0.00140109 0.00302208 0.999994 -0.0147932 0.0900091 -0.0929823
FixedParameters: 0 0 0

#Transform 134
Transform: AffineTransform_float_3_3
Parameters: 0.999998 0.00123878 0.00117626 -0.00123425 0.999992 -0.00371599 -0.00118154 0.00371526 0.999992 0.0109515 0.0990522 -0.106301
FixedParameters: 0 0 0

#Transform 135
Transform: AffineTransform_float_3_3
Parameters: 0.999998 0.00144905 0.00145273 -0.00144547 0.999994 -0.00303291 -0.00145737 0.00303088 0.999994 -0.0111205 0.0244227 -0.0695504
FixedParameters: 0 0 0

#Transform 136
Transform: AffineTransform_float_3_3
Parameters: 0.999999 0.00108475 0.00111465 -0.0010809 0.999991 -0.00395963 -0.00111815 0.00395848 0.999992 -0.000845616 0.112608 -0.0881922
FixedParameters: 0 0 0

#Transform 137
Transform: AffineTransform_float_3_3
Parameters: 0.999999 0.00117973 0.00086474 -0.00117568 0.99999 -0.00451314 -0.000869542 0.00451288 0.99999 0.00534883 0.0793053 -0.106613
FixedParameters: 0 0 0

#Transform 138
Transform: AffineTransform_float_3_3
Parameters: 0.999999 0.00119206 0.000574681 -0.00118966 0.999989 -0.0045118 -0.000579802 0.00451089 0.999989 0.0263283 0.12613 -0.11512
FixedParameters: 0 0 0

#Transform 139
Transform: AffineTransform_float_3_3
Parameters: 0.999999 0.00117823 0.000580137 -0.00117547 0.999991 -0.00412553 -0.000585394 0.00412504 0.999991 0.0169163 0.0634825 -0.0996409
FixedParameters: 0 0 0

#Transform 140
Transform: AffineTransform_float_3_3
Parameters: 0.999999 0.00132119 0.000547039 -0.00131905 0.999989 -0.0044954 -0.000553283 0.00449442 0.999989 0.017772 0.0700543 -0.105346
FixedParameters: 0 0 0

#Transform 141
Transform: AffineTransform_float_3_3
Parameters: 1 0.000322705 0.000493343 -0.000319337 0.999983 -0.0058181 -0.000494684 0.00581776 0.999983 0.054334 0.120138 -0.118921
FixedParameters: 0 0 0

#Transform 142
Transform: AffineTransform_float_3_3
Parameters: 0.999997 0.00214809 0.00118799 -0.00214108 0.999981 -0.00571126 -0.00120099 0.0057088 0.999983 -0.02584 0.156276 -0.1119
FixedParameters: 0 0 0

#Transform 143
Transform: AffineTransform_float_3_3
Parameters: 0.999998 0.00179831 0.00107115 -0.0017911 0.999972 -0.00719429 -0.0010842 0.00719216 0.999974 -0.0178751 0.1948 -0.141982
FixedParameters: 0 0 0

#Transform 144
Transform: AffineTransform_float_3_3
Parameters: 0.999998 0.00141108 0.00130737 -0.00140397 0.999984 -0.0055579 -0.00131543 0.00555637 0.999984 -0.0192559 0.119737 -0.133647
FixedParameters: 0 0 0

#Transform 145
Transform: AffineTransform_float_3_3
Parameters: 0.999999 0.000965231 0.00153223 -0.000957135 0.999986 -0.00527407 -0.00153771 0.00527237 0.999985 -0.00995834 0.112672 -0.13449
FixedParameters: 0 0 0

#Transform 146
Transform: AffineTransform_float_3_3
Parameters: 0.999998 0.00114934 0.00165061 -0.0011412 0.999988 -0.004855 -0.00165607 0.00485338 0.999986 -0.0168238 0.0630227 -0.0966177
FixedParameters: 0 0 0

#Transform 147
Transform: AffineTransform_float_3_3
Parameters: 0.999997 0.00140709 0.00165042 -0.00139876 0.999987 -0.00484759 -0.00165738 0.00484551 0.999987 -0.0252864 0.14578 -0.140018
FixedParameters: 0 0 0

#Transform 148
Transform: AffineTransform_float_3_3
Parameters: 0.999998 0.000984363 0.00130528 -0.000978001 0.999987 -0.00507501 -0.0013098 0.0050737 0.999986 -0.00393436 0.122185 -0.130937
FixedParameters: 0 0 0

#Transform 149
Transform: AffineTransform_float_3_3
Parameters: 0.999998 0.00136596 0.00147458 -0.0013595 0.99999 -0.00414149 -0.0014796 0.00413964 0.99999 -0.00509593 0.091869 -0.131008
FixedParameters: 0 0 0

#Transform 150
Transform: AffineTransform_float_3_3
Parameters: 0.999998 0.00109945 0.00117352 -0.00109263 0.999985 -0.00533007 -0.00117901 0.00532875 0.999985 0.00282705 0.143664 -0.137957
FixedParameters: 0 0 0

#Transform 151
Transform: AffineTransform_float_3_3
Parameters: 0.999998 0.00141545 0.00152819 -0.00140844 0.999989 -0.00448815 -0.00153442 0.00448599 0.999989 -0.017006 0.10449 -0.117871
FixedParameters: 0 0 0

#Transform 152
Transform: AffineTransform_float_3_3
Parameters: 0.999999 0.00129926 0.00116184 -0.0012932 0.999986 -0.00505829 -0.00116873 0.00505653 0.999987 -0.00700492 0.104762 -0.11788
FixedParameters: 0 0 0

#Transform 153
Transform: AffineTransform_float_3_3
Parameters: 0.999998 0.00121825 0.0010158 -0.00121309 0.999987 -0.00486897 -0.00102162 0.00486776 0.999988 -0.00937565 0.115425 -0.11995
FixedParameters: 0 0 0

#Transform 154
Transform: AffineTransform_float_3_3
Parameters: 0.999999 0.000927051 0.000850456 -0.000923544 0.999989 -0.00452126 -0.000854956 0.00452096 0.99999 -0.0057035 0.131101 -0.116248
FixedParameters: 0 0 0

#Transform 155
Transform: AffineTransform_float_3_3
Parameters: 0.999999 0.00114784 0.000749815 -0.00114502 0.999989 -0.00452229 -0.00075534 0.00452143 0.99999 -0.00164124 0.0747724 -0.102146
FixedParameters: 0 0 0

#Transform 156
Transform: AffineTransform_float_3_3
Parameters: 0.999998 0.00159438 0.00117029 -0.00158939 0.99999 -0.00408227 -0.00117624 0.00408071 0.999992 -0.0239593 0.0838928 -0.119938
FixedParameters: 0 0 0

#Transform 157
Transform: AffineTransform_float_3_3
Parameters: 0.999999 0.00124284 0.000782582 -0.00123972 0.999989 -0.00452308 -0.000788962 0.00452292 0.99999 -0.0136015 0.120641 -0.128826
FixedParameters: 0 0 0

#Transform 158
Transform: AffineTransform_float_3_3
Parameters: 0.999998 0.00165862 0.00101956 -0.00165357 0.999986 -0.00496802 -0.00102685 0.00496639 0.999987 -0.0245595 0.112226 -0.137766
FixedParameters: 0 0 0

#Transform 159
Transform: AffineTransform_float_3_3
Parameters: 0.999998 0.00142025 0.000932372 -0.00141507 0.999986 -0.00518602 -0.000940095 0.00518514 0.999986 -0.00933595 0.11903 -0.135792
FixedParameters: 0 0 0

#Transform 160
Transform: AffineTransform_float_3_3
Parameters: 0.999998 0.00194671 0.00112325 -0.0019413 0.999987 -0.00467652 -0.00113224 0.00467481 0.999988 -0.0248526 0.0821035 -0.100961
FixedParameters: 0 0 0

#Transform 161
Transform: AffineTransform_float_3_3
Parameters: 0.999999 0.00167486 0.000685159 -0.00167106 0.999985 -0.00518615 -0.000694748 0.00518562 0.999986 -0.0155767 0.180668 -0.115801
FixedParameters: 0 0 0

#Transform 162
Transform: AffineTransform_float_3_3
Parameters: 0.999997 0.00233586 0.000875007 -0.00233258 0.999989 -0.00411677 -0.00088423 0.00411454 0.999991 -0.0318746 0.0359883 -0.0650285
FixedParameters: 0 0 0

#Transform 163
Transform: AffineTransform_float_3_3
Parameters: 0.999997 0.00226691 0.00056165 -0.00226461 0.999987 -0.00463832 -0.000572903 0.00463764 0.999989 -0.0254262 0.0652728 -0.0922503
FixedParameters: 0 0 0

#Transform 164
Transform: AffineTransform_float_3_3
Parameters: 0.999998 0.00186301 0.000820455 -0.0018586 0.999985 -0.0050553 -0.000829331 0.00505359 0.999986 -0.0293436 0.0699453 -0.104791
FixedParameters: 0 0 0

#Transform 165
Transform: AffineTransform_float_3_3
Parameters: 0.999998 0.00201886 0.00113026 -0.00201229 0.999984 -0.00538805 -0.00114066 0.00538614 0.999985 -0.0310962 0.129689 -0.119227
FixedParameters: 0 0 0

#Transform 166
Transform: AffineTransform_float_3_3
Parameters: 0.999998 0.00160988 0.00101855 -0.00160479 0.999984 -0.00545773 -0.00102675 0.0054562 0.999985 -0.0190213 0.135188 -0.123469
FixedParameters: 0 0 0

#Transform 167
Transform: AffineTransform_float_3_3
Parameters: 0.999998 0.00208442 0.000929736 -0.00208081 0.999987 -0.00456938 -0.000938587 0.00456776 0.999989 -0.0171387 0.0807869 -0.105165
FixedParameters: 0 0 0

#Transform 168
Transform: AffineTransform_float_3_3
Parameters: 0.999998 0.00140023 0.000743014 -0.00139572 0.999984 -0.00538979 -0.000751324 0.00538857 0.999985 -0.0113096 0.14207 -0.132183
FixedParameters: 0 0 0

#Transform 169
Transform: AffineTransform_float_3_3
Parameters: 0.999998 0.00205493 0.000868858 -0.0020507 0.999989 -0.00424676 -0.000877496 0.00424454 0.999991 -0.0320987 0.0860723 -0.127389
FixedParameters: 0 0 0

#Transform 170
Transform: AffineTransform_float_3_3
Parameters: 0.999997 0.00216898 0.000874151 -0.00216528 0.999986 -0.00478756 -0.000883753 0.00478602 0.999988 -0.018858 0.136446 -0.126101
FixedParameters: 0 0 0

#Transform 171
Transform: AffineTransform_float_3_3
Parameters: 0.999998 0.00212143 0.000954778 -0.00211645 0.999989 -0.00425271 -0.000964002 0.00425002 0.999991 -0.0257298 0.0719127 -0.116312
FixedParameters: 0 0 0

#Transform 172
Transform: AffineTransform_float_3_3
Parameters: 0.999997 0.00230203 0.000714162 -0.00229835 0.999982 -0.00552236 -0.000726504 0.00552131 0.999984 -0.0227112 0.174604 -0.132557
FixedParameters: 0 0 0

#Transform 173
Transform: AffineTransform_float_3_3
Parameters: 0.999997 0.0023396 0.000735887 -0.00233617 0.999986 -0.0048249 -0.000747505 0.00482331 0.999988 -0.0364252 0.0572429 -0.103995
FixedParameters: 0 0 0

#Transform 174
Transform: AffineTransform_float_3_3
Parameters: 0.999996 0.00247788 0.000769394 -0.00247474 0.999987 -0.00444575 -0.000780458 0.00444419 0.99999 -0.0274883 0.0858094 -0.121049
FixedParameters: 0 0 0

#Transform 175
Transform: AffineTransform_float_3_3
Parameters: 0.999998 0.0022497 0.000562848 -0.00224777 0.999985 -0.004971 -0.000574279 0.0049698 0.999988 -0.0225597 0.0814149 -0.129397
FixedParameters: 0 0 0

#Transform 176
Transform: AffineTransform_float_3_3
Parameters: 0.999997 0.00250061 0.000869413 -0.00249671 0.999987 -0.00437276 -0.000880289 0.00437026 0.99999 -0.0271632 0.124007 -0.122305
FixedParameters: 0 0 0

#Transform 177
Transform: AffineTransform_float_3_3
Parameters: 0.999997 0.0020631 0.000772307 -0.00205927 0.999983 -0.00546529 -0.000783742 0.00546435 0.999985 -0.0168357 0.140748 -0.130993
FixedParameters: 0 0 0

#Transform 178
Transform: AffineTransform_float_3_3
Parameters: 0.999997 0.00209651 0.00117329 -0.00209144 0.999988 -0.00433479 -0.00118224 0.00433254 0.99999 -0.0215248 0.0829916 -0.106006
FixedParameters: 0 0 0

#Transform 179
Transform: AffineTransform_float_3_3
Parameters: 0.999997 0.00206869 0.000604641 -0.00206626 0.999987 -0.00458718 -0.000614835 0.00458604 0.999989 -0.0180913 0.0969545 -0.0926037
FixedParameters: 0 0 0

#Transform 180
Transform: AffineTransform_float_3_3
Parameters: 0.999998 0.00216051 0.000734404 -0.00215693 0.999988 -0.00442775 -0.000743747 0.00442553 0.99999 -0.0237712 0.0624874 -0.0838293
FixedParameters: 0 0 0

#Transform 181
Transform: AffineTransform_float_3_3
Parameters: 0.999997 0.00247134 0.000521039 -0.00246891 0.999988 -0.00420623 -0.000532237 0.00420552 0.999991 -0.0237532 0.0498171 -0.0903724
FixedParameters: 0 0 0

#Transform 182
Transform: AffineTransform_float_3_3
Parameters: 0.999998 0.00182728 0.000658144 -0.0018239 0.999989 -0.00436003 -0.000666468 0.00435808 0.99999 0.00604454 0.111861 -0.107014
FixedParameters: 0 0 0

#Transform 183
Transform: AffineTransform_float_3_3
Parameters: 0.999997 0.0023789 0.00011863 -0.00237798 0.999989 -0.00391993 -0.000128109 0.00391941 0.999993 0.000722334 0.0669994 -0.0999786
FixedParameters: 0 0 0

#Transform 184
Transform: AffineTransform_float_3_3
Parameters: 0.999998 0.00153037 0.000528754 -0.00152734 0.999978 -0.00643858 -0.000538607 0.0064374 0.999979 0.0280626 0.206155 -0.190701
FixedParameters: 0 0 0

#Transform 185
Transform: AffineTransform_float_3_3
Parameters: 0.999999 0.00159353 0.000817177 -0.0015881 0.999979 -0.00625142 -0.000827002 0.00624965 0.99998 0.0171438 0.154956 -0.178826
FixedParameters: 0 0 0

#Transform 186
Transform: AffineTransform_float_3_3
Parameters: 0.999998 0.00189058 0.00118139 -0.00188235 0.999977 -0.00656358 -0.00119353 0.00656175 0.999978 -0.0119753 0.154423 -0.167168
FixedParameters: 0 0 0

#Transform 187
Transform: AffineTransform_float_3_3
