#Insight Transform File V1.0
#Transform 0
Transform: AffineTransform_float_3_3
Parameters: 0.999999 0.000357875 -0.0012484 -0.000366123 0.999973 -0.00730703 0.00124577 0.00730718 0.999972 0.0276723 0.0194169 -0.0475468
FixedParameters: 0 0 0

#Transform 1
Transform: AffineTransform_float_3_3
Parameters: 0.999997 1.9531e-05 -0.00215666 -3.29725e-05 0.999981 -0.00625791 0.00215664 0.00625852 0.999978 0.0588413 -0.0411112 -0.0647134
FixedParameters: 0 0 0

#Transform 2
Transform: AffineTransform_float_3_3
Parameters: 0.999994 0.00027555 -0.00337148 -0.000302319 0.999968 -0.00798403 0.00336968 0.00798472 0.999963 0.0743725 0.0161956 -0.0260777
FixedParameters: 0 0 0

#Transform 3
Transform: AffineTransform_float_3_3
Parameters: 0.999992 0.000938888 -0.00397057 -0.000972187 0.999965 -0.00826563 0.00396316 0.0082697 0.999958 0.0494952 0.0661317 -0.00402929
FixedParameters: 0 0 0

#Transform 4
Transform: AffineTransform_float_3_3
Parameters: 0.999992 0.000745735 -0.00391248 -0.000773555 0.999974 -0.00712734 0.00390633 0.0071305 0.999967 0.0496766 0.0114011 -0.0461934
FixedParameters: 0 0 0

#Transform 5
Transform: AffineTransform_float_3_3
Parameters: 0.999991 0.00134829 -0.00411532 -0.00138822 0.999953 -0.00961987 0.0041023 0.00962483 0.999945 0.0344209 0.13884 -0.286155
FixedParameters: 0 0 0

#Transform 6
Transform: AffineTransform_float_3_3
Parameters: 0.999995 0.000608065 -0.00321041 -0.000632431 0.999969 -0.00783093 0.00320608 0.00783303 0.999965 0.0285114 0.0712907 -0.218626
FixedParameters: 0 0 0

#Transform 7
Transform: AffineTransform_float_3_3
Parameters: 0.999996 0.00257178 -0.00161279 -0.00258479 0.999963 -0.00818348 0.00159122 0.00818781 0.999966 -0.0401862 0.0642985 -0.225392
FixedParameters: 0 0 0

#Transform 8
Transform: AffineTransform_float_3_3
Parameters: 0.999997 0.00137467 -0.00216942 -0.00139307 0.99996 -0.00876953 0.00215708 0.00877255 0.99996 -0.0225755 0.130436 -0.369183
FixedParameters: 0 0 0

#Transform 9
Transform: AffineTransform_float_3_3
Parameters: 0.999998 0.00122733 -0.00180278 -0.00123939 0.999975 -0.0070712 0.00179423 0.00707276 0.999974 -0.0221346 0.0503848 -0.199598
FixedParameters: 0 0 0

#Transform 10
Transform: AffineTransform_float_3_3
Parameters: 0.999999 8.13604e-06 -0.00146122 -1.33641e-05 0.999993 -0.00359403 0.00146132 0.0035947 0.999992 -0.0219347 -0.0638775 -0.0640229
FixedParameters: 0 0 0

#Transform 11
Transform: AffineTransform_float_3_3
Parameters: 0.999999 0.000385073 -0.0013284 -0.000392062 0.999986 -0.00530031 0.00132698 0.00530124 0.999985 0.0117271 0.0236428 -0.0543104
FixedParameters: 0 0 0

#Transform 12
Transform: AffineTransform_float_3_3
Parameters: 0.999998 0.00105372 -0.00164676 -0.00105993 0.999993 -0.00362139 0.00164341 0.00362273 0.999992 -0.00515898 0.0766553 -0.0779005
FixedParameters: 0 0 0

#Transform 13
Transform: AffineTransform_float_3_3
Parameters: 0.999999 0.000757324 -0.000678495 -0.000757901 0.999999 0.000263202 0.000679247 -0.000262931 1 -0.0124536 -0.144434 0.0419028
FixedParameters: 0 0 0

#Transform 14
Transform: AffineTransform_float_3_3
Parameters: 1 0.00103968 -0.000528431 -0.0010394 0.999999 0.000586967 0.000528715 -0.000586523 0.999999 -0.0317769 -0.0779687 -0.0135579
FixedParameters: 0 0 0

#Transform 15
Transform: AffineTransform_float_3_3
Parameters: 0.999999 0.00091034 -0.00107878 -0.000908885 0.999999 0.000831856 0.00107936 -0.000830666 0.999999 0.00511829 -0.0759696 0.0844081
FixedParameters: 0 0 0

#Transform 16
Transform: AffineTransform_float_3_3
Parameters: 0.999999 0.00105397 -0.000681278 -0.00105396 0.999999 7.66883e-06 0.000681307 -7.642e-06 1 -0.0157506 -0.0477516 0.0132129
FixedParameters: 0 0 0

#Transform 17
Transform: AffineTransform_float_3_3
Parameters: 1 0.000277208 6.43737e-05 -0.000277311 0.999999 0.000799282 -6.39304e-05 -0.000799317 0.999999 -0.00193411 -0.0102908 -0.0553947
FixedParameters: 0 0 0

#Transform 18
Transform: AffineTransform_float_3_3
Parameters: 1 0.000480134 -0.000196533 -0.000480191 1 -0.000967981 0.000196546 0.000968178 1 -0.0172044 0.0521961 -0.0527043
FixedParameters: 0 0 0

#Transform 19
Transform: AffineTransform_float_3_3
Parameters: 1 1.19561e-05 -0.000458408 -1.11337e-05 0.999998 0.00196538 0.000458806 -0.00196536 0.999998 0.0044078 -0.101191 0.0855918
FixedParameters: 0 0 0

#Transform 20
Transform: AffineTransform_float_3_3
Parameters: 1 0.000161022 -4.26137e-05 -0.000160975 1 0.000543935 4.27888e-05 -0.000543921 1 -0.0106341 -0.0218793 0.00430086
FixedParameters: 0 0 0

#Transform 21
Transform: AffineTransform_float_3_3
Parameters: 1 9.87647e-05 -0.000217591 -9.81392e-05 0.999999 0.00148405 0.000217887 -0.00148401 0.999999 -0.00393069 -0.108592 0.00144836
FixedParameters: 0 0 0

#Transform 22
Transform: AffineTransform_float_3_3
Parameters: 0.999999 -0.000533355 -0.000558618 0.000534046 0.999999 0.00147886 0.000557387 -0.00147945 0.999999 -0.0292755 -0.026774 -0.0477043
FixedParameters: 0 0 0

#Transform 23
Transform: AffineTransform_float_3_3
Parameters: 0.999999 2.96939e-05 -0.00125024 -3.05705e-05 1 -0.000733612 0.00124984 0.000734328 0.999999 0.0158004 -0.0232677 -0.0153133
FixedParameters: 0 0 0

#Transform 24
Transform: AffineTransform_float_3_3
Parameters: 0.999999 -0.00048698 -0.00120093 0.00048384 0.999997 -0.00246093 0.00120229 0.00246039 0.999996 0.0241812 0.00567264 -0.103536
FixedParameters: 0 0 0

#Transform 25
Transform: AffineTransform_float_3_3
Parameters: 0.999999 -0.00115793 -0.000798412 0.00115584 0.999997 -0.00203761 0.000800552 0.00203714 0.999998 0.0318106 -0.0742887 -0.119695
FixedParameters: 0 0 0

#Transform 26
Transform: AffineTransform_float_3_3
Parameters: 0.999999 -0.00137252 0.000340859 0.00137256 0.999999 -0.000576384 -0.000340221 0.000577427 0.999999 0.0794126 -0.0785309 0.0348835
FixedParameters: 0 0 0

#Transform 27
Transform: AffineTransform_float_3_3
Parameters: 1 -0.000992921 -0.000196095 0.000992019 0.999995 -0.00275752 0.000199359 0.00275711 0.999996 0.0521017 -0.042632 -0.0548112
FixedParameters: 0 0 0

#Transform 28
Transform: AffineTransform_float_3_3
Parameters: 1 -0.000625718 -0.000982869 0.000622067 0.999996 -0.00306747 0.000984733 0.00306698 0.999994 0.0706783 -0.0737724 -0.057755
FixedParameters: 0 0 0

#Transform 29
Transform: AffineTransform_float_3_3
Parameters: 0.999999 -0.000249033 -0.000811945 0.000246768 0.999996 -0.00306435 0.000812453 0.00306393 0.999995 0.0568283 -0.103379 -0.0324261
FixedParameters: 0 0 0

#Transform 30
Transform: AffineTransform_float_3_3
Parameters: 1 -0.000339154 -0.00107349 0.000334099 0.99999 -0.00445018 0.0010748 0.00445008 0.99999 0.0437817 0.0120012 -0.0608555
FixedParameters: 0 0 0

#Transform 31
Transform: AffineTransform_float_3_3
Parameters: 1 -1.28203e-05 -0.00107273 8.16129e-06 0.99999 -0.00458245 0.00107302 0.00458242 0.999989 0.041465 -0.0419063 0.0396738
FixedParameters: 0 0 0

#Transform 32
Transform: AffineTransform_float_3_3
Parameters: 0.999999 5.51055e-05 -0.00121353 -6.12809e-05 0.999987 -0.00504959 0.00121282 0.00504895 0.999986 0.0457953 -0.0698681 0.00734129
FixedParameters: 0 0 0

#Transform 33
Transform: AffineTransform_float_3_3
Parameters: 1 -0.00064636 -0.000947567 0.000640613 0.999985 -0.00547885 0.000950733 0.00547823 0.999985 0.0554737 -0.0111187 0.00914812
FixedParameters: 0 0 0

#Transform 34
Transform: AffineTransform_float_3_3
Parameters: 1 -0.000358347 -0.00106118 0.000352372 0.999988 -0.00491414 0.001063 0.004914 0.999988 0.0445419 -0.0583203 0.00737825
FixedParameters: 0 0 0

#Transform 35
Transform: AffineTransform_float_3_3
Parameters: 0.999999 -0.000418162 -0.00165297 0.000408603 0.999983 -0.00574245 0.00165527 0.00574233 0.999982 0.0545513 0.0316753 -0.0523711
FixedParameters: 0 0 0

#Transform 36
Transform: AffineTransform_float_3_3
Parameters: 1 -0.000356753 -0.0010452 0.000349534 0.999979 -0.00640105 0.00104739 0.00640092 0.999979 0.043319 0.0512321 -0.0326543
FixedParameters: 0 0 0

#Transform 37
Transform: AffineTransform_float_3_3
Parameters: 1 -0.000356639 -0.00104403 0.000349185 0.999979 -0.00651004 0.00104629 0.00650991 0.999978 0.0364577 0.0251576 0.00263948
FixedParameters: 0 0 0

#Transform 38
Transform: AffineTransform_float_3_3
Parameters: 1 -0.00014831 -0.000487953 0.000144559 0.99998 -0.00629782 0.000488851 0.00629766 0.99998 0.0603254 0.0369616 0.0548693
FixedParameters: 0 0 0

#Transform 39
Transform: AffineTransform_float_3_3
Parameters: 0.999999 -0.000271775 -0.000839416 0.000269123 0.999995 -0.00338473 0.000841179 0.00338427 0.999994 0.0212362 0.0187311 -0.0017074
FixedParameters: 0 0 0

#Transform 40
Transform: AffineTransform_float_3_3
Parameters: 1 -0.000358163 -0.00105931 0.000352757 0.999987 -0.00508813 0.00106091 0.00508799 0.999987 0.0293911 0.0438202 0.0121597
FixedParameters: 0 0 0

#Transform 41
Transform: AffineTransform_float_3_3
Parameters: 0.999999 6.57518e-05 -0.0012135 -7.25447e-05 0.999986 -0.00542469 0.00121356 0.00542485 0.999984 0.0468544 0.0577555 0.00235978
FixedParameters: 0 0 0

#Transform 42
Transform: AffineTransform_float_3_3
Parameters: 0.999999 -0.000294685 -0.00166375 0.000288916 0.999993 -0.00378087 0.00166451 0.00378039 0.999992 0.0601095 -0.0935153 0.0589931
FixedParameters: 0 0 0

#Transform 43
Transform: AffineTransform_float_3_3
Parameters: 0.999998 -0.000252286 -0.00228213 0.000238189 0.999981 -0.00619409 0.00228418 0.00619411 0.999978 0.0503654 0.0532332 -0.0695694
FixedParameters: 0 0 0

#Transform 44
Transform: AffineTransform_float_3_3
Parameters: 0.999999 0.000889572 -0.00146317 -0.000899578 0.999979 -0.00648008 0.00145678 0.0064812 0.999979 -0.014498 -0.0111702 -0.0203742
FixedParameters: 0 0 0

#Transform 45
Transform: AffineTransform_float_3_3
Parameters: 1 0.00106804 0.00026904 -0.00106825 1 -0.000734699 -0.000269333 0.000734256 0.999999 -0.0415349 -0.0911064 0.142837
FixedParameters: 0 0 0

#Transform 46
Transform: AffineTransform_float_3_3
Parameters: 0.999999 0.000819635 -0.000402027 -0.000820456 0.999998 -0.0018272 0.000400916 0.00182787 0.999998 0.0123533 -0.115646 0.099679
FixedParameters: 0 0 0

#Transform 47
Transform: AffineTransform_float_3_3
Parameters: 1 0.000135856 -0.00103112 -0.000139088 0.999996 -0.00306046 0.0010302 0.00306073 0.999995 0.0274028 0.0218828 -0.0879351
FixedParameters: 0 0 0

#Transform 48
Transform: AffineTransform_float_3_3
Parameters: 0.999997 0.000729394 -0.00230436 -0.000738754 0.999992 -0.00381222 0.0023011 0.00381396 0.99999 0.0525309 0.164989 -0.202582
FixedParameters: 0 0 0

#Transform 49
Transform: AffineTransform_float_3_3
Parameters: 0.999999 0.000425763 -0.00148511 -0.000425733 1 -0.000113465 0.00148595 0.000114622 0.999999 0.00325595 -0.242037 0.0677469
FixedParameters: 0 0 0

#Transform 50
Transform: AffineTransform_float_3_3
Parameters: 0.999998 -0.000218936 -0.00202377 0.000212114 0.999994 -0.00345837 0.00202475 0.00345801 0.999992 0.0301522 -0.0806685 -0.171247
FixedParameters: 0 0 0

#Transform 51
Transform: AffineTransform_float_3_3
Parameters: 0.999998 0.000353857 -0.0016286 -0.000363622 0.999981 -0.00611448 0.00162684 0.00611553 0.99998 0.0078553 0.00690691 -0.256313
FixedParameters: 0 0 0

#Transform 52
Transform: AffineTransform_float_3_3
Parameters: 0.999998 0.000532189 -0.00219952 -0.000547352 0.999975 -0.00704102 0.00219566 0.00704316 0.999973 0.0248232 -0.00680277 -0.248558
FixedParameters: 0 0 0

#Transform 53
Transform: AffineTransform_float_3_3
Parameters: 1 4.99799e-05 -0.000881526 -5.68799e-05 0.999963 -0.00854204 0.000881772 0.00854201 0.999963 0.0116727 0.053062 -0.349018
FixedParameters: 0 0 0

#Transform 54
Transform: AffineTransform_float_3_3
Parameters: 0.999999 0.000536625 -0.00116822 -0.000545009 0.999971 -0.00759964 0.00116394 0.00760016 0.99997 0.01688 -0.020037 -0.22133
FixedParameters: 0 0 0

#Transform 55
Transform: AffineTransform_float_3_3
Parameters: 0.999998 0.000397347 -0.0015325 -0.000410228 0.999964 -0.00843879 0.00152829 0.00843926 0.999963 0.0286157 0.109257 -0.253203
FixedParameters: 0 0 0

#Transform 56
Transform: AffineTransform_float_3_3
Parameters: 0.999999 0.00118794 -0.000756338 -0.00119268 0.999975 -0.00697707 0.000748188 0.00697829 0.999975 0.0245057 0.00503407 -0.266341
FixedParameters: 0 0 0

#Transform 57
Transform: AffineTransform_float_3_3
Parameters: 1 -0.000971685 0.000737074 0.00097915 0.999956 -0.00933519 -0.000727371 0.00933578 0.999957 0.0588147 0.140813 -0.420144
FixedParameters: 0 0 0

#Transform 58
Transform: AffineTransform_float_3_3
Parameters: 0.999999 -0.000703805 0.000486646 0.000708031 0.999963 -0.00864497 -0.000480505 0.00864495 0.999962 0.0557866 -0.00100582 -0.329349
FixedParameters: 0 0 0

#Transform 59
Transform: AffineTransform_float_3_3
Parameters: 0.999999 -0.00109567 0.000643887 0.00110207 0.999955 -0.00942689 -0.000632962 0.00942755 0.999955 0.0637446 0.100507 -0.306137
FixedParameters: 0 0 0

#Transform 60
Transform: AffineTransform_float_3_3
Parameters: 0.999999 -0.00109507 0.000646367 0.00110141 0.999953 -0.00964256 -0.000635913 0.00964386 0.999954 0.0315425 0.0582709 -0.345341
FixedParameters: 0 0 0

#Transform 61
Transform: AffineTransform_float_3_3
Parameters: 0.999999 -0.000908115 7.78131e-05 0.000908633 0.999957 -0.00929999 -6.92711e-05 0.00929939 0.999957 0.0658413 0.078892 -0.309924
FixedParameters: 0 0 0

#Transform 62
Transform: AffineTransform_float_3_3
Parameters: 1 -0.00102173 0.000113276 0.00102258 0.999961 -0.00869846 -0.000104818 0.00869859 0.999962 0.0603918 0.0569336 -0.260669
FixedParameters: 0 0 0

#Transform 63
Transform: AffineTransform_float_3_3
Parameters: 0.999999 -0.000795333 3.80465e-05 0.000796379 0.999954 -0.0095292 -3.0629e-05 0.00952853 0.999954 0.0787053 0.0442693 -0.291498
FixedParameters: 0 0 0

#Transform 64
Transform: AffineTransform_float_3_3
Parameters: 1 -0.000594989 -4.74794e-05 0.000594429 0.999962 -0.00868433 5.22436e-05 0.00868421 0.999963 0.0731928 0.0562581 -0.260386
FixedParameters: 0 0 0

#Transform 65
Transform: AffineTransform_float_3_3
Parameters: 0.999999 -0.00104229 4.73405e-05 0.00104291 0.999961 -0.00870326 -3.88571e-05 0.00870325 0.999962 0.082045 0.0911768 -0.264355
FixedParameters: 0 0 0

#Transform 66
Transform: AffineTransform_float_3_3
Parameters: 1 -0.00116617 0.000160908 0.00116775 0.999966 -0.0081575 -0.000151209 0.00815712 0.999967 0.0830693 0.0136419 -0.258344
FixedParameters: 0 0 0

#Transform 67
Transform: AffineTransform_float_3_3
Parameters: 1 -0.00107064 0.000130339 0.00107178 0.999962 -0.00858936 -0.000121266 0.00858953 0.999963 0.0737577 0.0726821 -0.271911
FixedParameters: 0 0 0

#Transform 68
Transform: AffineTransform_float_3_3
Parameters: 0.999999 -0.000703051 1.2702e-06 0.000702849 0.999956 -0.00936408 5.41631e-06 0.009364 0.999956 0.078351 0.0713119 -0.327532
FixedParameters: 0 0 0

#Transform 69
Transform: AffineTransform_float_3_3
Parameters: 1 -0.000895421 6.55293e-05 0.000896128 0.999962 -0.00868074 -5.74243e-05 0.00868077 0.999963 0.0675097 0.0541396 -0.270038
FixedParameters: 0 0 0

#Transform 70
Transform: AffineTransform_float_3_3
Parameters: 1 -0.00106836 0.000141956 0.00106941 0.999954 -0.00960262 -0.00013165 0.00960216 0.999954 0.0611522 0.0508069 -0.30946
FixedParameters: 0 0 0

#Transform 71
Transform: AffineTransform_float_3_3
Parameters: 1 -0.0010704 0.000131601 0.00107156 0.999961 -0.00869935 -0.000122292 0.00869953 0.999962 0.0806703 0.0119099 -0.271355
FixedParameters: 0 0 0

#Transform 72
Transform: AffineTransform_float_3_3
Parameters: 1 -0.00106725 0.000147546 0.00106845 0.999948 -0.0100903 -0.000136204 0.0100905 0.999949 0.0729486 0.105861 -0.301218
FixedParameters: 0 0 0

#Transform 73
Transform: AffineTransform_float_3_3
Parameters: 1 -0.00107515 0.000107291 0.00107555 0.999978 -0.0065795 -0.000100312 0.00657965 0.999979 0.0802377 0.0541138 -0.25181
FixedParameters: 0 0 0

#Transform 74
Transform: AffineTransform_float_3_3
Parameters: 1 -0.00098175 0.000355621 0.00098464 0.999976 -0.0068655 -0.000348938 0.00686613 0.999977 0.0894288 0.0354437 -0.1936
FixedParameters: 0 0 0

#Transform 75
Transform: AffineTransform_float_3_3
Parameters: 0.999999 -0.000959764 0.000852507 0.000966671 0.999966 -0.0081541 -0.000845004 0.00815425 0.999966 0.056083 0.0507206 -0.240804
FixedParameters: 0 0 0

#Transform 76
Transform: AffineTransform_float_3_3
Parameters: 0.999998 -0.00144393 0.00129334 0.00145505 0.999963 -0.00842856 -0.0012811 0.00843078 0.999964 0.0470031 0.0114632 -0.228993
FixedParameters: 0 0 0

#Transform 77
Transform: AffineTransform_float_3_3
Parameters: 1 -0.00102972 0.000428968 0.00103315 0.999958 -0.00909822 -0.000419412 0.00909836 0.999958 0.0583096 0.126417 -0.277986
FixedParameters: 0 0 0

#Transform 78
Transform: AffineTransform_float_3_3
Parameters: 1 -0.00104761 0.000574378 0.00105269 0.999952 -0.00976331 -0.000564594 0.00976441 0.999952 0.0389531 0.0790734 -0.356806
FixedParameters: 0 0 0

#Transform 79
Transform: AffineTransform_float_3_3
Parameters: 0.999999 -0.000820881 1.92038e-05 0.000821277 0.99997 -0.00760502 -1.32574e-05 0.00760498 0.999971 0.0547243 0.0707176 -0.285035
FixedParameters: 0 0 0

#Transform 80
Transform: AffineTransform_float_3_3
Parameters: 1 -0.000868014 0.000687237 0.000874389 0.99996 -0.00889669 -0.000679331 0.00889781 0.99996 0.0411056 0.0339691 -0.323132
FixedParameters: 0 0 0

#Transform 81
Transform: AffineTransform_float_3_3
Parameters: 1 -0.000935891 0.000721806 0.000942263 0.999962 -0.00867538 -0.000714055 0.00867665 0.999962 0.0375345 0.107296 -0.295692
FixedParameters: 0 0 0

#Transform 82
Transform: AffineTransform_float_3_3
Parameters: 0.999999 -0.00110814 0.000960069 0.00111735 0.999953 -0.00963085 -0.000949259 0.00963212 0.999954 0.0541322 0.0769315 -0.329897
FixedParameters: 0 0 0

#Transform 83
Transform: AffineTransform_float_3_3
Parameters: 0.999999 -0.00154786 0.00107947 0.00155818 0.999956 -0.0092616 -0.00106543 0.00926274 0.999957 0.0460974 0.113434 -0.31552
FixedParameters: 0 0 0

#Transform 84
Transform: AffineTransform_float_3_3
Parameters: 0.999998 -0.00139566 0.0014871 0.00141251 0.999939 -0.0109753 -0.00147202 0.0109771 0.999939 0.0180913 0.155169 -0.373513
FixedParameters: 0 0 0

#Transform 85
Transform: AffineTransform_float_3_3
Parameters: 0.999999 -0.00125532 0.00139481 0.00126963 0.999951 -0.0098573 -0.00138231 0.0098593 0.99995 0.00855884 0.0732021 -0.316093
FixedParameters: 0 0 0

#Transform 86
Transform: AffineTransform_float_3_3
Parameters: 0.999998 -0.0015339 0.00111926 0.00154533 0.999948 -0.0100872 -0.00110349 0.0100884 0.999949 0.0205544 0.0578215 -0.324328
FixedParameters: 0 0 0

#Transform 87
Transform: AffineTransform_float_3_3
Parameters: 0.999999 -0.00157115 0.00102713 0.00158377 0.999929 -0.0118476 -0.00100813 0.0118493 0.999929 0.0290369 0.0884083 -0.378916
FixedParameters: 0 0 0

#Transform 88
Transform: AffineTransform_float_3_3
Parameters: 0.999998 -0.0015933 0.00120384 0.0016057 0.999943 -0.0105002 -0.00118706 0.0105019 0.999944 0.0293359 0.0784589 -0.36596
FixedParameters: 0 0 0

#Transform 89
Transform: AffineTransform_float_3_3
Parameters: 0.999999 -0.00164002 0.000855541 0.00165192 0.999899 -0.0141349 -0.000832643 0.0141362 0.9999 0.0424112 0.108875 -0.377223
FixedParameters: 0 0 0

#Transform 90
Transform: AffineTransform_float_3_3
Parameters: 0.999999 -0.00168275 0.000741183 0.00169331 0.999907 -0.0135603 -0.000717881 0.0135612 0.999908 0.0439 0.113882 -0.380317
FixedParameters: 0 0 0

#Transform 91
Transform: AffineTransform_float_3_3
Parameters: 0.999999 2.02025e-05 -0.00129063 -3.53821e-05 0.999932 -0.0116045 0.00129075 0.0116045 0.999932 0.0296497 0.128451 -0.360426
FixedParameters: 0 0 0

#Transform 92
Transform: AffineTransform_float_3_3
Parameters: 0.999999 -0.000740514 -0.000526197 0.000734401 0.999935 -0.0113923 0.000534193 0.0113922 0.999935 0.0519271 0.101084 -0.351835
FixedParameters: 0 0 0

#Transform 93
Transform: AffineTransform_float_3_3
Parameters: 1 -0.00091293 -0.000456872 0.000908261 0.999931 -0.0117199 0.00046721 0.0117189 0.999931 0.0742056 0.049411 -0.439556
FixedParameters: 0 0 0

#Transform 94
Transform: AffineTransform_float_3_3
Parameters: 0.999998 -0.00152135 -0.000489432 0.00151583 0.999946 -0.0103189 0.000504998 0.010318 0.999947 0.0921131 0.0969737 -0.324536
FixedParameters: 0 0 0

#Transform 95
Transform: AffineTransform_float_3_3
Parameters: 0.999998 -0.00174741 -0.000621424 0.00173906 0.999926 -0.0119674 0.000642305 0.0119665 0.999928 0.0884251 0.122778 -0.41446
FixedParameters: 0 0 0

#Transform 96
Transform: AffineTransform_float_3_3
Parameters: 0.999998 -0.00170172 -0.000740651 0.00169243 0.999931 -0.0116107 0.000759794 0.0116094 0.999932 0.0903022 0.0343497 -0.369804
FixedParameters: 0 0 0

#Transform 97
Transform: AffineTransform_float_3_3
Parameters: 1 -0.00116567 -0.000150086 0.00116304 0.999919 -0.0126815 0.000164994 0.0126811 0.999919 0.0493662 0.141376 -0.420184
FixedParameters: 0 0 0

#Transform 98
Transform: AffineTransform_float_3_3
Parameters: 0.999999 -0.00148088 0.000275737 0.00148436 0.999924 -0.0122401 -0.00025774 0.01224 0.999925 0.0585634 0.085341 -0.367873
FixedParameters: 0 0 0

#Transform 99
Transform: AffineTransform_float_3_3
Parameters: 0.999998 -0.00177791 0.000774428 0.00178754 0.999909 -0.013408 -0.000750642 0.0134092 0.99991 0.0254304 0.172342 -0.364751
FixedParameters: 0 0 0

#Transform 100
Transform: AffineTransform_float_3_3
Parameters: 0.999999 -0.00165982 0.000655046 0.00166806 0.999916 -0.0128842 -0.000632807 0.0128849 0.999917 0.0512441 0.0786426 -0.295724
FixedParameters: 0 0 0

#Transform 101
Transform: AffineTransform_float_3_3
Parameters: 0.999999 -0.00154414 0.000163888 0.00154573 0.999904 -0.0138258 -0.00014289 0.0138262 0.999905 0.0680656 0.156974 -0.293954
FixedParameters: 0 0 0

#Transform 102
Transform: AffineTransform_float_3_3
Parameters: 0.999999 -0.00157501 0.000795138 0.00158521 0.99991 -0.0133011 -0.000773974 0.0133028 0.999912 0.0551419 0.178344 -0.295391
FixedParameters: 0 0 0

#Transform 103
Transform: AffineTransform_float_3_3
Parameters: 0.999998 -0.00200598 0.00122386 0.00202177 0.999915 -0.0129009 -0.00119737 0.0129029 0.999916 0.0563883 0.0803909 -0.249636
FixedParameters: 0 0 0

#Transform 104
Transform: AffineTransform_float_3_3
Parameters: 0.999997 -0.00239994 0.00125102 0.0024178 0.999886 -0.0148832 -0.00121534 0.0148861 0.999889 0.0568347 0.208724 -0.367226
FixedParameters: 0 0 0

#Transform 105
Transform: AffineTransform_float_3_3
Parameters: 0.999995 -0.00200576 0.00227792 0.00203674 0.999908 -0.0134297 -0.00225022 0.0134344 0.999907 0.0389057 0.147185 -0.353931
FixedParameters: 0 0 0

#Transform 106
Transform: AffineTransform_float_3_3
Parameters: 0.999995 -0.00206519 0.00212072 0.00209096 0.999922 -0.0122855 -0.00209546 0.0122898 0.999922 0.0219904 0.175499 -0.343113
FixedParameters: 0 0 0

#Transform 107
Transform: AffineTransform_float_3_3
Parameters: 0.999997 -0.0018648 0.00199331 0.00189104 0.999913 -0.0130731 -0.0019681 0.0130761 0.999912 0.0282757 0.10692 -0.366992
FixedParameters: 0 0 0

#Transform 108
Transform: AffineTransform_float_3_3
Parameters: 0.999997 -0.00138727 0.00185574 0.00140997 0.999919 -0.0126391 -0.0018374 0.0126419 0.999919 0.0315769 0.176127 -0.374447
FixedParameters: 0 0 0

#Transform 109
Transform: AffineTransform_float_3_3
Parameters: 0.999998 -0.00151086 0.00152892 0.00152755 0.999931 -0.0116424 -0.00151139 0.0116448 0.999931 0.0528455 0.123564 -0.321392
FixedParameters: 0 0 0

#Transform 110
Transform: AffineTransform_float_3_3
Parameters: 0.999997 -0.00156822 0.00156642 0.00158716 0.999916 -0.0128187 -0.00154624 0.0128221 0.999917 0.0524264 0.170672 -0.305355
FixedParameters: 0 0 0

#Transform 111
Transform: AffineTransform_float_3_3
Parameters: 0.999998 -0.00150751 0.00153981 0.00152633 0.99992 -0.0125573 -0.00152139 0.0125597 0.99992 0.0505509 0.126246 -0.309554
FixedParameters: 0 0 0

#Transform 112
Transform: AffineTransform_float_3_3
Parameters: 0.999997 -0.00216002 0.00100878 0.00217156 0.999928 -0.0118258 -0.000983191 0.011828 0.99993 0.0841147 0.106204 -0.250974
FixedParameters: 0 0 0

#Transform 113
Transform: AffineTransform_float_3_3
Parameters: 0.999997 -0.00212365 0.00110915 0.00213685 0.999913 -0.0129725 -0.00108157 0.0129742 0.999915 0.100049 0.104259 -0.260156
FixedParameters: 0 0 0

#Transform 114
Transform: AffineTransform_float_3_3
Parameters: 0.999995 -0.00227882 0.00188136 0.00230075 0.999929 -0.011709 -0.00185401 0.0117132 0.99993 0.0884774 0.10734 -0.300711
FixedParameters: 0 0 0

#Transform 115
Transform: AffineTransform_float_3_3
Parameters: 0.999997 -0.00203779 0.00133304 0.00205338 0.999919 -0.0125656 -0.00130738 0.0125681 0.99992 0.115274 0.091049 -0.222319
FixedParameters: 0 0 0

#Transform 116
Transform: AffineTransform_float_3_3
Parameters: 0.999998 -0.00170899 0.000378665 0.00171491 0.999912 -0.0131504 -0.000355985 0.0131508 0.999914 0.129657 0.159016 -0.329761
FixedParameters: 0 0 0

#Transform 117
Transform: AffineTransform_float_3_3
Parameters: 0.999997 -0.00187511 0.00113235 0.00188907 0.999914 -0.0129886 -0.00110799 0.0129906 0.999916 0.0950977 0.0699936 -0.314035
FixedParameters: 0 0 0

#Transform 118
Transform: AffineTransform_float_3_3
Parameters: 0.999999 -0.0014088 -0.000434624 0.00140204 0.99991 -0.0134196 0.000454156 0.0134191 0.999909 0.162739 0.117977 -0.193193
FixedParameters: 0 0 0

#Transform 119
Transform: AffineTransform_float_3_3
Parameters: 1 -0.000819831 -0.000481935 0.000812398 0.999882 -0.0153922 0.000494294 0.0153912 0.999882 0.171389 0.161977 0.15651
FixedParameters: 0 0 0

#Transform 120
Transform: AffineTransform_float_3_3
Parameters: 1 0.00021738 0.000253282 -0.000214281 0.999927 -0.0120206 -0.000256539 0.0120205 0.999927 0.0904086 0.0749081 0.0128777
FixedParameters: 0 0 0

#Transform 121
Transform: AffineTransform_float_3_3
Parameters: 0.999999 -0.000414683 -0.00121189 0.000399206 0.999918 -0.0127821 0.00121738 0.0127823 0.999918 0.102631 0.126788 -0.00437768
FixedParameters: 0 0 0

#Transform 122
Transform: AffineTransform_float_3_3
Parameters: 0.999998 -0.000615413 -0.00173739 0.000592515 0.999916 -0.0129266 0.00174568 0.0129256 0.999915 0.147971 0.0500565 -0.0210825
FixedParameters: 0 0 0

#Transform 123
Transform: AffineTransform_float_3_3
Parameters: 1 -0.000548514 -0.000784817 0.000538029 0.999913 -0.0131963 0.000791885 0.0131959 0.999913 0.114964 0.12126 -0.046393
FixedParameters: 0 0 0

#Transform 124
Transform: AffineTransform_float_3_3
Parameters: 0.999999 -0.000346446 -0.000668626 0.000337462 0.999909 -0.0134394 0.00067313 0.0134395 0.99991 0.12497 0.066538 -0.0646371
FixedParameters: 0 0 0

#Transform 125
Transform: AffineTransform_float_3_3
Parameters: 1 -0.000137715 -0.000132857 0.000135825 0.999935 -0.0113493 0.000134262 0.0113493 0.999935 0.105255 0.0479442 -0.0129496
FixedParameters: 0 0 0

#Transform 126
Transform: AffineTransform_float_3_3
Parameters: 1 0.000160016 -0.000553559 -0.000165582 0.999938 -0.0110786 0.000551556 0.0110794 0.999939 0.116969 0.0619252 0.0372195
FixedParameters: 0 0 0

#Transform 127
Transform: AffineTransform_float_3_3
Parameters: 1 -0.000377662 -0.000214458 0.000375612 0.999958 -0.00908065 0.00021728 0.00908044 0.999959 0.123065 0.0190046 0.106575
FixedParameters: 0 0 0

#Transform 128
Transform: AffineTransform_float_3_3
Parameters: 0.999999 -0.0014163 -0.000605376 0.0014157 0.999998 -0.000980343 0.000606859 0.000979375 0.999999 0.167133 -0.188445 0.328002
FixedParameters: 0 0 0

#Transform 129
Transform: AffineTransform_float_3_3
Parameters: 0.999999 -0.00127987 -0.000890936 0.00127665 0.999989 -0.00458856 0.000896535 0.00458696 0.999989 0.156583 -0.011656 0.190092
FixedParameters: 0 0 0

#Transform 130
Transform: AffineTransform_float_3_3
Parameters: 0.999999 -0.00129981 -0.00105835 0.00129342 0.999981 -0.00601247 0.0010662 0.00601179 0.999981 0.174219 -0.0290381 0.200149
FixedParameters: 0 0 0

#Transform 131
Transform: AffineTransform_float_3_3
Parameters: 0.999999 -0.00124569 -0.000138313 0.00124443 0.999969 -0.0078078 0.000147712 0.00780734 0.99997 0.150391 0.0348465 0.139653
FixedParameters: 0 0 0

#Transform 132
Transform: AffineTransform_float_3_3
Parameters: 0.999999 0.000344483 -0.000633734 -0.000350012 0.999961 -0.0088031 0.00063076 0.00880356 0.999961 0.109211 0.0822729 0.12694
FixedParameters: 0 0 0

#Transform 133
Transform: AffineTransform_float_3_3
Parameters: 1 -0.000350591 -0.000978346 0.00034263 0.999964 -0.00848244 0.000980932 0.00848236 0.999964 0.162145 0.0469123 0.110898
FixedParameters: 0 0 0

#Transform 134
Transform: AffineTransform_float_3_3
Parameters: 1 -0.000316658 -0.000893632 0.000309715 0.99997 -0.0077397 0.000895851 0.0077391 0.999969 0.168727 0.0290056 0.133652
FixedParameters: 0 0 0

#Transform 135
Transform: AffineTransform_float_3_3
Parameters: 1 -0.00106204 0.000508984 0.0010655 0.999967 -0.0081093 -0.000499694 0.00810965 0.999967 0.178162 0.108397 0.00755156
FixedParameters: 0 0 0

#Transform 136
Transform: AffineTransform_float_3_3
Parameters: 0.999997 0.00133195 -0.00207659 -0.00133614 0.999997 -0.00193304 0.00207325 0.00193565 0.999996 0.0939102 -0.0706823 -0.095
FixedParameters: 0 0 0

#Transform 137
Transform: AffineTransform_float_3_3
Parameters: 0.999999 0.00060567 -0.00143429 -0.000609081 0.999997 -0.00251364 0.00143306 0.00251387 0.999996 0.0929534 0.0500554 -0.244626
FixedParameters: 0 0 0

#Transform 138
Transform: AffineTransform_float_3_3
Parameters: 1 -0.000117831 -0.000347755 0.000116543 0.999996 -0.00305008 0.000348147 0.00305 0.999996 0.0906232 -0.0855383 -0.145153
FixedParameters: 0 0 0

#Transform 139
Transform: AffineTransform_float_3_3
Parameters: 1 0.000300085 -0.000443168 -0.000301074 0.999996 -0.00250085 0.000442282 0.00250036 0.999997 0.0654396 5.51525e-05 -0.147738
FixedParameters: 0 0 0

#Transform 140
Transform: AffineTransform_float_3_3
Parameters: 1 0.000104259 -0.000574221 -0.000104567 1 -0.000267702 0.000574165 0.000267821 1 0.0790937 -0.128296 -0.0388984
FixedParameters: 0 0 0

#Transform 141
Transform: AffineTransform_float_3_3
Parameters: 0.999999 0.000423507 -0.00121769 -0.000427663 0.999995 -0.00324729 0.00121674 0.00324758 0.999994 0.088713 0.00487463 -0.153454
FixedParameters: 0 0 0

#Transform 142
Transform: AffineTransform_float_3_3
Parameters: 1 -0.000541461 0.000121303 0.00054248 0.999978 -0.00658124 -0.000117236 0.00658133 0.999979 0.0756814 -0.0402746 -0.166567
FixedParameters: 0 0 0

#Transform 143
Transform: AffineTransform_float_3_3
Parameters: 0.999998 0.00093516 -0.00186526 -0.000949699 0.999973 -0.00729964 0.00185853 0.0073009 0.999972 0.0692458 0.108716 -0.348049
FixedParameters: 0 0 0

#Transform 144
Transform: AffineTransform_float_3_3
Parameters: 0.999998 0.000734323 -0.00174246 -0.000748118 0.999968 -0.00801042 0.001736 0.0080115 0.999966 0.0546093 0.0651056 -0.249435
FixedParameters: 0 0 0

#Transform 145
Transform: AffineTransform_float_3_3
Parameters: 1 0.000670413 -0.000768809 -0.000676464 0.999971 -0.00759231 0.000763908 0.00759262 0.999971 0.0628455 0.0299702 -0.188343
FixedParameters: 0 0 0

#Transform 146
Transform: AffineTransform_float_3_3
Parameters: 0.999999 0.000250606 -0.0011899 -0.000261765 0.999958 -0.0091539 0.00118759 0.00915375 0.999957 0.0801396 0.0805686 -0.124938
FixedParameters: 0 0 0

#Transform 147
Transform: AffineTransform_float_3_3
Parameters: 1 -0.000145859 -0.000221596 0.000144532 0.999956 -0.00936919 0.000223128 0.00936911 0.999956 0.0533105 0.0379754 -0.0700866
FixedParameters: 0 0 0

#Transform 148
Transform: AffineTransform_float_3_3
Parameters: 0.999997 0.000829658 -0.00218162 -0.000853304 0.999942 -0.0107432 0.00217195 0.0107446 0.99994 0.106831 0.0644998 -0.359977
FixedParameters: 0 0 0

#Transform 149
Transform: AffineTransform_float_3_3
Parameters: 0.999991 3.18116e-05 -0.00428823 -7.76393e-05 0.999941 -0.0107968 0.00428684 0.0107963 0.999932 0.178033 0.00894883 -0.59281
FixedParameters: 0 0 0

#Transform 150
Transform: AffineTransform_float_3_3
Parameters: 0.999992 0.00380774 -0.000601472 -0.00381585 0.999904 -0.0133127 0.000551329 0.0133146 0.999911 -0.0391681 0.126032 -0.677241
FixedParameters: 0 0 0

#Transform 151
Transform: AffineTransform_float_3_3
Parameters: 0.999995 0.0022519 -0.00208596 -0.00227927 0.999912 -0.0131093 0.00205584 0.0131147 0.999912 0.0789832 0.164427 -0.638498
FixedParameters: 0 0 0

#Transform 152
Transform: AffineTransform_float_3_3
Parameters: 0.99999 0.00360571 -0.00232138 -0.00363655 0.999906 -0.0131714 0.00227449 0.0131795 0.999911 0.0330151 0.157351 -0.614454
FixedParameters: 0 0 0

#Transform 153
Transform: AffineTransform_float_3_3
Parameters: 0.999993 0.00112278 -0.00355927 -0.00116294 0.999934 -0.0114096 0.00354681 0.0114137 0.999928 0.153583 0.0712276 -0.487606
FixedParameters: 0 0 0

#Transform 154
Transform: AffineTransform_float_3_3
Parameters: 0.999989 0.000342453 -0.00457721 -0.000400141 0.999921 -0.0125275 0.00457351 0.0125285 0.999911 0.192788 0.143987 -0.508801
FixedParameters: 0 0 0

#Transform 155
Transform: AffineTransform_float_3_3
Parameters: 0.999995 0.0021904 -0.002512 -0.00221215 0.999959 -0.00873162 0.00249207 0.00873702 0.999958 0.0842043 0.0326738 -0.48253
FixedParameters: 0 0 0

#Transform 156
Transform: AffineTransform_float_3_3
Parameters: 0.999995 0.00292149 -0.0014917 -0.00293453 0.999957 -0.0087837 0.00146629 0.00878861 0.99996 0.0410238 0.0626031 -0.416348
FixedParameters: 0 0 0

#Transform 157
Transform: AffineTransform_float_3_3
Parameters: 0.999991 0.0037678 -0.00152745 -0.00378642 0.999917 -0.0123199 0.00148063 0.0123257 0.999923 0.0813633 0.152819 -0.510515
FixedParameters: 0 0 0

#Transform 158
Transform: AffineTransform_float_3_3
Parameters: 0.999993 0.000164492 -0.0038132 -0.000205918 0.999941 -0.0108196 0.00381105 0.010821 0.999934 0.218957 0.0374698 -0.420193
FixedParameters: 0 0 0

#Transform 159
Transform: AffineTransform_float_3_3
Parameters: 0.999993 0.00262988 -0.00284064 -0.00266002 0.999939 -0.0107597 0.0028128 0.0107671 0.999938 0.164935 0.0890525 -0.384251
FixedParameters: 0 0 0

#Transform 160
Transform: AffineTransform_float_3_3
Parameters: 0.999994 0.00095775 -0.00341206 -0.000995801 0.999936 -0.0113033 0.00340111 0.0113067 0.99993 0.198426 0.100821 -0.451835
FixedParameters: 0 0 0

#Transform 161
Transform: AffineTransform_float_3_3
Parameters: 0.999987 0.00323158 -0.00390866 -0.00327201 0.999942 -0.0103082 0.00387488 0.0103201 0.999939 0.144406 0.0662591 -0.399833
FixedParameters: 0 0 0

#Transform 162
Transform: AffineTransform_float_3_3
Parameters: 0.99999 0.0038351 -0.00232363 -0.00386139 0.999931 -0.0111321 0.00228081 0.0111407 0.999935 0.108256 0.108877 -0.437179
FixedParameters: 0 0 0

#Transform 163
Transform: AffineTransform_float_3_3
Parameters: 0.999984 0.00124902 -0.00544226 -0.00131204 0.999932 -0.0115844 0.00542782 0.0115914 0.999918 0.227437 0.117357 -0.408407
FixedParameters: 0 0 0

#Transform 164
Transform: AffineTransform_float_3_3
Parameters: 0.999991 0.00312746 -0.00284487 -0.00315303 0.999952 -0.0092667 0.00281614 0.00927486 0.999953 0.0791782 0.0153454 -0.251318
FixedParameters: 0 0 0

#Transform 165
Transform: AffineTransform_float_3_3
Parameters: 0.999993 0.00252551 -0.00289695 -0.0025574 0.999936 -0.0109539 0.00286908 0.0109615 0.999936 0.104853 0.18146 -0.264636
FixedParameters: 0 0 0

#Transform 166
Transform: AffineTransform_float_3_3
Parameters: 0.999991 0.00285472 -0.00326726 -0.00288937 0.999942 -0.0104045 0.00323682 0.0104141 0.99994 0.0946268 0.037414 -0.194124
FixedParameters: 0 0 0

#Transform 167
Transform: AffineTransform_float_3_3
Parameters: 0.999988 0.00305143 -0.00380383 -0.0030843 0.999957 -0.00876897 0.00377708 0.00878081 0.999955 0.106409 0.0561181 -0.106147
FixedParameters: 0 0 0

#Transform 168
Transform: AffineTransform_float_3_3
Parameters: 0.99999 0.00210705 -0.00395944 -0.00214628 0.999949 -0.00985676 0.00393845 0.00986541 0.999943 0.111754 0.0296089 -0.110586
FixedParameters: 0 0 0

#Transform 169
Transform: AffineTransform_float_3_3
Parameters: 0.999993 0.00208881 -0.00323254 -0.00212146 0.999947 -0.0100704 0.00321125 0.0100767 0.999944 0.123305 0.0581366 -0.196502
FixedParameters: 0 0 0

#Transform 170
Transform: AffineTransform_float_3_3
Parameters: 0.99999 0.00248144 -0.00382127 -0.00252218 0.99994 -0.0106677 0.00379448 0.010678 0.999936 0.12762 0.0597049 -0.249165
FixedParameters: 0 0 0

#Transform 171
Transform: AffineTransform_float_3_3
Parameters: 0.999989 0.00174815 -0.00412732 -0.00179226 0.999942 -0.0105587 0.00410824 0.0105656 0.999936 0.102183 0.068749 -0.213499
FixedParameters: 0 0 0

#Transform 172
Transform: AffineTransform_float_3_3
Parameters: 0.99999 0.00215705 -0.00391479 -0.00220663 0.99992 -0.012466 0.00388749 0.0124742 0.999915 0.123386 0.0801593 -0.200854
FixedParameters: 0 0 0

#Transform 173
Transform: AffineTransform_float_3_3
Parameters: 0.999989 0.00245642 -0.00402272 -0.00251027 0.999909 -0.0132984 0.00398935 0.0133088 0.999904 0.116245 0.122851 -0.281915
FixedParameters: 0 0 0

#Transform 174
Transform: AffineTransform_float_3_3
Parameters: 0.999992 0.00214588 -0.00332438 -0.00218359 0.999933 -0.011341 0.00329976 0.0113489 0.99993 0.113638 0.0669719 -0.222236
FixedParameters: 0 0 0

#Transform 175
Transform: AffineTransform_float_3_3
Parameters: 0.999993 0.00206049 -0.00328989 -0.00209923 0.99993 -0.0116071 0.00326611 0.0116135 0.999927 0.113551 0.0559017 -0.177209
FixedParameters: 0 0 0

#Transform 176
Transform: AffineTransform_float_3_3
Parameters: 0.999992 0.00254991 -0.0031715 -0.00258907 0.999918 -0.012522 0.0031392 0.0125311 0.999917 0.102688 0.0934779 -0.197773
FixedParameters: 0 0 0

#Transform 177
Transform: AffineTransform_float_3_3
Parameters: 0.999998 0.00161422 -0.0015917 -0.00163169 0.99994 -0.0107991 0.00157378 0.0108022 0.999941 0.0660912 0.0845245 -0.238796
FixedParameters: 0 0 0

#Transform 178
Transform: AffineTransform_float_3_3
Parameters: 0.999999 0.00109888 0.00088473 -0.0010917 0.999962 -0.00857794 -0.000894303 0.00857687 0.999962 0.012108 0.0831253 -0.175122
FixedParameters: 0 0 0

#Transform 179
Transform: AffineTransform_float_3_3
Parameters: 0.999999 0.00128799 0.000916293 -0.00127747 0.999933 -0.0115095 -0.000930405 0.0115081 0.999933 0.0327484 0.0451299 -0.18109
FixedParameters: 0 0 0

#Transform 180
Transform: AffineTransform_float_3_3
Parameters: 0.999998 0.00169211 -0.000894192 -0.00170122 0.99995 -0.00984991 0.000877777 0.00985242 0.999951 0.0692897 0.0581961 -0.0785231
FixedParameters: 0 0 0

#Transform 181
Transform: AffineTransform_float_3_3
Parameters: 0.999997 0.00215462 -0.0016372 -0.00217333 0.999932 -0.011412 0.00161282 0.0114158 0.999933 0.0805222 0.0680599 -0.131299
FixedParameters: 0 0 0

#Transform 182
Transform: AffineTransform_float_3_3
Parameters: 0.999995 0.00260822 -0.00174294 -0.00262673 0.999938 -0.0107413 0.00171487 0.0107457 0.999941 0.0631612 -0.00632119 -0.131558
FixedParameters: 0 0 0

#Transform 183
Transform: AffineTransform_float_3_3
Parameters: 0.999997 0.00207957 -0.00163794 -0.00209885 0.999933 -0.0113723 0.00161356 0.0113759 0.999934 0.0896866 0.0779728 -0.0864822
FixedParameters: 0 0 0

#Transform 184
Transform: AffineTransform_float_3_3
Parameters: 0.999996 0.00210945 -0.00213341 -0.00213662 0.999915 -0.0128391 0.00210595 0.0128434 0.999915 0.104931 0.155325 -0.203544
FixedParameters: 0 0 0

#Transform 185
Transform: AffineTransform_float_3_3
Parameters: 0.999997 0.00192312 -0.00143561 -0.00193823 0.999938 -0.0109663 0.00141484 0.0109693 0.999938 0.077408 0.0233175 -0.102428
FixedParameters: 0 0 0

#Transform 186
Transform: AffineTransform_float_3_3
Parameters: 0.999997 0.00181164 -0.0017208 -0.00183198 0.999924 -0.0121684 0.00169827 0.0121718 0.999925 0.0826396 0.117466 -0.08878
FixedParameters: 0 0 0

#Transform 187
Transform: AffineTransform_float_3_3
Parameters: 0.999996 0.00187952 -0.00211487 -0.00190801 0.999905 -0.0136517 0.00208957 0.0136555 0.999905 0.0923843 0.0989881 -0.100217
FixedParameters: 0 0 0

#Transform 188
Transform: AffineTransform_float_3_3
Parameters: 0.999998 0.00166146 -0.00148205 -0.00167921 0.999923 -0.0122613 0.00146077 0.0122636 0.999923 0.0860222 0.0743744 -0.0596707
FixedParameters: 0 0 0

#Transform 189
Transform: AffineTransform_float_3_3
