#Insight Transform File V1.0
#Transform 0
Transform: AffineTransform_float_3_3
Parameters: 0.999999 -0.000822312 0.00154656 0.000819511 0.999999 0.00129885 -0.00154797 -0.00129806 0.999998 0.00112296 -0.0183203 0.36913
FixedParameters: 0 0 0

#Transform 1
Transform: AffineTransform_float_3_3
Parameters: 0.999999 -0.000825695 0.00165703 0.000823422 0.999998 0.00171326 -0.00165867 -0.00171179 0.999998 0.0094331 -0.0615728 0.352466
FixedParameters: 0 0 0

#Transform 2
Transform: AffineTransform_float_3_3
Parameters: 0.999998 -0.000589322 0.00162005 0.000588529 1 0.000620751 -0.00162007 -0.000620592 0.999998 0.0203322 -0.0251741 0.302224
FixedParameters: 0 0 0

#Transform 3
Transform: AffineTransform_float_3_3
Parameters: 0.999999 -0.000887751 0.00152514 0.00088519 0.999999 0.00132087 -0.00152579 -0.00131991 0.999998 0.0249156 -0.0570259 0.30024
FixedParameters: 0 0 0

#Transform 4
Transform: AffineTransform_float_3_3
Parameters: 0.999999 -0.00060045 0.00129083 0.000600193 1 0.000946277 -0.0012915 -0.000945603 0.999999 0.0226077 -0.0525585 0.328812
FixedParameters: 0 0 0

#Transform 5
Transform: AffineTransform_float_3_3
Parameters: 0.999998 -0.000496976 0.0016024 0.000495263 0.999999 0.00121689 -0.00160314 -0.00121657 0.999998 0.0191967 -0.0512498 0.317043
FixedParameters: 0 0 0

#Transform 6
Transform: AffineTransform_float_3_3
Parameters: 0.999999 -0.000422501 0.00151826 0.000421142 0.999999 0.00116767 -0.00151878 -0.00116678 0.999999 0.0111317 -0.00544065 0.314695
FixedParameters: 0 0 0

#Transform 7
Transform: AffineTransform_float_3_3
Parameters: 1 -0.000405448 0.00102824 0.000404971 0.999999 0.000704062 -0.00102906 -0.000702745 0.999999 0.0215476 0.0391241 0.267851
FixedParameters: 0 0 0

#Transform 8
Transform: AffineTransform_float_3_3
Parameters: 0.999999 -0.000345584 0.00136826 0.000343176 0.999999 0.00123346 -0.00136935 -0.0012329 0.999999 0.00295065 -0.035662 0.317711
FixedParameters: 0 0 0

#Transform 9
Transform: AffineTransform_float_3_3
Parameters: 0.999999 -0.00056275 0.00122932 0.000561414 1 0.00103912 -0.00122977 -0.00103773 0.999998 0.013816 -0.00999573 0.330731
FixedParameters: 0 0 0

#Transform 10
Transform: AffineTransform_float_3_3
Parameters: 0.999999 -0.000672921 0.00138109 0.000671763 0.999999 0.000769502 -0.00138237 -0.000769394 0.999999 0.0227559 -0.00206103 0.263185
FixedParameters: 0 0 0

#Transform 11
Transform: AffineTransform_float_3_3
Parameters: 0.999999 -0.000829679 0.0011365 0.000827989 0.999998 0.00127917 -0.0011379 -0.00127816 0.999998 0.0264232 -0.0413481 0.286534
FixedParameters: 0 0 0

#Transform 12
Transform: AffineTransform_float_3_3
Parameters: 1 -0.000475367 0.00104609 0.000474629 1 0.000814924 -0.00104711 -0.000814806 0.999999 0.0225896 -0.0429574 0.350395
FixedParameters: 0 0 0

#Transform 13
Transform: AffineTransform_float_3_3
Parameters: 1 -0.000242789 0.000543052 0.000242749 1 3.73235e-05 -0.00054307 -3.70598e-05 1 0.0165038 -0.00926849 0.231585
FixedParameters: 0 0 0

#Transform 14
Transform: AffineTransform_float_3_3
Parameters: 0.999999 -0.00040211 0.000762659 0.000402006 1 0.000231594 -0.000761876 -0.000231855 1 0.0268377 0.0573259 0.107958
FixedParameters: 0 0 0

#Transform 15
Transform: AffineTransform_float_3_3
Parameters: 1 -0.000392705 0.000580939 0.000393155 0.999999 0.000661398 -0.00058074 -0.000661817 0.999999 0.0104217 0.0141898 0.103657
FixedParameters: 0 0 0

#Transform 16
Transform: AffineTransform_float_3_3
Parameters: 1 -0.000392178 0.00058137 0.000392843 1 0.000260399 -0.000581824 -0.000260818 1 0.00529351 -0.00368805 0.0873977
FixedParameters: 0 0 0

#Transform 17
Transform: AffineTransform_float_3_3
Parameters: 1 -0.000392771 0.000580884 0.000393162 0.999999 0.000712335 -0.000580726 -0.000711879 0.999999 0.0239175 0.0282733 0.0647932
FixedParameters: 0 0 0

#Transform 18
Transform: AffineTransform_float_3_3
Parameters: 1 -0.000141485 0.000517419 0.000141956 1 -0.000455678 -0.000517289 0.000455825 1 0.0179101 0.0491471 0.00491298
FixedParameters: 0 0 0

#Transform 19
Transform: AffineTransform_float_3_3
Parameters: 1 1.22847e-05 0.000476668 -1.17603e-05 1 0.000465327 -0.000476907 -0.00046534 1 0.0109007 -0.0506944 0.0313465
FixedParameters: 0 0 0

#Transform 20
Transform: AffineTransform_float_3_3
Parameters: 1 0.000102313 0.000108662 -0.000102364 1 0.000233138 -0.000108615 -0.00023316 1 -0.00451191 0.0205493 0.0111283
FixedParameters: 0 0 0

#Transform 21
Transform: AffineTransform_float_3_3
Parameters: 1 -7.82729e-05 0.000298651 7.85953e-05 1 -0.000539831 -0.000298566 0.000539878 1 0.0216174 0.0327394 -0.0507448
FixedParameters: 0 0 0

#Transform 22
Transform: AffineTransform_float_3_3
Parameters: 1 -6.98159e-05 0.000331511 7.01274e-05 1 -0.000469803 -0.000331445 0.000469849 1 0.00799107 0.0627991 -0.0138175
FixedParameters: 0 0 0

#Transform 23
Transform: AffineTransform_float_3_3
Parameters: 0.999999 -0.000321722 0.00070686 0.00032239 0.999999 -0.00133553 -0.000706716 0.00133598 0.999999 0.0490925 0.0693727 -0.029596
FixedParameters: 0 0 0

#Transform 24
Transform: AffineTransform_float_3_3
Parameters: 1 -0.000337525 0.000365325 0.000337951 0.999999 -0.000925875 -0.000365667 0.000926122 0.999999 0.0515698 -0.0109621 -0.0211135
FixedParameters: 0 0 0

#Transform 25
Transform: AffineTransform_float_3_3
Parameters: 1 -0.000205261 -4.61353e-05 0.000204834 0.999998 -0.00187919 4.59407e-05 0.00187917 0.999998 0.0297478 0.0597805 -0.0503722
FixedParameters: 0 0 0

#Transform 26
Transform: AffineTransform_float_3_3
Parameters: 1 -0.000267075 -0.000191132 0.000267401 1 -0.00102538 0.000190463 0.00102528 1 0.0194876 -0.0205437 -0.0847209
FixedParameters: 0 0 0

#Transform 27
Transform: AffineTransform_float_3_3
Parameters: 1 -3.85413e-07 -0.00024671 -2.81165e-07 0.999999 -0.00134817 0.000246711 0.00134817 0.999999 0.0108364 0.0565166 -0.150507
FixedParameters: 0 0 0

#Transform 28
Transform: AffineTransform_float_3_3
Parameters: 1 -0.000318597 -0.000389504 0.000318481 1 -0.00106962 0.000388968 0.00106938 1 0.0158289 -0.016859 -0.149815
FixedParameters: 0 0 0

#Transform 29
Transform: AffineTransform_float_3_3
Parameters: 1 -0.000264168 -0.000180243 0.000264673 0.999999 -0.00128137 0.000180672 0.00128127 0.999999 0.00946794 0.043495 -0.167403
FixedParameters: 0 0 0

#Transform 30
Transform: AffineTransform_float_3_3
Parameters: 1 -0.000318338 -0.000388753 0.000317637 0.999999 -0.00182162 0.000388695 0.00182138 0.999999 0.0157246 0.0747999 -0.166244
FixedParameters: 0 0 0

#Transform 31
Transform: AffineTransform_float_3_3
Parameters: 1 0.000101491 -0.000498553 -0.000101721 1 -0.00120122 0.00049806 0.00120132 0.999999 0.0111303 -0.0193473 -0.147219
FixedParameters: 0 0 0

#Transform 32
Transform: AffineTransform_float_3_3
Parameters: 1 0.000137866 -0.000200662 -0.000138381 0.999998 -0.00190001 0.000201109 0.00190007 0.999998 0.00887863 0.0323339 -0.208968
FixedParameters: 0 0 0

#Transform 33
Transform: AffineTransform_float_3_3
Parameters: 1 0.000261411 4.06737e-05 -0.000262266 0.999999 -0.00139379 -4.11518e-05 0.00139377 0.999999 0.0238142 -0.0352552 -0.185792
FixedParameters: 0 0 0

#Transform 34
Transform: AffineTransform_float_3_3
Parameters: 1 0.000343735 1.93021e-05 -0.000343429 0.999999 -0.00147574 -1.93466e-05 0.00147573 0.999999 0.0227485 -0.00190407 -0.19512
FixedParameters: 0 0 0

#Transform 35
Transform: AffineTransform_float_3_3
Parameters: 1 2.39293e-05 -6.73932e-05 -2.39765e-05 0.999997 -0.00217403 6.82601e-05 0.00217403 0.999997 0.029763 0.0715793 -0.266632
FixedParameters: 0 0 0

#Transform 36
Transform: AffineTransform_float_3_3
Parameters: 1 -3.78284e-05 -0.000303728 3.67094e-05 0.999999 -0.00183725 0.000303868 0.00183722 0.999999 0.0355721 0.0414202 -0.446319
FixedParameters: 0 0 0

#Transform 37
Transform: AffineTransform_float_3_3
Parameters: 1 -1.39543e-05 -0.000213171 1.282e-05 0.999997 -0.00264716 0.000213247 0.00264716 0.999997 0.0311017 0.0213827 -0.513566
FixedParameters: 0 0 0

#Transform 38
Transform: AffineTransform_float_3_3
Parameters: 1 -3.71659e-05 -0.000302622 3.60818e-05 0.999995 -0.00337725 0.000302628 0.00337722 0.999995 0.0370086 0.0359167 -0.533706
FixedParameters: 0 0 0

#Transform 39
Transform: AffineTransform_float_3_3
Parameters: 1 -6.61818e-05 -0.000413119 6.48499e-05 0.999996 -0.00307436 0.000414247 0.00307431 0.999995 0.039487 0.0220482 -0.55781
FixedParameters: 0 0 0

#Transform 40
Transform: AffineTransform_float_3_3
Parameters: 1 -3.745e-05 -0.000303096 3.57968e-05 0.999997 -0.00271725 0.000303301 0.00271722 0.999997 0.0482891 -0.000356302 -0.525712
FixedParameters: 0 0 0

#Transform 41
Transform: AffineTransform_float_3_3
Parameters: 1 3.63545e-05 0.000480021 -3.54328e-05 0.999998 -0.00197166 -0.000479909 0.00197163 0.999998 0.069256 0.022806 -0.44296
FixedParameters: 0 0 0

#Transform 42
Transform: AffineTransform_float_3_3
Parameters: 1 0.000177881 0.000517613 -0.000176384 0.999995 -0.00332261 -0.00051828 0.00332243 0.999995 0.0574229 -0.0076378 -0.476641
FixedParameters: 0 0 0

#Transform 43
Transform: AffineTransform_float_3_3
Parameters: 1 7.89628e-05 0.000141946 -7.91593e-05 0.999997 -0.00273586 -0.000142122 0.00273584 0.999996 0.0653628 -0.0364533 -0.463121
FixedParameters: 0 0 0

#Transform 44
Transform: AffineTransform_float_3_3
Parameters: 1 9.34601e-05 0.000196329 -9.3222e-05 0.999995 -0.00308682 -0.000196648 0.00308678 0.999995 0.0648308 0.0149166 -0.468996
FixedParameters: 0 0 0

#Transform 45
Transform: AffineTransform_float_3_3
Parameters: 1 -0.000471421 -0.000142376 0.000471169 0.999999 -0.00088151 0.000143207 0.000881375 0.999999 0.0812842 -0.00803516 -0.338051
FixedParameters: 0 0 0

#Transform 46
Transform: AffineTransform_float_3_3
Parameters: 1 0.000158618 -0.000505662 -0.000159748 0.999998 -0.00207415 0.000504754 0.00207431 0.999997 0.0463012 0.0727406 -0.43114
FixedParameters: 0 0 0

#Transform 47
Transform: AffineTransform_float_3_3
Parameters: 0.999999 0.000329963 -0.000708596 -0.000331469 0.999999 -0.00174501 0.000707194 0.00174547 0.999998 0.0329517 0.0408505 -0.462068
FixedParameters: 0 0 0

#Transform 48
Transform: AffineTransform_float_3_3
Parameters: 1 0.000399361 -0.000481801 -0.000400695 0.999998 -0.00164284 0.000481456 0.00164323 0.999998 0.0373557 -0.00532996 -0.445672
FixedParameters: 0 0 0

#Transform 49
Transform: AffineTransform_float_3_3
Parameters: 1 0.000399672 -0.000481454 -0.000400975 0.999996 -0.00287484 0.000480844 0.00287523 0.999996 0.0470576 0.0523786 -0.508745
FixedParameters: 0 0 0

#Transform 50
Transform: AffineTransform_float_3_3
Parameters: 0.999999 0.0007703 -0.000578487 -0.000772468 0.999993 -0.00357356 0.000576607 0.00357309 0.999993 0.0469749 -0.0215691 -0.170217
FixedParameters: 0 0 0

#Transform 51
Transform: AffineTransform_float_3_3
Parameters: 1 0.000584706 0.000231377 -0.000584845 0.999999 -0.00125161 -0.000231623 0.00125222 0.999999 0.0630065 -0.0695554 -0.114731
FixedParameters: 0 0 0

#Transform 52
Transform: AffineTransform_float_3_3
Parameters: 1 0.000571058 0.000171611 -0.000570357 0.999994 -0.00341056 -0.000173309 0.00341037 0.999994 0.0630702 0.0364839 -0.623018
FixedParameters: 0 0 0

#Transform 53
Transform: AffineTransform_float_3_3
Parameters: 1 0.000212416 -0.000210757 -0.000213721 0.999993 -0.00367195 0.00021017 0.00367204 0.999993 0.0575532 0.000384055 -0.644429
FixedParameters: 0 0 0

#Transform 54
Transform: AffineTransform_float_3_3
Parameters: 1 0.000675194 -0.000208211 -0.000676189 0.999994 -0.00359251 0.000205302 0.00359279 0.999994 0.064101 0.0394843 -0.700737
FixedParameters: 0 0 0

#Transform 55
Transform: AffineTransform_float_3_3
Parameters: 1 0.000456457 -0.000264718 -0.000457811 0.999996 -0.00302773 0.000262926 0.00302797 0.999996 0.0672463 -0.00293138 -0.68614
FixedParameters: 0 0 0

#Transform 56
Transform: AffineTransform_float_3_3
Parameters: 1 0.000421395 -0.000399836 -0.000423323 0.999991 -0.00424179 0.000397952 0.00424213 0.999991 0.0685299 0.0186657 -0.721749
FixedParameters: 0 0 0

#Transform 57
Transform: AffineTransform_float_3_3
Parameters: 1 0.000456949 -0.000263638 -0.000458563 0.999993 -0.00353472 0.000261379 0.00353496 0.999993 0.0738721 -0.0365786 -0.758163
FixedParameters: 0 0 0

#Transform 58
Transform: AffineTransform_float_3_3
Parameters: 0.999999 0.000331304 -0.000742392 -0.000334267 0.999993 -0.00363296 0.00074142 0.00363257 0.999993 0.0718499 0.0102747 -0.635489
FixedParameters: 0 0 0

#Transform 59
Transform: AffineTransform_float_3_3
Parameters: 1 6.15406e-05 0.000452969 -6.0794e-05 0.999997 -0.00216943 -0.000453948 0.00216986 0.999998 0.0678333 -0.0184952 -0.428078
FixedParameters: 0 0 0

#Transform 60
Transform: AffineTransform_float_3_3
Parameters: 1 5.4358e-05 -0.00114174 -5.92519e-05 0.99999 -0.00447643 0.00114193 0.00447704 0.99999 0.0774743 0.0735875 -0.815869
FixedParameters: 0 0 0

#Transform 61
Transform: AffineTransform_float_3_3
Parameters: 0.999997 0.000522204 -0.00212167 -0.000535953 0.999978 -0.00661733 0.00211822 0.00661879 0.999976 0.0778548 -0.188704 -0.952778
FixedParameters: 0 0 0

#Transform 62
Transform: AffineTransform_float_3_3
Parameters: 0.999997 0.0018615 -0.00192852 -0.00187429 0.999974 -0.00687741 0.00191584 0.00688148 0.999975 0.0160009 -0.0334877 -1.02234
FixedParameters: 0 0 0

#Transform 63
Transform: AffineTransform_float_3_3
Parameters: 0.999996 0.00186192 -0.00183089 -0.00187099 0.999985 -0.00515477 0.00182152 0.00515799 0.999985 0.0300537 -0.0327273 -0.920592
FixedParameters: 0 0 0

#Transform 64
Transform: AffineTransform_float_3_3
Parameters: 0.999996 0.00208626 -0.00196116 -0.00209585 0.999985 -0.004947 0.00195034 0.00495159 0.999986 0.0287898 -0.0382092 -1.02503
FixedParameters: 0 0 0

#Transform 65
Transform: AffineTransform_float_3_3
Parameters: 0.999995 0.00212841 -0.00209605 -0.00213854 0.999987 -0.00475464 0.00208563 0.00475909 0.999987 0.0135076 -0.0391436 -1.08162
FixedParameters: 0 0 0

#Transform 66
Transform: AffineTransform_float_3_3
Parameters: 0.999996 0.00176416 -0.00222756 -0.00177851 0.99998 -0.00618828 0.00221671 0.00619216 0.999979 0.00998157 -0.055377 -1.13704
FixedParameters: 0 0 0

#Transform 67
Transform: AffineTransform_float_3_3
Parameters: 0.999996 0.00173813 -0.00232926 -0.00175067 0.999984 -0.00547325 0.00232026 0.00547737 0.999983 0.0201366 -0.031046 -1.13113
FixedParameters: 0 0 0

#Transform 68
Transform: AffineTransform_float_3_3
Parameters: 0.999995 0.00189178 -0.00255978 -0.00190643 0.999981 -0.00582143 0.00254824 0.00582627 0.99998 0.0195545 -0.0172288 -1.06984
FixedParameters: 0 0 0

#Transform 69
Transform: AffineTransform_float_3_3
Parameters: 0.999996 0.00184699 -0.00211513 -0.0018616 0.999974 -0.0069294 0.0021022 0.00693275 0.999974 0.0213103 -0.0122802 -1.18247
FixedParameters: 0 0 0

#Transform 70
Transform: AffineTransform_float_3_3
Parameters: 0.999995 0.00161916 -0.00246139 -0.00163542 0.999978 -0.00633123 0.00245038 0.00633572 0.999977 0.0138522 -0.00224297 -1.10604
FixedParameters: 0 0 0

#Transform 71
Transform: AffineTransform_float_3_3
Parameters: 0.999994 0.00181801 -0.00270896 -0.00183683 0.999973 -0.00712625 0.0026954 0.00713175 0.999971 0.00582707 0.0143352 -1.12327
FixedParameters: 0 0 0

#Transform 72
Transform: AffineTransform_float_3_3
Parameters: 0.999994 0.00205972 -0.0030086 -0.00208194 0.999971 -0.00730913 0.00299443 0.00731494 0.999969 0.00584711 -0.00971869 -1.11614
FixedParameters: 0 0 0

#Transform 73
Transform: AffineTransform_float_3_3
Parameters: 0.999993 0.00195508 -0.00312807 -0.00197652 0.999974 -0.00697918 0.00311454 0.0069862 0.999971 0.00380874 -0.0153209 -1.12044
FixedParameters: 0 0 0

#Transform 74
Transform: AffineTransform_float_3_3
Parameters: 0.999992 0.00192266 -0.0036529 -0.0019467 0.999976 -0.00672952 0.00364001 0.00673662 0.99997 0.000481507 -0.0279759 -1.16965
FixedParameters: 0 0 0

#Transform 75
Transform: AffineTransform_float_3_3
Parameters: 0.999989 0.00178319 -0.00416509 -0.00180871 0.99998 -0.00613294 0.00415403 0.00614009 0.999972 0.00225927 0.0109972 -1.14352
FixedParameters: 0 0 0

#Transform 76
Transform: AffineTransform_float_3_3
Parameters: 0.999992 0.00196755 -0.00368654 -0.00199292 0.999976 -0.00671721 0.00367334 0.0067239 0.99997 -0.00219363 -0.0708465 -1.18212
FixedParameters: 0 0 0

#Transform 77
Transform: AffineTransform_float_3_3
Parameters: 0.999989 0.00206177 -0.00419007 -0.00209116 0.999974 -0.00691072 0.00417571 0.00691894 0.999967 -0.00274007 -0.00242881 -1.11849
FixedParameters: 0 0 0

#Transform 78
Transform: AffineTransform_float_3_3
Parameters: 0.999996 0.00179871 -0.00249773 -0.00181311 0.999982 -0.0057218 0.00248788 0.00572594 0.99998 0.0281251 -0.0515279 -0.580545
FixedParameters: 0 0 0

#Transform 79
Transform: AffineTransform_float_3_3
Parameters: 1 -0.000179392 -0.000160679 0.000178852 0.99999 -0.00462628 0.000162102 0.00462622 0.99999 0.172117 -0.0938272 -0.538717
FixedParameters: 0 0 0

#Transform 80
Transform: AffineTransform_float_3_3
Parameters: 1 0.000729066 -0.000959575 -0.000733319 0.999991 -0.0042516 0.000956492 0.00425164 0.99999 0.165267 0.0963035 -0.82471
FixedParameters: 0 0 0

#Transform 81
Transform: AffineTransform_float_3_3
Parameters: 0.999999 0.00115968 -0.00129754 -0.00116971 0.999967 -0.0079274 0.00128776 0.00792866 0.999968 0.11704 0.0149076 -1.05561
FixedParameters: 0 0 0

#Transform 82
Transform: AffineTransform_float_3_3
Parameters: 0.999999 0.00151684 -0.000159847 -0.00151742 0.999982 -0.00592124 0.000150869 0.00592075 0.999982 0.105148 -0.0419283 -1.00114
FixedParameters: 0 0 0

#Transform 83
Transform: AffineTransform_float_3_3
Parameters: 0.999999 0.000569391 -0.00130338 -0.000579576 0.999971 -0.00754666 0.00129953 0.00754728 0.999971 0.124581 -0.0117559 -1.17871
FixedParameters: 0 0 0

#Transform 84
Transform: AffineTransform_float_3_3
Parameters: 0.999998 0.00144659 -0.00091707 -0.00145482 0.999964 -0.00840466 0.000904319 0.00840546 0.999964 0.0869291 -0.0573264 -1.11782
FixedParameters: 0 0 0

#Transform 85
Transform: AffineTransform_float_3_3
Parameters: 0.999997 0.00178179 -0.00157585 -0.00179455 0.999965 -0.00818925 0.00156081 0.00819127 0.999965 0.0869575 0.00449148 -1.06707
FixedParameters: 0 0 0

#Transform 86
Transform: AffineTransform_float_3_3
Parameters: 0.999998 0.00170826 -0.0015759 -0.00172115 0.999965 -0.00822548 0.00156194 0.00822814 0.999964 0.0878477 0.0171401 -1.05246
FixedParameters: 0 0 0

#Transform 87
Transform: AffineTransform_float_3_3
Parameters: 0.999996 0.00159273 -0.00201715 -0.00160358 0.999981 -0.00584198 0.00200761 0.00584442 0.999981 0.0811759 -0.0107186 -0.868559
FixedParameters: 0 0 0

#Transform 88
Transform: AffineTransform_float_3_3
Parameters: 0.999994 0.0010386 -0.00327119 -0.00105111 0.999991 -0.00395601 0.00326671 0.00395991 0.999987 0.0101882 -0.0107694 -0.723385
FixedParameters: 0 0 0

#Transform 89
Transform: AffineTransform_float_3_3
Parameters: 0.999998 0.00160323 -0.00162618 -0.00160754 0.999995 -0.00260338 0.00162191 0.00260548 0.999995 -0.0172526 -0.000370862 -0.829559
FixedParameters: 0 0 0

#Transform 90
Transform: AffineTransform_float_3_3
Parameters: 0.999992 0.00167232 -0.00363618 -0.00168436 0.999993 -0.0032954 0.00363133 0.00330109 0.999988 2.99619e-05 0.11412 -0.984132
FixedParameters: 0 0 0

#Transform 91
Transform: AffineTransform_float_3_3
Parameters: 0.999997 0.000758294 -0.00252748 -0.000773072 0.999983 -0.0058098 0.0025231 0.00581152 0.99998 0.0365949 -0.297544 -0.566626
FixedParameters: 0 0 0

#Transform 92
Transform: AffineTransform_float_3_3
Parameters: 0.999998 0.00184526 -0.00042153 -0.00184529 0.999998 -3.46407e-05 0.000421399 3.52264e-05 1 0.0341874 -0.181371 -0.362371
FixedParameters: 0 0 0

#Transform 93
Transform: AffineTransform_float_3_3
Parameters: 0.999993 0.00331278 -0.00129037 -0.0033167 0.99999 -0.00286957 0.00128076 0.00287432 0.999995 -0.00631084 0.0451557 -0.557045
FixedParameters: 0 0 0

#Transform 94
Transform: AffineTransform_float_3_3
Parameters: 0.999992 0.00335801 -0.00183436 -0.0033655 0.999986 -0.00419908 0.00182061 0.00420448 0.999989 0.0103759 0.020711 -0.703296
FixedParameters: 0 0 0

#Transform 95
Transform: AffineTransform_float_3_3
Parameters: 0.999992 0.00352605 -0.00194502 -0.0035356 0.999982 -0.00493634 0.0019273 0.00494313 0.999986 0.022171 -0.0252936 -1.01022
FixedParameters: 0 0 0

#Transform 96
Transform: AffineTransform_float_3_3
Parameters: 0.999991 0.00370595 -0.00181883 -0.00371743 0.999976 -0.00589655 0.00179728 0.00590348 0.999981 0.0191075 -0.0164925 -1.01619
FixedParameters: 0 0 0

#Transform 97
Transform: AffineTransform_float_3_3
Parameters: 0.999991 0.00363401 -0.00209122 -0.00364562 0.999978 -0.00549955 0.00207097 0.00550694 0.999983 0.0339461 0.0103318 -0.988195
FixedParameters: 0 0 0

#Transform 98
Transform: AffineTransform_float_3_3
Parameters: 0.999998 0.00203143 -0.000368282 -0.00203352 0.999982 -0.0056545 0.000357185 0.00565501 0.999984 0.117037 -0.00268522 -0.924741
FixedParameters: 0 0 0

#Transform 99
Transform: AffineTransform_float_3_3
Parameters: 0.999996 0.00270193 -0.00144144 -0.00271215 0.999972 -0.00699496 0.0014217 0.00699903 0.999975 0.0793544 -0.0324078 -1.11593
FixedParameters: 0 0 0

#Transform 100
Transform: AffineTransform_float_3_3
Parameters: 0.999993 0.00306029 -0.00191014 -0.003075 0.999969 -0.00729342 0.00188787 0.00729867 0.999971 0.0508218 0.000270158 -1.06204
FixedParameters: 0 0 0

#Transform 101
Transform: AffineTransform_float_3_3
Parameters: 0.999991 0.00365014 -0.00248421 -0.00366908 0.999965 -0.00754728 0.00245623 0.00755672 0.999969 0.0444444 0.0325542 -1.01032
FixedParameters: 0 0 0

#Transform 102
Transform: AffineTransform_float_3_3
Parameters: 0.999989 0.003927 -0.00277821 -0.00394187 0.999977 -0.0055568 0.00275616 0.00556721 0.999981 0.0301688 -0.0762529 -0.927075
FixedParameters: 0 0 0

#Transform 103
Transform: AffineTransform_float_3_3
Parameters: 0.999989 0.00391296 -0.00261413 -0.00392931 0.999974 -0.00610544 0.00259012 0.00611536 0.999978 0.0267871 0.0528904 -0.86992
FixedParameters: 0 0 0

#Transform 104
Transform: AffineTransform_float_3_3
Parameters: 0.999996 0.00254825 -0.000264607 -0.00254957 0.999991 -0.00359844 0.000256449 0.00359919 0.999994 0.0514166 -0.0431334 -0.572771
FixedParameters: 0 0 0

#Transform 105
Transform: AffineTransform_float_3_3
Parameters: 0.999991 0.00377151 -0.00182631 -0.00378013 0.999981 -0.00480829 0.00180835 0.00481465 0.999987 0.0261351 0.0525446 -0.837557
FixedParameters: 0 0 0

#Transform 106
Transform: AffineTransform_float_3_3
Parameters: 0.999992 0.0035081 -0.00189855 -0.00351874 0.999979 -0.00548082 0.00187911 0.0054876 0.999983 0.0299124 0.0430038 -0.808969
FixedParameters: 0 0 0

#Transform 107
Transform: AffineTransform_float_3_3
Parameters: 0.999991 0.00342825 -0.00219982 -0.00344097 0.999978 -0.00570083 0.0021802 0.00570812 0.999981 0.0333549 0.247197 -0.863254
FixedParameters: 0 0 0

#Transform 108
Transform: AffineTransform_float_3_3
Parameters: 0.999994 0.00344505 0.000111485 -0.003443 0.999936 -0.0107482 -0.000148087 0.0107476 0.999942 0.116925 -0.2179 0.0633947
FixedParameters: 0 0 0

#Transform 109
Transform: AffineTransform_float_3_3
Parameters: 0.999984 -0.0017089 0.00543344 0.00178157 0.999908 -0.0134565 -0.00540973 0.0134666 0.999894 0.330845 -0.466936 1.80405
FixedParameters: 0 0 0

#Transform 110
Transform: AffineTransform_float_3_3
Parameters: 0.999983 -0.00105419 0.00584357 0.0011178 0.999941 -0.0108389 -0.00583154 0.0108447 0.999924 0.279692 -0.143889 2.25359
FixedParameters: 0 0 0

#Transform 111
Transform: AffineTransform_float_3_3
Parameters: 0.999982 -0.000977109 0.00603453 0.00103587 0.999951 -0.00978776 -0.00602421 0.00979351 0.999933 0.293289 0.00906088 2.20994
FixedParameters: 0 0 0

#Transform 112
Transform: AffineTransform_float_3_3
Parameters: 0.999982 -0.000145486 0.00610492 0.000193578 0.999969 -0.00787441 -0.00610424 0.00787552 0.99995 0.261843 -0.0526836 1.64502
FixedParameters: 0 0 0

#Transform 113
Transform: AffineTransform_float_3_3
Parameters: 0.999991 0.000885328 0.00420075 -0.000843428 0.99995 -0.00999988 -0.00420914 0.00999614 0.999941 0.20808 0.123482 0.915937
FixedParameters: 0 0 0

#Transform 114
Transform: AffineTransform_float_3_3
Parameters: 0.999986 0.000356093 0.00528952 -0.000340535 0.999996 -0.00282246 -0.00529088 0.00281984 0.999983 0.217286 -0.0134967 2.10807
FixedParameters: 0 0 0

#Transform 115
Transform: AffineTransform_float_3_3
Parameters: 0.999984 0.000487839 0.0056646 -0.000465275 0.999992 -0.00404548 -0.00566656 0.00404212 0.999976 0.168141 0.0855034 1.84068
FixedParameters: 0 0 0

#Transform 116
Transform: AffineTransform_float_3_3
Parameters: 0.999991 0.000581297 0.00402627 -0.00057106 0.999996 -0.00274509 -0.00402739 0.00274259 0.999988 0.136785 0.0992772 1.83908
FixedParameters: 0 0 0

#Transform 117
Transform: AffineTransform_float_3_3
Parameters: 0.999991 0.00108656 0.00409023 -0.00106244 0.999981 -0.00602363 -0.00409663 0.00601922 0.999973 0.0930035 0.0966555 1.55734
FixedParameters: 0 0 0

#Transform 118
Transform: AffineTransform_float_3_3
Parameters: 0.999989 0.00218179 0.00412287 -0.00216048 0.999985 -0.00510068 -0.00413342 0.00509152 0.999978 0.0426773 0.145895 1.73152
FixedParameters: 0 0 0

#Transform 119
Transform: AffineTransform_float_3_3
Parameters: 0.999989 0.00178625 0.00449422 -0.00176258 0.999985 -0.00524113 -0.00450363 0.00523314 0.999976 0.0634962 0.0156869 1.65055
FixedParameters: 0 0 0

#Transform 120
Transform: AffineTransform_float_3_3
Parameters: 0.999999 -0.00109031 0.0013007 0.00108742 0.999997 0.00214163 -0.00130296 -0.00214055 0.999997 0.0600918 0.000778865 0.616644
FixedParameters: 0 0 0

#Transform 121
Transform: AffineTransform_float_3_3
Parameters: 1 -0.000385373 0.000125537 0.000385581 0.999999 -0.000832149 -0.000124895 0.000832245 0.999999 0.0199882 -0.0795834 0.132172
FixedParameters: 0 0 0

#Transform 122
Transform: AffineTransform_float_3_3
Parameters: 0.999994 0.00267515 -0.00224652 -0.00268083 0.999993 -0.00262703 0.00224015 0.0026341 0.999994 -0.0504527 0.100447 -0.162424
FixedParameters: 0 0 0

#Transform 123
Transform: AffineTransform_float_3_3
Parameters: 0.999993 0.0028664 -0.00243289 -0.00287502 0.99999 -0.00338423 0.00242381 0.00339186 0.999991 -0.022687 0.0691664 -0.243255
FixedParameters: 0 0 0

#Transform 124
Transform: AffineTransform_float_3_3
Parameters: 0.999994 0.00295583 -0.00217672 -0.00296479 0.999988 -0.00397778 0.00216546 0.00398384 0.99999 -0.0036916 0.158428 -0.129183
FixedParameters: 0 0 0

#Transform 125
Transform: AffineTransform_float_3_3
Parameters: 0.999998 0.00154263 -0.000382459 -0.00154209 0.999998 0.00135022 0.000384687 -0.00134952 0.999999 0.0260685 -0.209579 0.497597
FixedParameters: 0 0 0

#Transform 126
Transform: AffineTransform_float_3_3
Parameters: 0.999999 0.00177367 9.50226e-05 -0.00177321 0.999996 -0.00219811 -9.86952e-05 0.00219816 0.999998 0.0616207 0.0800733 -0.0686498
FixedParameters: 0 0 0

#Transform 127
Transform: AffineTransform_float_3_3
Parameters: 0.999996 0.000451962 0.00260174 -0.000451844 1 -2.23459e-05 -0.00260176 2.1449e-05 0.999996 0.0696614 -0.142389 0.373432
FixedParameters: 0 0 0

#Transform 128
Transform: AffineTransform_float_3_3
Parameters: 0.999989 0.00372926 -0.00280791 -0.00375028 0.999964 -0.00765316 0.00277911 0.00766318 0.999967 -0.00459806 0.0991168 -0.592804
FixedParameters: 0 0 0

#Transform 129
Transform: AffineTransform_float_3_3
Parameters: 0.999992 0.00323369 -0.00236575 -0.00325333 0.999958 -0.00854049 0.0023381 0.00854896 0.999961 0.0127289 0.0279762 -0.706119
FixedParameters: 0 0 0

#Transform 130
Transform: AffineTransform_float_3_3
Parameters: 0.999989 0.00387228 -0.00288154 -0.00390075 0.999943 -0.00992541 0.0028425 0.00993679 0.999947 -0.0159746 0.0632074 -0.783077
FixedParameters: 0 0 0

#Transform 131
Transform: AffineTransform_float_3_3
Parameters: 0.999988 0.00397694 -0.00293769 -0.00400636 0.99994 -0.010193 0.00289708 0.0102041 0.999944 -0.0128936 0.0156348 -0.80608
FixedParameters: 0 0 0

#Transform 132
Transform: AffineTransform_float_3_3
Parameters: 0.999988 0.00411024 -0.00268943 -0.00413791 0.999941 -0.0100907 0.00264798 0.0101009 0.999945 -0.0162617 0.0493863 -0.8002
FixedParameters: 0 0 0

#Transform 133
Transform: AffineTransform_float_3_3
Parameters: 0.999998 0.00117042 -0.00201767 -0.00117859 0.999991 -0.00414002 0.00201297 0.004143 0.999989 -0.0618463 -0.0264566 -0.312115
FixedParameters: 0 0 0

#Transform 134
Transform: AffineTransform_float_3_3
Parameters: 0.999999 -0.000725366 -0.00137209 0.000717537 0.999983 -0.00582928 0.00137634 0.00582865 0.999982 -0.130512 0.0090252 -0.543298
FixedParameters: 0 0 0

#Transform 135
Transform: AffineTransform_float_3_3
Parameters: 0.999999 -0.000228302 -0.00144267 0.000223419 0.999996 -0.00303224 0.00144304 0.00303207 0.999995 -0.09395 -0.0474696 -0.212468
FixedParameters: 0 0 0

#Transform 136
Transform: AffineTransform_float_3_3
Parameters: 0.999998 0.000471515 -0.00162595 -0.000477841 0.999993 -0.00366369 0.00162414 0.00366484 0.999992 -0.0978481 0.015776 -0.385749
FixedParameters: 0 0 0

#Transform 137
Transform: AffineTransform_float_3_3
Parameters: 0.999998 0.00121622 -0.00152422 -0.00122104 0.999994 -0.00294616 0.00152113 0.00294812 0.999994 -0.107857 0.0602668 -0.453401
FixedParameters: 0 0 0

#Transform 138
Transform: AffineTransform_float_3_3
Parameters: 0.999997 0.00204855 -0.00172635 -0.00206142 0.999972 -0.00722443 0.00171114 0.0072279 0.999973 -0.142113 0.0624016 -0.916377
FixedParameters: 0 0 0

#Transform 139
Transform: AffineTransform_float_3_3
Parameters: 0.999996 0.00187684 -0.00183132 -0.0018941 0.999951 -0.00974778 0.00181364 0.00975194 0.99995 -0.15322 0.00635703 -0.976845
FixedParameters: 0 0 0

#Transform 140
Transform: AffineTransform_float_3_3
Parameters: 0.999996 0.00217404 -0.00183837 -0.0021975 0.999913 -0.0129729 0.00181068 0.0129764 0.999914 -0.164522 -0.0147538 -1.21531
FixedParameters: 0 0 0

#Transform 141
Transform: AffineTransform_float_3_3
Parameters: 0.999997 0.00215577 -0.00159671 -0.00217734 0.999908 -0.0133664 0.00156761 0.0133696 0.99991 -0.152035 0.0188725 -1.22251
FixedParameters: 0 0 0

#Transform 142
Transform: AffineTransform_float_3_3
Parameters: 0.999996 0.00227464 -0.00174205 -0.00229468 0.999929 -0.0116501 0.00171566 0.0116539 0.99993 -0.105064 -0.0393615 -1.08636
FixedParameters: 0 0 0

#Transform 143
Transform: AffineTransform_float_3_3
Parameters: 0.999995 0.00254593 -0.00156165 -0.00256106 0.99995 -0.00961777 0.00153769 0.00962161 0.999953 -0.0879139 0.0395476 -1.00729
FixedParameters: 0 0 0

#Transform 144
Transform: AffineTransform_float_3_3
Parameters: 0.999997 0.00246114 0.000366922 -0.00245937 0.999983 -0.00518147 -0.000380499 0.00518042 0.999987 -0.124664 0.0454036 -0.72184
FixedParameters: 0 0 0

#Transform 145
Transform: AffineTransform_float_3_3
Parameters: 0.999995 0.00273973 0.00144718 -0.00273528 0.999993 -0.00268729 -0.00145483 0.00268372 0.999995 -0.106578 -0.112992 -0.321256
FixedParameters: 0 0 0

#Transform 146
Transform: AffineTransform_float_3_3
Parameters: 0.999994 0.00313978 0.00137552 -0.00313625 0.999991 -0.0027487 -0.00138449 0.00274481 0.999995 -0.046954 -0.13614 0.0037914
FixedParameters: 0 0 0

#Transform 147
Transform: AffineTransform_float_3_3
Parameters: 0.999998 0.00168167 -0.00025411 -0.0016833 0.999955 -0.00935776 0.000238424 0.00935811 0.999956 0.0409104 0.0645005 -0.57553
FixedParameters: 0 0 0

#Transform 148
Transform: AffineTransform_float_3_3
Parameters: 0.999999 0.00130521 -0.000326237 -0.00130711 0.999981 -0.00601008 0.000318307 0.00601044 0.999982 0.0458737 -0.139133 0.231289
FixedParameters: 0 0 0

#Transform 149
Transform: AffineTransform_float_3_3
Parameters: 0.999994 0.00296991 -0.00211954 -0.00298084 0.999982 -0.00519293 0.00210334 0.00519958 0.999984 -0.0138901 -0.0210953 0.247344
FixedParameters: 0 0 0

#Transform 150
Transform: AffineTransform_float_3_3
Parameters: 0.999993 0.00316868 -0.00231704 -0.00318162 0.999979 -0.00561075 0.00229974 0.00561774 0.999982 -0.0150793 0.0370749 0.255771
FixedParameters: 0 0 0

#Transform 151
Transform: AffineTransform_float_3_3
Parameters: 0.999989 0.00408543 -0.00202231 -0.00409717 0.999973 -0.00603508 0.00199755 0.00604367 0.99998 0.0313336 -0.00013751 0.311475
FixedParameters: 0 0 0

#Transform 152
Transform: AffineTransform_float_3_3
Parameters: 0.99999 0.00429649 -0.00142056 -0.00430348 0.999977 -0.0052901 0.00139779 0.00529651 0.999985 0.0428258 -0.103008 0.366528
FixedParameters: 0 0 0

#Transform 153
Transform: AffineTransform_float_3_3
Parameters: 0.999992 0.00374989 -0.00175794 -0.00376097 0.999972 -0.00648262 0.00173414 0.00648924 0.999977 0.0543945 -0.0166611 0.413856
FixedParameters: 0 0 0

#Transform 154
Transform: AffineTransform_float_3_3
Parameters: 0.99999 0.00444534 -0.00130952 -0.00445037 0.999981 -0.00412944 0.0012909 0.0041348 0.99999 0.0847482 -0.0801456 0.428523
FixedParameters: 0 0 0

#Transform 155
Transform: AffineTransform_float_3_3
Parameters: 0.99999 0.00431872 -0.00168865 -0.00432517 0.999983 -0.00382825 0.00167245 0.0038357 0.999991 0.0682969 0.0264265 0.419507
FixedParameters: 0 0 0

#Transform 156
Transform: AffineTransform_float_3_3
Parameters: 0.99999 0.00437363 -0.00148048 -0.00438037 0.999979 -0.00481565 0.0014591 0.00482193 0.999988 0.0670811 -0.0253791 0.430161
FixedParameters: 0 0 0

#Transform 157
Transform: AffineTransform_float_3_3
Parameters: 0.99999 0.00437297 -0.00148374 -0.00438133 0.999974 -0.00569795 0.00145851 0.00570463 0.999982 0.0717927 -0.0465389 0.474316
FixedParameters: 0 0 0

#Transform 158
Transform: AffineTransform_float_3_3
Parameters: 0.999989 0.00434414 -0.00135064 -0.00435221 0.999973 -0.0058915 0.00132529 0.00589694 0.999981 0.0594623 -0.0341125 0.447257
FixedParameters: 0 0 0

#Transform 159
Transform: AffineTransform_float_3_3
Parameters: 0.99999 0.00445425 -0.00117602 -0.0044605 0.999976 -0.005359 0.00115243 0.00536405 0.999985 0.0605141 -0.0224156 0.350901
FixedParameters: 0 0 0

#Transform 160
Transform: AffineTransform_float_3_3
Parameters: 0.99999 0.00437271 -0.00148504 -0.00438161 0.999972 -0.00604889 0.00145868 0.0060547 0.99998 0.0620728 0.0029559 0.310918
FixedParameters: 0 0 0

#Transform 161
Transform: AffineTransform_float_3_3
Parameters: 0.999992 0.00388053 -0.000834177 -0.00388576 0.99997 -0.00669252 0.000808601 0.00669591 0.999977 0.0846538 -0.0128741 0.618896
FixedParameters: 0 0 0

#Transform 162
Transform: AffineTransform_float_3_3
Parameters: 0.999993 0.0034327 -0.00147183 -0.00344297 0.999968 -0.00714578 0.00144785 0.00715117 0.999974 0.113305 -0.0282714 0.494746
FixedParameters: 0 0 0

#Transform 163
Transform: AffineTransform_float_3_3
Parameters: 0.999995 0.00297136 -0.000341783 -0.00297291 0.999975 -0.00654216 0.000321811 0.00654395 0.999979 0.114832 -0.0481612 0.661883
FixedParameters: 0 0 0

#Transform 164
Transform: AffineTransform_float_3_3
Parameters: 0.999994 0.00348927 -0.000477996 -0.00349162 0.999975 -0.0060437 0.000456647 0.00604581 0.999981 0.102456 0.0588507 0.711713
FixedParameters: 0 0 0

#Transform 165
Transform: AffineTransform_float_3_3
Parameters: 0.999993 0.00369727 -0.000414929 -0.0036995 0.999975 -0.00595064 0.000392973 0.00595248 0.999982 0.108311 0.030048 0.538783
FixedParameters: 0 0 0

#Transform 166
Transform: AffineTransform_float_3_3
Parameters: 0.999993 0.00373248 -0.000139893 -0.00373258 0.999978 -0.00563775 0.000119152 0.00563796 0.999984 0.114314 -0.0642504 0.498393
FixedParameters: 0 0 0

#Transform 167
Transform: AffineTransform_float_3_3
Parameters: 0.999994 0.00343686 -0.000617576 -0.00344106 0.999975 -0.00617632 0.00059594 0.00617847 0.999981 0.112598 -0.0426805 0.524066
FixedParameters: 0 0 0

#Transform 168
Transform: AffineTransform_float_3_3
Parameters: 0.999994 0.00347033 -0.000493559 -0.00347378 0.999971 -0.00676369 0.000470595 0.00676589 0.999977 0.131473 -0.0182934 0.502924
FixedParameters: 0 0 0

#Transform 169
Transform: AffineTransform_float_3_3
Parameters: 0.999995 0.00312998 0.000313563 -0.00312699 0.99996 -0.00840066 -0.000339621 0.00839932 0.999965 0.131506 -0.0217123 0.596401
FixedParameters: 0 0 0

#Transform 170
Transform: AffineTransform_float_3_3
Parameters: 0.999995 0.000115745 0.00339084 -8.17785e-05 0.999951 -0.00987854 -0.00339245 0.0098777 0.999945 0.153895 -0.174318 1.36436
FixedParameters: 0 0 0

#Transform 171
Transform: AffineTransform_float_3_3
Parameters: 0.999991 0.00126764 0.00409091 -0.00125568 0.999995 -0.00308833 -0.00409422 0.00308326 0.999987 0.0697847 -0.0607268 0.761381
FixedParameters: 0 0 0

#Transform 172
Transform: AffineTransform_float_3_3
Parameters: 0.999998 0.00185266 0.00040773 -0.00185153 0.99999 -0.00395149 -0.000414581 0.00395124 0.999992 0.110304 -0.170185 0.507035
FixedParameters: 0 0 0

#Transform 173
Transform: AffineTransform_float_3_3
Parameters: 0.999998 0.00141331 0.000725371 -0.00140852 0.999984 -0.00541262 -0.000732596 0.00541232 0.999985 0.138353 0.0148098 0.130271
FixedParameters: 0 0 0

#Transform 174
Transform: AffineTransform_float_3_3
Parameters: 0.999997 0.00214111 0.000405044 -0.00213929 0.999985 -0.00507864 -0.000415832 0.00507767 0.999987 0.0762599 -0.0642317 0.248252
FixedParameters: 0 0 0

#Transform 175
Transform: AffineTransform_float_3_3
Parameters: 0.999997 0.00268134 0.00012752 -0.00268074 0.999992 -0.00297715 -0.000136204 0.00297674 0.999996 0.117288 -0.142797 0.653505
FixedParameters: 0 0 0

#Transform 176
Transform: AffineTransform_float_3_3
Parameters: 0.99998 0.000268126 0.00623559 -0.000224327 0.999976 -0.00695323 -0.00623718 0.00695192 0.999957 0.209657 -0.135232 0.598832
FixedParameters: 0 0 0

#Transform 177
Transform: AffineTransform_float_3_3
Parameters: 0.999991 0.00210972 0.00350527 -0.00208546 0.999973 -0.00689598 -0.00351965 0.00688816 0.99997 0.124049 0.187853 0.0382937
FixedParameters: 0 0 0

#Transform 178
Transform: AffineTransform_float_3_3
Parameters: 0.999995 0.00244625 0.00233585 -0.00243305 0.999982 -0.00538791 -0.00234867 0.00538233 0.999983 0.102131 -0.00739667 0.133756
FixedParameters: 0 0 0

#Transform 179
Transform: AffineTransform_float_3_3
Parameters: 0.999994 0.00238579 0.00223885 -0.00236831 0.999966 -0.00790983 -0.0022583 0.00790363 0.999966 0.0763281 0.0412049 -0.232723
FixedParameters: 0 0 0

#Transform 180
Transform: AffineTransform_float_3_3
Parameters: 0.999995 0.00286381 0.00131631 -0.00285345 0.999965 -0.00786728 -0.00133787 0.00786273 0.999968 0.0583713 0.0290373 -0.267316
FixedParameters: 0 0 0

#Transform 181
Transform: AffineTransform_float_3_3
Parameters: 0.999995 0.00291456 0.00130234 -0.00290351 0.999963 -0.00811534 -0.00132517 0.00811161 0.999966 0.0754189 0.043432 -0.272252
FixedParameters: 0 0 0

#Transform 182
Transform: AffineTransform_float_3_3
Parameters: 0.999995 0.00307706 0.00125962 -0.0030667 0.999965 -0.00773033 -0.00128298 0.00772643 0.999969 0.0520025 0.0185208 -0.217095
FixedParameters: 0 0 0

#Transform 183
Transform: AffineTransform_float_3_3
Parameters: 0.999993 0.0035321 0.00113698 -0.00352217 0.99996 -0.00823385 -0.00116583 0.00823042 0.999965 0.0457794 0.0715055 -0.234242
FixedParameters: 0 0 0

#Transform 184
Transform: AffineTransform_float_3_3
Parameters: 0.999993 0.00352462 0.000686777 -0.00351904 0.999967 -0.00732868 -0.000712371 0.00732621 0.999973 0.0713699 -0.0306734 -0.211908
FixedParameters: 0 0 0

#Transform 185
Transform: AffineTransform_float_3_3
Parameters: 0.999994 0.00326371 0.000563079 -0.00325965 0.999968 -0.00719406 -0.000586171 0.00719238 0.999974 0.0571148 0.0729195 -0.219946
FixedParameters: 0 0 0

#Transform 186
Transform: AffineTransform_float_3_3
Parameters: 0.999993 0.00348943 0.000584571 -0.00348743 0.999988 -0.00346938 -0.000596871 0.0034677 0.999994 0.0557666 0.118244 -0.325232
FixedParameters: 0 0 0

#Transform 187
Transform: AffineTransform_float_3_3
Parameters: 0.999991 0.00415115 -0.00086862 -0.00415521 0.999981 -0.00455921 0.000849383 0.00456286 0.999989 0.0730911 0.0676457 -0.52771
FixedParameters: 0 0 0

#Transform 188
Transform: AffineTransform_float_3_3
Parameters: 0.999997 0.00208071 -0.00118869 -0.00208023 0.999998 0.00081977 0.00119041 -0.000816664 0.999999 0.124042 -0.378032 -0.160672
