#Insight Transform File V1.0
#Transform 0
Transform: AffineTransform_float_3_3
Parameters: 0.999999 -0.00125559 0.000225976 0.00125446 0.999981 0.0061196 -0.000234545 -0.00611951 0.999982 0.0300986 -0.0405 0.50637
FixedParameters: 0 0 0

#Transform 1
Transform: AffineTransform_float_3_3
Parameters: 0.999998 -0.00170433 0.000857 0.00169996 0.999989 0.00446982 -0.000863806 -0.0044679 0.999989 0.0531607 -0.00560054 0.494426
FixedParameters: 0 0 0

#Transform 2
Transform: AffineTransform_float_3_3
Parameters: 0.999996 -0.00251353 0.000436254 0.00251176 0.999989 0.00392612 -0.000446068 -0.00392544 0.999993 0.0651811 -0.00540239 0.432121
FixedParameters: 0 0 0

#Transform 3
Transform: AffineTransform_float_3_3
Parameters: 0.999998 -0.00189618 -0.000567316 0.00189834 0.999989 0.00431983 0.00056001 -0.00432075 0.999991 0.0382843 -0.0619435 0.443189
FixedParameters: 0 0 0

#Transform 4
Transform: AffineTransform_float_3_3
Parameters: 0.999999 -0.00151975 3.14232e-05 0.00151962 0.999994 0.00302657 -3.64853e-05 -0.00302697 0.999996 0.0575834 -0.0435518 0.372041
FixedParameters: 0 0 0

#Transform 5
Transform: AffineTransform_float_3_3
Parameters: 0.999999 -0.00176265 9.60795e-05 0.00176227 0.999996 0.00245835 -0.00010062 -0.00245819 0.999997 0.0513597 0.0238463 0.346864
FixedParameters: 0 0 0

#Transform 6
Transform: AffineTransform_float_3_3
Parameters: 0.999998 -0.0019257 -0.000126028 0.00192574 0.999995 0.00249015 0.000121793 -0.00248996 0.999996 0.0642627 -0.0501278 0.301962
FixedParameters: 0 0 0

#Transform 7
Transform: AffineTransform_float_3_3
Parameters: 0.999998 -0.00159278 -0.000225629 0.00159354 0.999994 0.00305337 0.000221273 -0.00305458 0.999996 0.0506321 -0.0368043 0.294225
FixedParameters: 0 0 0

#Transform 8
Transform: AffineTransform_float_3_3
Parameters: 0.999998 -0.00209775 0.000157721 0.00209716 0.999996 0.00217508 -0.00016272 -0.00217513 0.999997 0.0665096 0.052425 0.23003
FixedParameters: 0 0 0

#Transform 9
Transform: AffineTransform_float_3_3
Parameters: 0.999998 -0.0020809 0.000217551 0.00208022 0.999996 0.00181487 -0.00022098 -0.00181415 0.999999 0.0659963 -0.00456517 0.234561
FixedParameters: 0 0 0

#Transform 10
Transform: AffineTransform_float_3_3
Parameters: 0.999999 -0.00184978 5.78211e-05 0.00185035 0.999997 0.00194795 -6.21398e-05 -0.00194877 0.999998 0.0670636 -0.00555128 0.240481
FixedParameters: 0 0 0

#Transform 11
Transform: AffineTransform_float_3_3
Parameters: 0.999997 -0.00215698 -4.63777e-05 0.00215664 0.999998 0.000977373 4.43523e-05 -0.000976921 1 0.0641037 0.0326932 0.166231
FixedParameters: 0 0 0

#Transform 12
Transform: AffineTransform_float_3_3
Parameters: 0.999998 -0.00160364 0.000141614 0.00160408 0.999998 0.00132919 -0.000142996 -0.0013284 0.999999 0.054692 0.0477605 0.162274
FixedParameters: 0 0 0

#Transform 13
Transform: AffineTransform_float_3_3
Parameters: 1 -0.00117339 0.000155526 0.0011734 0.999999 0.000858004 -0.000156578 -0.000858163 0.999999 0.0354277 0.0610693 0.145226
FixedParameters: 0 0 0

#Transform 14
Transform: AffineTransform_float_3_3
Parameters: 1 -0.00119763 7.06564e-05 0.00119777 0.999999 0.00101859 -7.21351e-05 -0.00101841 1 0.0466767 -0.0475712 0.125511
FixedParameters: 0 0 0

#Transform 15
Transform: AffineTransform_float_3_3
Parameters: 1 -0.00108586 0.000461025 0.0010854 0.999999 0.00050444 -0.00046212 -0.000503969 1 0.0434347 0.0296107 0.123618
FixedParameters: 0 0 0

#Transform 16
Transform: AffineTransform_float_3_3
Parameters: 0.999999 -0.000948524 0.000218237 0.00094832 1 0.000436796 -0.000219062 -0.000436913 1 0.0339676 0.00407002 0.0993233
FixedParameters: 0 0 0

#Transform 17
Transform: AffineTransform_float_3_3
Parameters: 1 -0.00106868 3.08739e-05 0.0010689 0.999999 0.000855218 -3.17411e-05 -0.000855677 0.999999 0.0209606 -0.031616 0.099627
FixedParameters: 0 0 0

#Transform 18
Transform: AffineTransform_float_3_3
Parameters: 1 -0.000286312 -0.000189271 0.000286422 1 0.000290249 0.000189105 -0.000290357 1 0.0165749 0.0460188 0.103487
FixedParameters: 0 0 0

#Transform 19
Transform: AffineTransform_float_3_3
Parameters: 1 -0.000439976 -0.000144558 0.000440037 1 0.000211273 0.000144372 -0.0002114 1 0.0174095 -0.0428664 0.0558433
FixedParameters: 0 0 0

#Transform 20
Transform: AffineTransform_float_3_3
Parameters: 1 -0.000203287 -0.000211316 0.000203303 1 3.72486e-05 0.000211301 -3.73346e-05 1 0.0163723 0.024904 0.0152316
FixedParameters: 0 0 0

#Transform 21
Transform: AffineTransform_float_3_3
Parameters: 1 -0.000285762 -0.000186736 0.00028573 1 -8.3742e-05 0.000186784 8.36353e-05 1 0.0163387 0.0606171 0.010309
FixedParameters: 0 0 0

#Transform 22
Transform: AffineTransform_float_3_3
Parameters: 1 -0.000285851 -0.00018715 0.000285843 1 -2.27435e-05 0.000187163 2.26365e-05 1 0.0168914 -0.0231299 0.000189183
FixedParameters: 0 0 0

#Transform 23
Transform: AffineTransform_float_3_3
Parameters: 1 -0.000288097 -0.000195635 0.000288245 1 0.000378204 0.000195417 -0.000378317 1 0.0170346 -0.0244584 0.0205597
FixedParameters: 0 0 0

#Transform 24
Transform: AffineTransform_float_3_3
Parameters: 1 0.000347351 -0.000422641 -0.000347724 0.999999 -0.000768035 0.000423068 0.000768335 0.999999 0.00198179 0.0345419 -0.00834315
FixedParameters: 0 0 0

#Transform 25
Transform: AffineTransform_float_3_3
Parameters: 1 -0.000320755 -0.000308241 0.000320654 1 -0.000164636 0.000308347 0.000164439 1 0.0190182 -0.0165021 -0.0487186
FixedParameters: 0 0 0

#Transform 26
Transform: AffineTransform_float_3_3
Parameters: 1 0.000214471 -0.000186467 -0.000214893 1 -0.00109584 0.000186 0.00109592 1 0.0130932 0.0380049 -0.187781
FixedParameters: 0 0 0

#Transform 27
Transform: AffineTransform_float_3_3
Parameters: 1 0.000148887 -0.000229193 -0.00014932 0.999998 -0.00152116 0.00022971 0.00152039 0.999999 0.0145955 -0.0118189 -0.207636
FixedParameters: 0 0 0

#Transform 28
Transform: AffineTransform_float_3_3
Parameters: 1 0.000220762 -0.000164348 -0.000221236 0.999999 -0.00140569 0.00016373 0.00140577 0.999999 0.0130218 -0.0174374 -0.220005
FixedParameters: 0 0 0

#Transform 29
Transform: AffineTransform_float_3_3
Parameters: 1 0.0001529 -0.000397551 -0.000154414 0.999998 -0.00220231 0.000397845 0.00220244 0.999998 0.0171957 0.00785884 -0.249239
FixedParameters: 0 0 0

#Transform 30
Transform: AffineTransform_float_3_3
Parameters: 1 7.11873e-05 -7.01727e-05 -7.12983e-05 0.999999 -0.000791349 7.00599e-05 0.000791359 0.999999 0.0127628 -0.0620946 -0.191824
FixedParameters: 0 0 0

#Transform 31
Transform: AffineTransform_float_3_3
Parameters: 1 0.000534892 -0.000291594 -0.000534294 1 -0.00107487 0.000291133 0.00107519 1 0.0128032 -0.00236245 -0.232487
FixedParameters: 0 0 0

#Transform 32
Transform: AffineTransform_float_3_3
Parameters: 0.999999 0.000622616 -0.000549201 -0.000623107 0.999999 -0.00155148 0.00054796 0.00155164 0.999998 0.00572885 0.0129441 -0.288625
FixedParameters: 0 0 0

#Transform 33
Transform: AffineTransform_float_3_3
Parameters: 0.999999 0.000725164 -0.000451042 -0.000725118 0.999999 -0.0010036 0.000449321 0.00100288 0.999999 -0.0102261 -0.000865014 -0.290159
FixedParameters: 0 0 0

#Transform 34
Transform: AffineTransform_float_3_3
Parameters: 1 0.00063359 -0.000766043 -0.000635195 0.999998 -0.00184847 0.000764385 0.00184944 0.999998 0.0027017 0.0199289 -0.363571
FixedParameters: 0 0 0

#Transform 35
Transform: AffineTransform_float_3_3
Parameters: 1 0.000660707 -0.00067407 -0.000661017 0.999999 -0.00114786 0.000673238 0.00114875 0.999999 -0.0124376 -0.0345853 -0.368031
FixedParameters: 0 0 0

#Transform 36
Transform: AffineTransform_float_3_3
Parameters: 1 0.00040009 -0.00101131 -0.000401801 0.999998 -0.00192846 0.00101018 0.00192842 0.999998 -0.00814355 -0.0176922 -0.500208
FixedParameters: 0 0 0

#Transform 37
Transform: AffineTransform_float_3_3
Parameters: 0.999999 0.000293037 -0.000975296 -0.000296174 0.999996 -0.00271154 0.000974127 0.00271126 0.999996 -0.00379678 -0.0119887 -0.542371
FixedParameters: 0 0 0

#Transform 38
Transform: AffineTransform_float_3_3
Parameters: 1 0.000558809 -0.0010453 -0.000563307 0.999992 -0.00388827 0.00104302 0.0038886 0.999992 -0.0131023 0.010403 -0.551589
FixedParameters: 0 0 0

#Transform 39
Transform: AffineTransform_float_3_3
Parameters: 0.999998 0.00105293 -0.0016092 -0.00105969 0.999993 -0.0037059 0.0016051 0.00370762 0.999992 -0.0353773 -0.0482922 -0.566903
FixedParameters: 0 0 0

#Transform 40
Transform: AffineTransform_float_3_3
Parameters: 0.999999 0.00117029 -0.00131251 -0.00117543 0.999991 -0.00402603 0.00130776 0.00402827 0.999991 -0.038729 0.0118839 -0.634913
FixedParameters: 0 0 0

#Transform 41
Transform: AffineTransform_float_3_3
Parameters: 0.999998 0.00117198 -0.00121545 -0.00117847 0.999984 -0.00548879 0.00120891 0.00549029 0.999984 -0.0339335 0.0512353 -0.656844
FixedParameters: 0 0 0

#Transform 42
Transform: AffineTransform_float_3_3
Parameters: 0.999998 0.00148059 -0.00131141 -0.00148625 0.999989 -0.00443328 0.00130488 0.00443497 0.999989 -0.0481456 -0.0194472 -0.662191
FixedParameters: 0 0 0

#Transform 43
Transform: AffineTransform_float_3_3
Parameters: 0.999998 0.00191399 -0.00123133 -0.00192043 0.999986 -0.00497697 0.00122203 0.00497982 0.999987 -0.0439221 0.00382718 -0.704891
FixedParameters: 0 0 0

#Transform 44
Transform: AffineTransform_float_3_3
Parameters: 0.999998 0.00176696 -0.00138906 -0.0017748 0.999982 -0.00569481 0.0013791 0.00569754 0.999983 -0.0503045 0.0237896 -0.751373
FixedParameters: 0 0 0

#Transform 45
Transform: AffineTransform_float_3_3
Parameters: 0.999998 0.00188516 -0.00137578 -0.00189224 0.999985 -0.00503764 0.00136627 0.00504011 0.999986 -0.05642 -0.0420247 -0.771448
FixedParameters: 0 0 0

#Transform 46
Transform: AffineTransform_float_3_3
Parameters: 0.999997 0.00181744 -0.00111167 -0.00182352 0.999984 -0.00534269 0.00110201 0.00534487 0.999985 -0.0636991 -0.0246708 -0.763506
FixedParameters: 0 0 0

#Transform 47
Transform: AffineTransform_float_3_3
Parameters: 0.999998 0.00178018 -0.00149306 -0.00178936 0.999977 -0.00655754 0.00148125 0.00656014 0.999977 -0.0533355 -0.0280522 -0.830705
FixedParameters: 0 0 0

#Transform 48
Transform: AffineTransform_float_3_3
Parameters: 0.999998 0.00161752 -0.00164863 -0.00162726 0.999981 -0.00587445 0.00163827 0.00587676 0.999982 -0.0560065 -0.0421099 -0.837006
FixedParameters: 0 0 0

#Transform 49
Transform: AffineTransform_float_3_3
Parameters: 0.999996 0.0019752 -0.00198588 -0.00198979 0.999969 -0.00759299 0.0019711 0.00759646 0.99997 -0.0651502 -0.0174672 -0.917676
FixedParameters: 0 0 0

#Transform 50
Transform: AffineTransform_float_3_3
Parameters: 0.999996 0.00194968 -0.00207218 -0.00196489 0.999969 -0.00759348 0.00205655 0.00759717 0.999969 -0.0604347 -0.026034 -0.948593
FixedParameters: 0 0 0

#Transform 51
Transform: AffineTransform_float_3_3
Parameters: 0.999995 0.00221384 -0.00192439 -0.00222947 0.999965 -0.00799885 0.00190639 0.008003 0.999967 -0.0826421 -0.00567049 -0.987094
FixedParameters: 0 0 0

#Transform 52
Transform: AffineTransform_float_3_3
Parameters: 0.999996 0.00192791 -0.00194054 -0.0019456 0.999957 -0.00900471 0.00192363 0.00900836 0.999958 -0.0593839 -0.050667 -1.04588
FixedParameters: 0 0 0

#Transform 53
Transform: AffineTransform_float_3_3
Parameters: 0.999996 0.00201984 -0.00199816 -0.00203519 0.999965 -0.00804196 0.00198157 0.0080465 0.999965 -0.0726484 -0.00488966 -0.987917
FixedParameters: 0 0 0

#Transform 54
Transform: AffineTransform_float_3_3
Parameters: 0.999995 0.00211172 -0.0022353 -0.00213306 0.999953 -0.00945951 0.0022152 0.00946375 0.999953 -0.0557149 -0.045364 -1.06
FixedParameters: 0 0 0

#Transform 55
Transform: AffineTransform_float_3_3
Parameters: 0.999995 0.00230866 -0.00211683 -0.00232717 0.999958 -0.00888058 0.00209623 0.00888546 0.999958 -0.0671769 -0.038082 -1.04623
FixedParameters: 0 0 0

#Transform 56
Transform: AffineTransform_float_3_3
Parameters: 0.999995 0.00222173 -0.00224428 -0.0022419 0.999957 -0.00889811 0.0022239 0.00890288 0.999958 -0.0775222 -0.00728989 -1.06964
FixedParameters: 0 0 0

#Transform 57
Transform: AffineTransform_float_3_3
Parameters: 0.999995 0.00247318 -0.00203616 -0.00249044 0.999962 -0.0083959 0.00201464 0.00840054 0.999963 -0.0822597 -0.0759679 -1.01666
FixedParameters: 0 0 0

#Transform 58
Transform: AffineTransform_float_3_3
Parameters: 0.999996 0.0023287 -0.00199224 -0.00234552 0.999962 -0.00840098 0.00197217 0.00840536 0.999963 -0.0821268 -0.0399556 -0.982051
FixedParameters: 0 0 0

#Transform 59
Transform: AffineTransform_float_3_3
Parameters: 0.999995 0.00237756 -0.00212954 -0.00239575 0.999961 -0.00846937 0.00210899 0.0084746 0.999962 -0.0804225 0.000147075 -0.977123
FixedParameters: 0 0 0

#Transform 60
Transform: AffineTransform_float_3_3
Parameters: 0.999994 0.00221889 -0.00256869 -0.00223646 0.999972 -0.00713141 0.00255333 0.00713675 0.999971 -0.0722504 -0.0142367 -0.942373
FixedParameters: 0 0 0

#Transform 61
Transform: AffineTransform_float_3_3
Parameters: 0.999994 0.00225725 -0.00238121 -0.00227717 0.999963 -0.00834081 0.00236272 0.00834583 0.999962 -0.0755728 -0.00140404 -0.974092
FixedParameters: 0 0 0

#Transform 62
Transform: AffineTransform_float_3_3
Parameters: 0.999993 0.002447 -0.00257008 -0.00246722 0.999965 -0.0080318 0.00255061 0.00803865 0.999964 -0.0736171 -0.0419357 -0.962071
FixedParameters: 0 0 0

#Transform 63
Transform: AffineTransform_float_3_3
Parameters: 0.999994 0.00200546 -0.00253885 -0.00202471 0.999969 -0.00767027 0.00252313 0.00767524 0.999967 -0.0555842 -0.00267891 -0.972301
FixedParameters: 0 0 0

#Transform 64
Transform: AffineTransform_float_3_3
Parameters: 0.999995 0.00205538 -0.00256465 -0.00207767 0.999961 -0.0085261 0.00254724 0.0085306 0.99996 -0.0708845 -0.041601 -0.982084
FixedParameters: 0 0 0

#Transform 65
Transform: AffineTransform_float_3_3
Parameters: 0.999994 0.00213417 -0.00270863 -0.00215551 0.999967 -0.00785339 0.00269179 0.0078589 0.999966 -0.0625688 -0.00884362 -0.980066
FixedParameters: 0 0 0

#Transform 66
Transform: AffineTransform_float_3_3
Parameters: 0.999994 0.00227435 -0.00257266 -0.00229598 0.999962 -0.00842647 0.00255293 0.00843159 0.999961 -0.0748692 0.0107825 -0.971604
FixedParameters: 0 0 0

#Transform 67
Transform: AffineTransform_float_3_3
Parameters: 0.999993 0.00258191 -0.00267631 -0.00260587 0.999958 -0.00874356 0.00265358 0.00875081 0.999958 -0.0809096 -0.0122164 -0.99299
FixedParameters: 0 0 0

#Transform 68
Transform: AffineTransform_float_3_3
Parameters: 0.999993 0.00236892 -0.00264435 -0.00239003 0.999966 -0.00792536 0.00262568 0.00793131 0.999965 -0.0717105 -0.0683421 -0.973333
FixedParameters: 0 0 0

#Transform 69
Transform: AffineTransform_float_3_3
Parameters: 0.999994 0.00240575 -0.00251238 -0.00242852 0.999956 -0.00901274 0.00249049 0.00901911 0.999956 -0.074292 0.00298094 -1.00469
FixedParameters: 0 0 0

#Transform 70
Transform: AffineTransform_float_3_3
Parameters: 0.999993 0.00230089 -0.00286512 -0.00232714 0.999957 -0.00901431 0.00284425 0.00902147 0.999955 -0.0514196 -0.0428319 -1.01808
FixedParameters: 0 0 0

#Transform 71
Transform: AffineTransform_float_3_3
Parameters: 0.999993 0.00235219 -0.00269894 -0.00237429 0.999964 -0.00817265 0.00268005 0.00817878 0.999963 -0.0581124 -0.0134213 -1.01493
FixedParameters: 0 0 0

#Transform 72
Transform: AffineTransform_float_3_3
Parameters: 0.999993 0.00235538 -0.00268232 -0.00237989 0.999957 -0.00894538 0.00266136 0.00895284 0.999956 -0.0585506 -0.0128356 -1.03483
FixedParameters: 0 0 0

#Transform 73
Transform: AffineTransform_float_3_3
Parameters: 0.999993 0.00265848 -0.00266283 -0.00268184 0.999956 -0.00895618 0.00263928 0.00896377 0.999956 -0.0672456 -0.0876478 -1.04686
FixedParameters: 0 0 0

#Transform 74
Transform: AffineTransform_float_3_3
Parameters: 0.999993 0.00250399 -0.00272937 -0.00252943 0.999957 -0.00901338 0.00270637 0.00901995 0.999955 -0.0632469 -0.0163721 -1.08647
FixedParameters: 0 0 0

#Transform 75
Transform: AffineTransform_float_3_3
Parameters: 0.999992 0.00238078 -0.00312928 -0.00240992 0.999953 -0.00945814 0.00310662 0.00946481 0.99995 -0.0639886 -0.0113062 -1.10808
FixedParameters: 0 0 0

#Transform 76
Transform: AffineTransform_float_3_3
Parameters: 0.999993 0.00229257 -0.00290044 -0.00231706 0.999965 -0.00813676 0.00288143 0.00814349 0.999962 -0.0670471 -0.0502398 -1.07513
FixedParameters: 0 0 0

#Transform 77
Transform: AffineTransform_float_3_3
Parameters: 0.999994 0.00233256 -0.00275683 -0.00235784 0.999954 -0.00924065 0.00273531 0.00924663 0.999954 -0.0695535 -0.0320573 -1.08228
FixedParameters: 0 0 0

#Transform 78
Transform: AffineTransform_float_3_3
Parameters: 0.999993 0.00238419 -0.00310668 -0.00241458 0.999948 -0.00992277 0.00308241 0.00992988 0.999946 -0.0640558 -0.0550323 -1.12688
FixedParameters: 0 0 0

#Transform 79
Transform: AffineTransform_float_3_3
Parameters: 0.999992 0.00302731 -0.00263892 -0.00305234 0.999949 -0.00961203 0.00260959 0.00962039 0.999951 -0.0925257 -0.0213776 -1.08921
FixedParameters: 0 0 0

#Transform 80
Transform: AffineTransform_float_3_3
Parameters: 0.999993 0.00282608 -0.00241455 -0.00285185 0.999939 -0.0106962 0.00238392 0.010703 0.999939 -0.0905203 -0.0375635 -1.10256
FixedParameters: 0 0 0

#Transform 81
Transform: AffineTransform_float_3_3
Parameters: 0.999992 0.00279874 -0.00302322 -0.00282845 0.999949 -0.00975108 0.0029954 0.00976009 0.999948 -0.0920659 -0.0508136 -1.09636
FixedParameters: 0 0 0

#Transform 82
Transform: AffineTransform_float_3_3
Parameters: 0.999992 0.00317151 -0.00236155 -0.00319408 0.999949 -0.00961082 0.0023303 0.00961849 0.999951 -0.0949039 -0.0110684 -1.13654
FixedParameters: 0 0 0

#Transform 83
Transform: AffineTransform_float_3_3
Parameters: 0.999991 0.00298892 -0.00302582 -0.00302178 0.999935 -0.0110454 0.00299242 0.0110542 0.999934 -0.0788535 -0.0170511 -1.20211
FixedParameters: 0 0 0

#Transform 84
Transform: AffineTransform_float_3_3
Parameters: 0.999992 0.00295429 -0.00289594 -0.00298269 0.999946 -0.00988582 0.0028665 0.00989417 0.999947 -0.093267 -0.0278295 -1.09799
FixedParameters: 0 0 0

#Transform 85
Transform: AffineTransform_float_3_3
Parameters: 0.999992 0.00276092 -0.00290692 -0.00278957 0.999947 -0.00995284 0.00287874 0.00996097 0.999947 -0.0911373 -0.0402325 -1.07824
FixedParameters: 0 0 0

#Transform 86
Transform: AffineTransform_float_3_3
Parameters: 0.999992 0.00278811 -0.00288664 -0.00281527 0.999952 -0.00939362 0.00286063 0.0094018 0.999952 -0.0845543 -0.0677 -1.04854
FixedParameters: 0 0 0

#Transform 87
Transform: AffineTransform_float_3_3
Parameters: 0.999992 0.00263242 -0.00296262 -0.00266074 0.99995 -0.00962037 0.00293682 0.00962858 0.99995 -0.0772209 -0.0426619 -1.06269
FixedParameters: 0 0 0

#Transform 88
Transform: AffineTransform_float_3_3
Parameters: 0.999992 0.00235923 -0.00324811 -0.00239119 0.999949 -0.00973346 0.00322521 0.0097411 0.999947 -0.061858 -0.0191177 -1.07142
FixedParameters: 0 0 0

#Transform 89
Transform: AffineTransform_float_3_3
Parameters: 0.999992 0.00253343 -0.0028408 -0.00256102 0.999952 -0.00947035 0.0028163 0.00947734 0.999951 -0.0695402 -0.0570051 -1.08606
FixedParameters: 0 0 0

#Transform 90
Transform: AffineTransform_float_3_3
Parameters: 0.999993 0.00258519 -0.00285716 -0.00261316 0.999949 -0.00979225 0.00283261 0.00980049 0.999948 -0.0817368 -0.0332459 -1.04512
FixedParameters: 0 0 0

#Transform 91
Transform: AffineTransform_float_3_3
Parameters: 0.999991 0.00277361 -0.00318949 -0.00280453 0.99995 -0.00958539 0.0031628 0.00959401 0.99995 -0.083333 -0.0633633 -1.07948
FixedParameters: 0 0 0

#Transform 92
Transform: AffineTransform_float_3_3
Parameters: 0.999993 0.00272735 -0.00269114 -0.0027531 0.999952 -0.00940325 0.00266582 0.00941085 0.999952 -0.100296 -0.00972092 -0.973799
FixedParameters: 0 0 0

#Transform 93
Transform: AffineTransform_float_3_3
Parameters: 0.999993 0.00255744 -0.00296326 -0.00258626 0.999947 -0.00990771 0.00293811 0.00991549 0.999946 -0.0946964 -0.0731741 -0.988594
FixedParameters: 0 0 0

#Transform 94
Transform: AffineTransform_float_3_3
Parameters: 0.999993 0.00285296 -0.00265742 -0.00287603 0.999959 -0.00851557 0.00263249 0.00852363 0.99996 -0.115815 -0.0435353 -0.912264
FixedParameters: 0 0 0

#Transform 95
Transform: AffineTransform_float_3_3
Parameters: 0.999994 0.00283117 -0.00225939 -0.00285335 0.999948 -0.00982957 0.00223153 0.00983559 0.999949 -0.11119 -0.00332602 -0.926324
FixedParameters: 0 0 0

#Transform 96
Transform: AffineTransform_float_3_3
Parameters: 0.999994 0.0026748 -0.00240843 -0.00269898 0.999947 -0.00997241 0.00238136 0.00997821 0.999948 -0.104298 -0.0300476 -0.991925
FixedParameters: 0 0 0

#Transform 97
Transform: AffineTransform_float_3_3
Parameters: 0.999993 0.00291253 -0.00256132 -0.00293556 0.999953 -0.00917024 0.00253417 0.00917753 0.999954 -0.114445 -0.0706359 -0.954779
FixedParameters: 0 0 0

#Transform 98
Transform: AffineTransform_float_3_3
Parameters: 0.999992 0.00308289 -0.00275941 -0.00311213 0.999937 -0.0107631 0.00272682 0.0107717 0.999939 -0.113336 -0.00817711 -1.0832
FixedParameters: 0 0 0

#Transform 99
Transform: AffineTransform_float_3_3
Parameters: 0.999992 0.00315045 -0.002625 -0.00317709 0.999943 -0.0101254 0.00259294 0.0101335 0.999946 -0.126542 -0.0555708 -1.05383
FixedParameters: 0 0 0

#Transform 100
Transform: AffineTransform_float_3_3
Parameters: 0.999992 0.00338655 -0.00242338 -0.00341151 0.999941 -0.0103914 0.00238817 0.0104 0.999943 -0.143769 0.00344049 -1.08624
FixedParameters: 0 0 0

#Transform 101
Transform: AffineTransform_float_3_3
Parameters: 0.999991 0.00312255 -0.00292387 -0.00315397 0.999937 -0.0106984 0.00289052 0.0107074 0.999938 -0.131931 0.0149633 -1.07942
FixedParameters: 0 0 0

#Transform 102
Transform: AffineTransform_float_3_3
Parameters: 0.999992 0.00311845 -0.00273998 -0.00314489 0.999945 -0.0100149 0.0027087 0.0100235 0.999946 -0.125174 -0.0911883 -1.06952
FixedParameters: 0 0 0

#Transform 103
Transform: AffineTransform_float_3_3
Parameters: 0.999991 0.00334727 -0.00282745 -0.00337929 0.99993 -0.0113607 0.0027887 0.0113701 0.999931 -0.120392 -0.0300951 -1.17306
FixedParameters: 0 0 0

#Transform 104
Transform: AffineTransform_float_3_3
Parameters: 0.999991 0.00304895 -0.0029907 -0.00307826 0.999946 -0.00997298 0.00296049 0.00998193 0.999946 -0.132124 -0.073028 -1.14571
FixedParameters: 0 0 0

#Transform 105
Transform: AffineTransform_float_3_3
Parameters: 0.999991 0.00300787 -0.00301112 -0.00303898 0.999943 -0.0102032 0.00298033 0.0102121 0.999943 -0.11548 -0.0592064 -1.14831
FixedParameters: 0 0 0

#Transform 106
Transform: AffineTransform_float_3_3
Parameters: 0.99999 0.00319093 -0.00286065 -0.00322364 0.999929 -0.0114642 0.00282355 0.0114735 0.99993 -0.117924 -0.0484333 -1.24089
FixedParameters: 0 0 0

#Transform 107
Transform: AffineTransform_float_3_3
Parameters: 0.999991 0.00317382 -0.00299485 -0.00320672 0.999935 -0.0109444 0.00296047 0.0109541 0.999936 -0.132822 -0.0345109 -1.15363
FixedParameters: 0 0 0

#Transform 108
Transform: AffineTransform_float_3_3
Parameters: 0.99999 0.00325381 -0.00297692 -0.00328991 0.999922 -0.0120882 0.00293757 0.0120978 0.999923 -0.133533 -0.0425646 -1.19156
FixedParameters: 0 0 0

#Transform 109
Transform: AffineTransform_float_3_3
Parameters: 0.999989 0.00336988 -0.00303074 -0.00340266 0.999935 -0.0108871 0.00299439 0.0108963 0.999936 -0.117047 -0.105604 -1.15709
FixedParameters: 0 0 0

#Transform 110
Transform: AffineTransform_float_3_3
Parameters: 0.99999 0.00348034 -0.00275702 -0.00351171 0.999931 -0.0112369 0.00271762 0.0112466 0.999933 -0.138835 -0.0301101 -1.02369
FixedParameters: 0 0 0

#Transform 111
Transform: AffineTransform_float_3_3
Parameters: 0.99999 0.00346615 -0.00273171 -0.00349794 0.999926 -0.0116889 0.00269114 0.0116983 0.999928 -0.141413 -0.0707528 -1.15191
FixedParameters: 0 0 0

#Transform 112
Transform: AffineTransform_float_3_3
Parameters: 0.99999 0.00343453 -0.00282014 -0.00346459 0.999938 -0.0106133 0.00278319 0.0106231 0.99994 -0.137422 -0.065621 -1.10213
FixedParameters: 0 0 0

#Transform 113
Transform: AffineTransform_float_3_3
Parameters: 0.999991 0.00343742 -0.0024354 -0.00346486 0.999927 -0.0115162 0.00239565 0.0115242 0.999931 -0.143771 -0.0250491 -1.14883
FixedParameters: 0 0 0

#Transform 114
Transform: AffineTransform_float_3_3
Parameters: 0.99999 0.00339607 -0.00286719 -0.00342332 0.999946 -0.00981432 0.00283362 0.00982481 0.999948 -0.136538 -0.070912 -0.997702
FixedParameters: 0 0 0

#Transform 115
Transform: AffineTransform_float_3_3
Parameters: 0.999991 0.00346317 -0.00264101 -0.00349099 0.999938 -0.0105466 0.00260449 0.0105554 0.999941 -0.14061 -0.0358487 -0.966044
FixedParameters: 0 0 0

#Transform 116
Transform: AffineTransform_float_3_3
Parameters: 0.999991 0.00337802 -0.00224224 -0.00339987 0.999947 -0.00971889 0.00220974 0.0097262 0.99995 -0.0970667 -0.0499973 -0.853599
FixedParameters: 0 0 0

#Transform 117
Transform: AffineTransform_float_3_3
Parameters: 0.999997 0.00205771 -0.00169387 -0.00206339 0.999992 -0.00345051 0.00168625 0.00345475 0.999993 -0.132499 -0.125992 -0.610108
FixedParameters: 0 0 0

#Transform 118
Transform: AffineTransform_float_3_3
Parameters: 0.999993 0.00285273 -0.00239293 -0.00286561 0.999982 -0.00531687 0.00237768 0.00532284 0.999983 -0.134819 -0.010478 -0.707412
FixedParameters: 0 0 0

#Transform 119
Transform: AffineTransform_float_3_3
Parameters: 0.999991 0.00349907 -0.00247232 -0.00351301 0.999979 -0.00558534 0.00245214 0.00559422 0.999981 -0.142357 -0.0219678 -0.673068
FixedParameters: 0 0 0

#Transform 120
Transform: AffineTransform_float_3_3
Parameters: 0.999993 0.00299049 -0.00251408 -0.00300262 0.999982 -0.00516074 0.00249898 0.0051681 0.999984 -0.130536 -0.0238561 -0.61655
FixedParameters: 0 0 0

#Transform 121
Transform: AffineTransform_float_3_3
Parameters: 0.999992 0.00295653 -0.00262051 -0.00297376 0.999974 -0.00654325 0.00260182 0.0065511 0.999975 -0.117268 -0.00829513 -0.745883
FixedParameters: 0 0 0

#Transform 122
Transform: AffineTransform_float_3_3
Parameters: 0.999993 0.00288091 -0.00229718 -0.00289346 0.999982 -0.00525849 0.00228224 0.0052649 0.999984 -0.133276 -0.0186733 -0.650092
FixedParameters: 0 0 0

#Transform 123
Transform: AffineTransform_float_3_3
Parameters: 0.999994 0.00290841 -0.00219978 -0.00292138 0.999978 -0.00592803 0.0021823 0.005934 0.99998 -0.135031 -0.00340349 -0.672627
FixedParameters: 0 0 0

#Transform 124
Transform: AffineTransform_float_3_3
Parameters: 0.999994 0.0025256 -0.00241121 -0.00254228 0.999973 -0.00681875 0.0023939 0.00682434 0.999974 -0.106205 -0.0233812 -0.729677
FixedParameters: 0 0 0

#Transform 125
Transform: AffineTransform_float_3_3
Parameters: 0.999993 0.00282076 -0.00217173 -0.00283572 0.999974 -0.00657808 0.00215353 0.0065849 0.999976 -0.123385 -0.0214108 -0.727414
FixedParameters: 0 0 0

#Transform 126
Transform: AffineTransform_float_3_3
Parameters: 0.999991 0.00309392 -0.00266149 -0.00311319 0.999968 -0.00738773 0.00263906 0.00739571 0.99997 -0.131933 0.005802 -0.826137
FixedParameters: 0 0 0

#Transform 127
Transform: AffineTransform_float_3_3
Parameters: 0.999991 0.00315576 -0.00275503 -0.0031747 0.999971 -0.00698104 0.00273233 0.00698939 0.999972 -0.122838 -0.0343183 -0.820668
FixedParameters: 0 0 0

#Transform 128
Transform: AffineTransform_float_3_3
Parameters: 0.999991 0.00320059 -0.00276219 -0.00322186 0.999963 -0.00797386 0.00273674 0.00798253 0.999964 -0.126575 -0.010924 -0.864882
FixedParameters: 0 0 0

#Transform 129
Transform: AffineTransform_float_3_3
Parameters: 0.99999 0.00321316 -0.00303149 -0.0032366 0.999965 -0.00773961 0.0030061 0.00774923 0.999965 -0.124794 -0.00133929 -0.897631
FixedParameters: 0 0 0

#Transform 130
Transform: AffineTransform_float_3_3
Parameters: 0.999991 0.00311215 -0.00292444 -0.00313337 0.999967 -0.00738745 0.00290118 0.00739632 0.999968 -0.134044 -0.0264548 -0.823809
FixedParameters: 0 0 0

#Transform 131
Transform: AffineTransform_float_3_3
Parameters: 0.99999 0.00337041 -0.00299745 -0.00339619 0.999957 -0.00860176 0.00296832 0.00861212 0.999959 -0.120491 -0.0126369 -0.902493
FixedParameters: 0 0 0

#Transform 132
Transform: AffineTransform_float_3_3
Parameters: 0.999988 0.00393762 -0.00284676 -0.00395883 0.999963 -0.00759259 0.00281694 0.0076044 0.999967 -0.163891 -0.0197254 -0.808137
FixedParameters: 0 0 0

#Transform 133
Transform: AffineTransform_float_3_3
Parameters: 0.99999 0.0037596 -0.00265536 -0.00378389 0.999949 -0.00932762 0.00261945 0.00933752 0.999953 -0.15707 0.00388907 -0.905378
FixedParameters: 0 0 0

#Transform 134
Transform: AffineTransform_float_3_3
Parameters: 0.999988 0.00392818 -0.00286807 -0.00394848 0.999967 -0.00706942 0.0028399 0.00708187 0.999971 -0.155804 -0.0426527 -0.802637
FixedParameters: 0 0 0

#Transform 135
Transform: AffineTransform_float_3_3
Parameters: 0.999989 0.00363993 -0.00306435 -0.00366513 0.999958 -0.00841522 0.00303386 0.00842662 0.999959 -0.156353 -0.0159848 -0.873667
FixedParameters: 0 0 0

#Transform 136
Transform: AffineTransform_float_3_3
Parameters: 0.999989 0.00399014 -0.002727 -0.00401118 0.99996 -0.00794506 0.00269454 0.00795621 0.999965 -0.16386 -0.0279427 -0.904232
FixedParameters: 0 0 0

#Transform 137
Transform: AffineTransform_float_3_3
Parameters: 0.999989 0.00367993 -0.00292579 -0.00370532 0.999953 -0.00893638 0.00289271 0.00894754 0.999956 -0.147208 0.021266 -0.876587
FixedParameters: 0 0 0

#Transform 138
Transform: AffineTransform_float_3_3
Parameters: 0.999989 0.00355685 -0.00304463 -0.00358244 0.999957 -0.00853128 0.00301471 0.00854257 0.999959 -0.141091 -0.0294936 -0.861472
FixedParameters: 0 0 0

#Transform 139
Transform: AffineTransform_float_3_3
Parameters: 0.999989 0.00367835 -0.00293343 -0.00370317 0.999956 -0.0086064 0.00290212 0.00861761 0.999959 -0.164282 0.0143454 -0.891075
FixedParameters: 0 0 0

#Transform 140
Transform: AffineTransform_float_3_3
Parameters: 0.999988 0.00363003 -0.00308734 -0.00365974 0.999946 -0.00976199 0.00305118 0.0097732 0.999948 -0.159443 0.0176008 -0.934934
FixedParameters: 0 0 0

#Transform 141
Transform: AffineTransform_float_3_3
Parameters: 0.999989 0.00368484 -0.00291763 -0.00370761 0.999963 -0.00774433 0.00288833 0.00775543 0.999966 -0.156986 -0.0285193 -0.858087
FixedParameters: 0 0 0

#Transform 142
Transform: AffineTransform_float_3_3
Parameters: 0.999989 0.00360799 -0.00316856 -0.00363525 0.999955 -0.00884959 0.00313683 0.00886072 0.999956 -0.155512 0.0117565 -0.897859
FixedParameters: 0 0 0

#Transform 143
Transform: AffineTransform_float_3_3
Parameters: 0.999988 0.00407367 -0.00275196 -0.00409521 0.999961 -0.00783702 0.00272029 0.0078483 0.999966 -0.164874 -0.0361179 -0.89837
FixedParameters: 0 0 0

#Transform 144
Transform: AffineTransform_float_3_3
Parameters: 0.999986 0.00407513 -0.00316696 -0.00410386 0.999949 -0.00915558 0.00312952 0.00916912 0.999953 -0.156332 -0.012489 -0.985728
FixedParameters: 0 0 0

#Transform 145
Transform: AffineTransform_float_3_3
Parameters: 0.999987 0.00406937 -0.00328683 -0.00409893 0.999952 -0.00886608 0.00324993 0.00887918 0.999955 -0.146137 -0.0531845 -0.986631
FixedParameters: 0 0 0

#Transform 146
Transform: AffineTransform_float_3_3
Parameters: 0.999988 0.00385183 -0.00322227 -0.00388059 0.999954 -0.00883181 0.00318758 0.00884436 0.999956 -0.153225 0.00822861 -0.876848
FixedParameters: 0 0 0

#Transform 147
Transform: AffineTransform_float_3_3
Parameters: 0.999989 0.00337311 -0.00323079 -0.00340222 0.999953 -0.00902539 0.00319982 0.00903651 0.999954 -0.137574 0.00127485 -0.877326
FixedParameters: 0 0 0

#Transform 148
Transform: AffineTransform_float_3_3
Parameters: 0.999989 0.00349682 -0.00312127 -0.00351945 0.999969 -0.00708572 0.00309662 0.00709631 0.99997 -0.135297 -0.0580459 -0.754877
FixedParameters: 0 0 0

#Transform 149
Transform: AffineTransform_float_3_3
Parameters: 0.99999 0.00332687 -0.00301616 -0.0033476 0.999969 -0.00697194 0.00299373 0.0069813 0.999971 -0.143498 0.00628211 -0.716298
FixedParameters: 0 0 0

#Transform 150
Transform: AffineTransform_float_3_3
Parameters: 0.99999 0.00308415 -0.00327687 -0.0031097 0.999965 -0.0077737 0.0032527 0.00778376 0.999965 -0.139611 0.00695409 -0.767657
FixedParameters: 0 0 0

#Transform 151
Transform: AffineTransform_float_3_3
Parameters: 0.99999 0.00306568 -0.00344448 -0.00308852 0.999973 -0.00671128 0.00342356 0.00672138 0.999971 -0.138558 0.0237885 -0.753432
FixedParameters: 0 0 0

#Transform 152
Transform: AffineTransform_float_3_3
Parameters: 0.999989 0.00361677 -0.00315834 -0.00363709 0.999973 -0.00640325 0.00313529 0.00641485 0.999975 -0.153405 0.0359841 -0.671842
FixedParameters: 0 0 0

#Transform 153
Transform: AffineTransform_float_3_3
Parameters: 0.99999 0.00311324 -0.00325363 -0.00313748 0.999969 -0.00725247 0.00323089 0.00726257 0.999969 -0.127379 0.0359276 -0.724636
FixedParameters: 0 0 0

#Transform 154
Transform: AffineTransform_float_3_3
Parameters: 0.99999 0.00328691 -0.00294072 -0.00330468 0.999977 -0.00588303 0.00292107 0.00589333 0.999978 -0.145631 0.0355162 -0.649242
FixedParameters: 0 0 0

#Transform 155
Transform: AffineTransform_float_3_3
Parameters: 0.99999 0.00315529 -0.0032618 -0.00317541 0.999976 -0.0061893 0.00324285 0.0061997 0.999976 -0.135435 0.00303745 -0.669893
FixedParameters: 0 0 0

#Transform 156
Transform: AffineTransform_float_3_3
Parameters: 0.99999 0.00287003 -0.00339116 -0.00289309 0.999971 -0.00698783 0.00337101 0.00699681 0.99997 -0.123457 0.00189261 -0.727557
FixedParameters: 0 0 0

#Transform 157
Transform: AffineTransform_float_3_3
Parameters: 0.99999 0.00312896 -0.00325539 -0.0031455 0.999982 -0.0050034 0.00324024 0.00501357 0.999982 -0.136184 -0.0362301 -0.62222
FixedParameters: 0 0 0

#Transform 158
Transform: AffineTransform_float_3_3
Parameters: 0.999986 0.00287884 -0.00437733 -0.00288859 0.999993 -0.0024205 0.00437054 0.00243283 0.999988 -0.107783 -0.0371104 -0.592111
FixedParameters: 0 0 0

#Transform 159
Transform: AffineTransform_float_3_3
Parameters: 0.999992 0.00232495 -0.0034311 -0.00233729 0.999991 -0.0036803 0.00342276 0.00368762 0.999987 -0.103054 0.0844777 -0.555327
FixedParameters: 0 0 0

#Transform 160
Transform: AffineTransform_float_3_3
Parameters: 0.999992 0.00231575 -0.00323686 -0.00233045 0.999987 -0.00449361 0.00322646 0.00450083 0.999985 -0.0960779 -0.0207601 -0.655444
FixedParameters: 0 0 0

#Transform 161
Transform: AffineTransform_float_3_3
Parameters: 0.999992 0.00251243 -0.00318254 -0.00252253 0.999992 -0.00311842 0.00317552 0.00312663 0.99999 -0.110477 -0.0130709 -0.59396
FixedParameters: 0 0 0

#Transform 162
Transform: AffineTransform_float_3_3
Parameters: 0.999993 0.00245557 -0.00298732 -0.00246856 0.999987 -0.00442219 0.0029763 0.00442855 0.999986 -0.103316 -0.000654315 -0.600239
FixedParameters: 0 0 0

#Transform 163
Transform: AffineTransform_float_3_3
Parameters: 0.999991 0.00247917 -0.0032852 -0.00249327 0.999988 -0.00433527 0.00327412 0.00434325 0.999985 -0.111529 -0.0296942 -0.595994
FixedParameters: 0 0 0

#Transform 164
Transform: AffineTransform_float_3_3
Parameters: 0.999992 0.00172803 -0.00373655 -0.00174259 0.999991 -0.003861 0.0037295 0.00386688 0.999985 -0.0829207 -0.013117 -0.542047
FixedParameters: 0 0 0

#Transform 165
Transform: AffineTransform_float_3_3
Parameters: 0.999991 0.00195963 -0.00359942 -0.0019761 0.999988 -0.00451547 0.0035906 0.00452287 0.999983 -0.0794171 0.00980233 -0.601561
FixedParameters: 0 0 0

#Transform 166
Transform: AffineTransform_float_3_3
Parameters: 0.999992 0.00200336 -0.00348573 -0.00201742 0.99999 -0.00382872 0.00347819 0.00383597 0.999986 -0.0768438 0.0389283 -0.619831
FixedParameters: 0 0 0

#Transform 167
Transform: AffineTransform_float_3_3
Parameters: 0.999993 0.00200997 -0.00319862 -0.00202306 0.999989 -0.00420876 0.00319019 0.00421521 0.999986 -0.0751321 -0.0188976 -0.626962
FixedParameters: 0 0 0

#Transform 168
Transform: AffineTransform_float_3_3
Parameters: 0.999992 0.0018389 -0.00349828 -0.00185823 0.999983 -0.00557738 0.00348869 0.00558409 0.999979 -0.065231 -0.0203725 -0.685577
FixedParameters: 0 0 0

#Transform 169
Transform: AffineTransform_float_3_3
Parameters: 0.999993 0.00223406 -0.0032168 -0.00224565 0.999991 -0.00376393 0.0032078 0.00377051 0.999988 -0.0849307 -0.0203838 -0.616864
FixedParameters: 0 0 0

#Transform 170
Transform: AffineTransform_float_3_3
Parameters: 0.999992 0.00188709 -0.00330982 -0.00190411 0.999985 -0.00517361 0.00329986 0.00518024 0.999981 -0.0744071 0.0176625 -0.699817
FixedParameters: 0 0 0

#Transform 171
Transform: AffineTransform_float_3_3
Parameters: 0.999992 0.0019498 -0.00346841 -0.00196448 0.999989 -0.00425093 0.00346005 0.00425774 0.999985 -0.0618416 -0.0172615 -0.697554
FixedParameters: 0 0 0

#Transform 172
Transform: AffineTransform_float_3_3
Parameters: 0.999994 0.0019471 -0.00303692 -0.00196129 0.999986 -0.00486015 0.00302812 0.00486696 0.999984 -0.0779511 0.0256927 -0.704849
FixedParameters: 0 0 0

#Transform 173
Transform: AffineTransform_float_3_3
Parameters: 0.999993 0.00204627 -0.00305299 -0.00206361 0.999981 -0.00574902 0.00304094 0.00575597 0.999978 -0.0776339 -0.0115059 -0.757628
FixedParameters: 0 0 0

#Transform 174
Transform: AffineTransform_float_3_3
Parameters: 0.999991 0.00208962 -0.00350858 -0.00210463 0.999988 -0.00442439 0.00349898 0.00443234 0.999984 -0.0773137 -0.0357237 -0.763592
FixedParameters: 0 0 0

#Transform 175
Transform: AffineTransform_float_3_3
Parameters: 0.999994 0.00199497 -0.00280015 -0.00201037 0.999983 -0.00553039 0.00278917 0.00553549 0.99998 -0.0979995 0.00020405 -0.746054
FixedParameters: 0 0 0

#Transform 176
Transform: AffineTransform_float_3_3
Parameters: 0.999992 0.00195617 -0.00346312 -0.00197707 0.99998 -0.00603688 0.0034511 0.00604374 0.999976 -0.0855197 -0.0249078 -0.776676
FixedParameters: 0 0 0

#Transform 177
Transform: AffineTransform_float_3_3
Parameters: 0.999991 0.00206066 -0.00349978 -0.00207718 0.999988 -0.00451268 0.00349035 0.00451903 0.999984 -0.0822002 -0.0466487 -0.718773
FixedParameters: 0 0 0

#Transform 178
Transform: AffineTransform_float_3_3
Parameters: 0.999993 0.0020205 -0.00334783 -0.00204052 0.99998 -0.0059713 0.00333559 0.00597761 0.999976 -0.0830962 0.00220201 -0.749104
FixedParameters: 0 0 0

#Transform 179
Transform: AffineTransform_float_3_3
Parameters: 0.999993 0.00233614 -0.00311397 -0.00235292 0.999984 -0.00524309 0.00310151 0.00525072 0.999982 -0.0947583 -0.046046 -0.736953
FixedParameters: 0 0 0

#Transform 180
Transform: AffineTransform_float_3_3
Parameters: 0.999992 0.00236587 -0.00297849 -0.00238019 0.999985 -0.00506665 0.00296657 0.00507329 0.999983 -0.099419 0.0193978 -0.686039
FixedParameters: 0 0 0

#Transform 181
Transform: AffineTransform_float_3_3
Parameters: 0.999992 0.00237659 -0.00316773 -0.00239622 0.999979 -0.00603303 0.00315341 0.00604034 0.999977 -0.0987093 0.0137809 -0.73612
FixedParameters: 0 0 0

#Transform 182
Transform: AffineTransform_float_3_3
Parameters: 0.999992 0.00257859 -0.00305549 -0.00259266 0.999986 -0.00474396 0.00304335 0.00475226 0.999984 -0.10875 0.0371684 -0.689658
FixedParameters: 0 0 0

#Transform 183
Transform: AffineTransform_float_3_3
Parameters: 0.999993 0.00242901 -0.00282967 -0.00244571 0.999979 -0.00606457 0.00281485 0.00607225 0.999978 -0.104829 0.0386807 -0.754809
FixedParameters: 0 0 0

#Transform 184
Transform: AffineTransform_float_3_3
Parameters: 0.999992 0.00240945 -0.0032306 -0.00242944 0.999977 -0.00630814 0.00321497 0.00631595 0.999975 -0.105226 -0.0313326 -0.804096
FixedParameters: 0 0 0

#Transform 185
Transform: AffineTransform_float_3_3
Parameters: 0.999992 0.00280519 -0.00280913 -0.0028195 0.999983 -0.00508025 0.0027942 0.00508802 0.999983 -0.125546 -0.0700032 -0.70546
FixedParameters: 0 0 0

#Transform 186
Transform: AffineTransform_float_3_3
Parameters: 0.999993 0.00306123 -0.00244815 -0.00307428 0.99998 -0.00554047 0.00243096 0.00554726 0.999981 -0.133233 -0.00451924 -0.766353
FixedParameters: 0 0 0

#Transform 187
Transform: AffineTransform_float_3_3
Parameters: 0.99999 0.00298643 -0.00309709 -0.0029999 0.999986 -0.00427762 0.00308442 0.00428675 0.999986 -0.122397 0.00154734 -0.682744
FixedParameters: 0 0 0

#Transform 188
Transform: AffineTransform_float_3_3
