#Insight Transform File V1.0
#Transform 0
Transform: AffineTransform_float_3_3
Parameters: 0.999999 -0.00163653 0.000738753 0.00163581 0.999999 0.000711512 -0.000740051 -0.00071027 0.999999 0.0563513 -0.0434223 0.0964405
FixedParameters: 0 0 0

#Transform 1
Transform: AffineTransform_float_3_3
Parameters: 0.999999 -0.00151363 0.00108478 0.00151259 0.999998 0.0012148 -0.00108685 -0.00121289 0.999999 0.0532849 -0.0534628 0.059596
FixedParameters: 0 0 0

#Transform 2
Transform: AffineTransform_float_3_3
Parameters: 0.999998 -0.0011473 0.0010881 0.00114636 0.999999 0.00058988 -0.00108848 -0.000588783 0.999999 0.036849 -0.0456508 0.0720058
FixedParameters: 0 0 0

#Transform 3
Transform: AffineTransform_float_3_3
Parameters: 0.999999 -0.00075654 0.000409343 0.000756469 0.999999 0.000104285 -0.000409524 -0.000104475 1 0.0339388 -0.00685277 0.0827151
FixedParameters: 0 0 0

#Transform 4
Transform: AffineTransform_float_3_3
Parameters: 1 -0.000334839 0.000287262 0.000334347 1 0.000912595 -0.000287884 -0.00091299 0.999999 0.0217835 -0.0261834 0.0596161
FixedParameters: 0 0 0

#Transform 5
Transform: AffineTransform_float_3_3
Parameters: 1 -0.000329201 0.000289535 0.000328561 1 0.0011388 -0.000290335 -0.00113861 1 0.0151399 0.00650225 0.0219756
FixedParameters: 0 0 0

#Transform 6
Transform: AffineTransform_float_3_3
Parameters: 1 -6.91033e-05 0.000196537 6.8845e-05 1 0.000656948 -0.000196627 -0.000656921 1 0.0189633 0.0237081 0.0164941
FixedParameters: 0 0 0

#Transform 7
Transform: AffineTransform_float_3_3
Parameters: 1 -9.46508e-05 0.000196495 9.45692e-05 1 0.000207434 -0.000196534 -0.000207396 1 0.00178604 0.0247436 -0.00538866
FixedParameters: 0 0 0

#Transform 8
Transform: AffineTransform_float_3_3
Parameters: 1 -0.000260937 0.00026588 0.000260398 1 0.00105227 -0.000266479 -0.00105213 1 0.00194473 -0.0330786 0.0295952
FixedParameters: 0 0 0

#Transform 9
Transform: AffineTransform_float_3_3
Parameters: 1 -0.000242695 0.000237126 0.000242788 1 -0.000195358 -0.000237031 0.000195473 1 0.00294146 0.00182919 -0.0135001
FixedParameters: 0 0 0

#Transform 10
Transform: AffineTransform_float_3_3
Parameters: 1 1.993e-05 0.000223305 -2.07926e-05 1 -0.000196939 -0.000223005 0.000196902 1 7.94145e-05 0.0318089 -0.00774481
FixedParameters: 0 0 0

#Transform 11
Transform: AffineTransform_float_3_3
Parameters: 1 -0.000343349 0.000283823 0.000343023 1 0.000573017 -0.000284216 -0.000572822 1 0.0192406 -0.0282253 0.0161847
FixedParameters: 0 0 0

#Transform 12
Transform: AffineTransform_float_3_3
Parameters: 1 0.000518809 -1.4907e-05 -0.000518822 1 -0.000440116 1.44503e-05 0.000440131 1 0.00660063 0.0455348 -0.0295399
FixedParameters: 0 0 0

#Transform 13
Transform: AffineTransform_float_3_3
Parameters: 1 -5.04022e-05 -0.000278891 5.0409e-05 1 1.21791e-05 0.000278889 -1.22072e-05 1 0.00295092 0.0322125 -0.0116716
FixedParameters: 0 0 0

#Transform 14
Transform: AffineTransform_float_3_3
Parameters: 1 -0.000290037 0.000262399 0.000289856 1 0.00034579 -0.000262599 -0.000345638 1 0.00418671 0.0246613 -0.0164917
FixedParameters: 0 0 0

#Transform 15
Transform: AffineTransform_float_3_3
Parameters: 1 -0.00029619 0.000259898 0.000296138 1 9.98831e-05 -0.000259957 -9.97291e-05 1 0.00149707 0.0279041 0.000321227
FixedParameters: 0 0 0

#Transform 16
Transform: AffineTransform_float_3_3
Parameters: 1 -3.5822e-05 0.000170964 3.58699e-05 1 -0.000139927 -0.000170953 0.000139939 1 -0.00763014 0.0344243 -0.0133115
FixedParameters: 0 0 0

#Transform 17
Transform: AffineTransform_float_3_3
Parameters: 1 -8.85826e-05 -0.000237607 8.86547e-05 1 0.000151759 0.00023758 -0.000151801 1 0.0138987 -0.04111 0.0135864
FixedParameters: 0 0 0

#Transform 18
Transform: AffineTransform_float_3_3
Parameters: 1 -4.9683e-05 -0.00051304 4.98417e-05 1 0.000154652 0.000513025 -0.000154703 1 0.00631997 0.0692152 -0.0226923
FixedParameters: 0 0 0

#Transform 19
Transform: AffineTransform_float_3_3
Parameters: 1 -0.000151956 -2.47575e-05 0.000151935 1 -0.000423062 2.4886e-05 0.000423055 1 0.00969432 0.0431177 -0.0261891
FixedParameters: 0 0 0

#Transform 20
Transform: AffineTransform_float_3_3
Parameters: 1 -0.00011899 3.57176e-05 0.000118977 1 0.000183707 -3.57613e-05 -0.000183698 1 -0.0114551 -0.0117819 0.0018343
FixedParameters: 0 0 0

#Transform 21
Transform: AffineTransform_float_3_3
Parameters: 1 -0.000170501 -8.18093e-05 0.000170123 1 -0.000422015 8.10031e-05 0.00042199 1 -0.00328259 0.0155233 -0.020355
FixedParameters: 0 0 0

#Transform 22
Transform: AffineTransform_float_3_3
Parameters: 1 4.53981e-05 0.000530307 -4.57794e-05 1 0.000359416 -0.000530274 -0.000359464 1 -0.0227115 -0.0145515 0.00273475
FixedParameters: 0 0 0

#Transform 23
Transform: AffineTransform_float_3_3
Parameters: 1 1.37467e-05 0.000429103 -1.37936e-05 1 0.000415321 -0.000428142 -0.000415335 1 -0.0207597 -0.0172035 -0.00253604
FixedParameters: 0 0 0

#Transform 24
Transform: AffineTransform_float_3_3
Parameters: 1 0.000220675 0.000608995 -0.000220351 1 -0.000266172 -0.000609112 0.000265904 1 -0.0239766 -0.0211694 -0.00668663
FixedParameters: 0 0 0

#Transform 25
Transform: AffineTransform_float_3_3
Parameters: 0.999999 0.000550123 0.000502932 -0.000549906 1 -0.000215516 -0.000503169 0.000214962 1 -0.0422634 0.0509365 -0.0468558
FixedParameters: 0 0 0

#Transform 26
Transform: AffineTransform_float_3_3
Parameters: 0.999999 0.000643695 0.000483837 -0.000644381 1 0.000374397 -0.000484281 -0.00037421 0.999999 -0.0438377 0.00833229 -0.0283914
FixedParameters: 0 0 0

#Transform 27
Transform: AffineTransform_float_3_3
Parameters: 1 0.000233873 0.000605338 -0.000233592 1 -0.000232463 -0.000605446 0.00023218 1 -0.0404862 0.0435452 -0.0176613
FixedParameters: 0 0 0

#Transform 28
Transform: AffineTransform_float_3_3
Parameters: 1 5.9841e-05 0.000679078 -5.98382e-05 0.999999 0.000697623 -0.000679302 -0.000697677 0.999999 -0.0391557 0.00370909 -0.0240122
FixedParameters: 0 0 0

#Transform 29
Transform: AffineTransform_float_3_3
Parameters: 0.999999 0.000159703 0.000772785 -0.000160247 1 0.000351889 -0.000772673 -0.000352136 0.999999 -0.0379107 0.0784121 -0.0283671
FixedParameters: 0 0 0

#Transform 30
Transform: AffineTransform_float_3_3
Parameters: 1 0.000244628 0.000609998 -0.000244876 1 0.000203366 -0.000609899 -0.000203665 1 -0.0397531 0.0727696 -0.0345429
FixedParameters: 0 0 0

#Transform 31
Transform: AffineTransform_float_3_3
Parameters: 1 0.000388179 0.000569886 -0.0003888 1 0.00054521 -0.000569462 -0.000545653 0.999999 -0.0425013 0.00661654 0.002722
FixedParameters: 0 0 0

#Transform 32
Transform: AffineTransform_float_3_3
Parameters: 1 0.000402691 0.00050297 -0.000402572 0.999999 0.000814979 -0.000502661 -0.000814769 1 -0.0253939 0.00487216 0.0125197
FixedParameters: 0 0 0

#Transform 33
Transform: AffineTransform_float_3_3
Parameters: 1 0.000438228 0.0005461 -0.000438387 1 0.00014503 -0.000545973 -0.000145509 1 -0.0314794 0.0449597 -0.0223246
FixedParameters: 0 0 0

#Transform 34
Transform: AffineTransform_float_3_3
Parameters: 1 0.000487885 0.000458345 -0.000488214 1 0.000358787 -0.000457995 -0.000359234 1 -0.0297809 0.0447217 -0.0400609
FixedParameters: 0 0 0

#Transform 35
Transform: AffineTransform_float_3_3
Parameters: 0.999999 0.000507777 0.000522881 -0.000507893 1 0.000110477 -0.000522768 -0.000111008 1 -0.0332394 0.0446384 -0.0314108
FixedParameters: 0 0 0

#Transform 36
Transform: AffineTransform_float_3_3
Parameters: 0.999999 0.000432239 0.000615795 -0.000432037 1 -0.000164686 -0.000615937 0.000164154 1 -0.0376355 0.014449 -0.0344879
FixedParameters: 0 0 0

#Transform 37
Transform: AffineTransform_float_3_3
Parameters: 1 0.000253801 0.000613982 -0.000254507 1 0.00057522 -0.00061369 -0.000575532 0.999999 -0.0332982 -0.0001788 -0.00159892
FixedParameters: 0 0 0

#Transform 38
Transform: AffineTransform_float_3_3
Parameters: 1 0.000215462 0.000553242 -0.000215128 1 -0.000301456 -0.000553371 0.000301217 1 -0.0221054 0.0778368 -0.0385727
FixedParameters: 0 0 0

#Transform 39
Transform: AffineTransform_float_3_3
Parameters: 1 0.000241767 0.000608757 -0.000241874 1 8.74118e-05 -0.000608715 -8.77062e-05 1 -0.0348264 0.075872 -0.0241128
FixedParameters: 0 0 0

#Transform 40
Transform: AffineTransform_float_3_3
Parameters: 1 0.00020974 0.000482059 -0.000210547 1 0.000515739 -0.000482792 -0.00051594 0.999999 -0.0395278 0.0782607 -0.0167645
FixedParameters: 0 0 0

#Transform 41
Transform: AffineTransform_float_3_3
Parameters: 1 0.000358505 0.000993515 -0.000358874 1 -0.000309641 -0.000993418 0.000309488 1 -0.0462709 0.0463325 -0.0296441
FixedParameters: 0 0 0

#Transform 42
Transform: AffineTransform_float_3_3
Parameters: 0.999999 0.000755121 0.000454411 -0.000756101 0.999999 0.000723376 -0.000454308 -0.000723473 1 -0.04244 -0.0125405 0.0130751
FixedParameters: 0 0 0

#Transform 43
Transform: AffineTransform_float_3_3
Parameters: 0.999999 0.000563958 0.000516387 -0.000565031 0.999999 0.000727611 -0.000516555 -0.000727604 1 -0.0318802 -0.0282083 0.0546348
FixedParameters: 0 0 0

#Transform 44
Transform: AffineTransform_float_3_3
Parameters: 0.999999 0.00051927 0.000522132 -0.000519549 1 0.000267246 -0.000521854 -0.000267788 1 -0.0281255 -0.00953311 0.0382098
FixedParameters: 0 0 0

#Transform 45
Transform: AffineTransform_float_3_3
Parameters: 0.999999 0.000575323 0.000511218 -0.000575345 0.999999 0.000648076 -0.00051173 -0.000648635 0.999999 -0.0361764 -0.000875278 0.0382676
FixedParameters: 0 0 0

#Transform 46
Transform: AffineTransform_float_3_3
Parameters: 1 0.00040193 0.00042657 -0.000402533 0.999999 0.000707472 -0.000426 -0.000707814 0.999999 -0.0251044 -0.0174952 0.0351816
FixedParameters: 0 0 0

#Transform 47
Transform: AffineTransform_float_3_3
Parameters: 1 0.000245319 0.000610298 -0.000245601 1 0.000231355 -0.000610184 -0.000231655 1 -0.0262549 -0.0128793 0.0525008
FixedParameters: 0 0 0

#Transform 48
Transform: AffineTransform_float_3_3
Parameters: 1 0.000258725 0.000616108 -0.000259693 0.999999 0.000775436 -0.000615746 -0.000775168 1 -0.0239753 0.0616158 -0.00759956
FixedParameters: 0 0 0

#Transform 49
Transform: AffineTransform_float_3_3
Parameters: 1 0.000377309 0.00100027 -0.000378323 1 0.000490098 -0.000999888 -0.000490267 1 -0.031882 0.0362778 0.0291465
FixedParameters: 0 0 0

#Transform 50
Transform: AffineTransform_float_3_3
Parameters: 0.999999 0.000269347 0.000665685 -0.000270035 1 0.000517242 -0.000665406 -0.000517601 0.999999 -0.0277422 -0.0563528 0.0591706
FixedParameters: 0 0 0

#Transform 51
Transform: AffineTransform_float_3_3
Parameters: 1 0.000256069 0.000614969 -0.00025689 0.999999 0.000667184 -0.000614626 -0.000667499 0.999999 -0.0263473 -0.0443169 0.0426197
FixedParameters: 0 0 0

#Transform 52
Transform: AffineTransform_float_3_3
Parameters: 1 0.000361509 0.000995665 -0.000361148 1 -0.000198679 -0.000995798 0.000198547 1 -0.0308383 0.0261472 -0.0187706
FixedParameters: 0 0 0

#Transform 53
Transform: AffineTransform_float_3_3
Parameters: 1 0.000262176 0.00061761 -0.000263319 0.999999 0.000915381 -0.000617169 -0.000915117 1 -0.029235 -0.00612039 0.0322412
FixedParameters: 0 0 0

#Transform 54
Transform: AffineTransform_float_3_3
Parameters: 1 0.000376268 0.000560306 -0.00037608 1 -0.000167637 -0.000560432 0.000167216 1 -0.0262152 0.0192248 0.0151482
FixedParameters: 0 0 0

#Transform 55
Transform: AffineTransform_float_3_3
Parameters: 0.999999 0.000395184 0.000666525 -0.000394818 1 0.000437965 -0.000666487 -0.000438465 0.999999 -0.0283642 -0.0163962 0.0316481
FixedParameters: 0 0 0

#Transform 56
Transform: AffineTransform_float_3_3
Parameters: 0.999999 0.000717789 0.000457498 -0.000718021 0.999999 0.000253843 -0.000457133 -0.000254499 1 -0.034562 0.0348161 0.000316681
FixedParameters: 0 0 0

#Transform 57
Transform: AffineTransform_float_3_3
Parameters: 0.999999 0.000871169 0.000906805 -0.00087263 0.999999 0.000616222 -0.000906668 -0.000617214 1 -0.0438502 -0.0388716 0.0180322
FixedParameters: 0 0 0

#Transform 58
Transform: AffineTransform_float_3_3
Parameters: 0.999999 0.000400707 0.00089503 -0.000402112 0.999999 0.000777729 -0.000894445 -0.00077786 0.999999 -0.0533202 -0.0258318 0.034556
FixedParameters: 0 0 0

#Transform 59
Transform: AffineTransform_float_3_3
Parameters: 0.999999 0.000539862 0.000587692 -0.000539962 1 8.49273e-05 -0.0005876 -8.55618e-05 1 -0.03936 -0.015222 0.0298224
FixedParameters: 0 0 0

#Transform 60
Transform: AffineTransform_float_3_3
Parameters: 0.999999 0.000424251 0.000765059 -0.000425335 0.999999 0.000700502 -0.000764503 -0.000700564 1 -0.0392181 -0.0168641 0.0355004
FixedParameters: 0 0 0

#Transform 61
Transform: AffineTransform_float_3_3
Parameters: 0.999999 0.000396884 0.00074733 -0.000396802 1 0.000572386 -0.000747224 -0.000572364 1 -0.037227 -0.0265675 0.0215921
FixedParameters: 0 0 0

#Transform 62
Transform: AffineTransform_float_3_3
Parameters: 1 0.000345234 0.000585153 -0.000345956 0.999999 0.00061718 -0.000584726 -0.000617585 0.999999 -0.0407856 -0.027785 0.0203694
FixedParameters: 0 0 0

#Transform 63
Transform: AffineTransform_float_3_3
Parameters: 1 0.000458631 0.0010702 -0.000460117 0.999999 0.00113816 -0.00106946 -0.00113911 0.999999 -0.0489882 -0.0393855 0.0382874
FixedParameters: 0 0 0

#Transform 64
Transform: AffineTransform_float_3_3
Parameters: 1 0.000460345 0.000936791 -0.000460684 0.999999 0.000669699 -0.000936471 -0.000669947 1 -0.0487724 -0.000942842 0.0378311
FixedParameters: 0 0 0

#Transform 65
Transform: AffineTransform_float_3_3
Parameters: 0.999999 0.000356882 0.000817016 -0.000356494 1 0.000344297 -0.000817078 -0.000344853 0.999999 -0.0448346 -0.011579 0.0552068
FixedParameters: 0 0 0

#Transform 66
Transform: AffineTransform_float_3_3
Parameters: 1 0.000518881 0.00109156 -0.00052029 1 0.00107422 -0.00109073 -0.00107452 0.999998 -0.0461598 -0.027293 0.0470656
FixedParameters: 0 0 0

#Transform 67
Transform: AffineTransform_float_3_3
Parameters: 0.999999 0.000412082 0.000782596 -0.000412336 1 0.000752575 -0.0007823 -0.000751797 0.999999 -0.0398867 0.0642549 0.0276172
FixedParameters: 0 0 0

#Transform 68
Transform: AffineTransform_float_3_3
Parameters: 1 0.00049604 0.00105198 -0.000496364 0.999999 0.000589472 -0.00105169 -0.000589902 0.999999 -0.0523427 0.0284092 0.0249164
FixedParameters: 0 0 0

#Transform 69
Transform: AffineTransform_float_3_3
Parameters: 0.999999 0.000406006 0.000741585 -0.000406657 1 0.00109411 -0.000741055 -0.00109468 0.999999 -0.0421269 -0.00730303 0.0215785
FixedParameters: 0 0 0

#Transform 70
Transform: AffineTransform_float_3_3
Parameters: 1 0.000382403 0.00107392 -0.000383097 0.999999 0.000750281 -0.00107365 -0.000750489 0.999999 -0.0456541 -0.0020324 0.0129643
FixedParameters: 0 0 0

#Transform 71
Transform: AffineTransform_float_3_3
Parameters: 0.999999 0.000531274 0.00113369 -0.000532619 1 0.0010125 -0.00113292 -0.00101368 0.999999 -0.065795 -0.0105907 0.0354031
FixedParameters: 0 0 0

#Transform 72
Transform: AffineTransform_float_3_3
Parameters: 1 0.000475176 0.000970281 -0.00047593 0.999999 0.000861011 -0.000969759 -0.000861319 0.999999 -0.0566725 0.0580598 0.0141532
FixedParameters: 0 0 0

#Transform 73
Transform: AffineTransform_float_3_3
Parameters: 1 0.000465353 0.000947184 -0.000466179 1 0.000749378 -0.00094771 -0.000748835 0.999999 -0.0485721 0.0136918 0.025937
FixedParameters: 0 0 0

#Transform 74
Transform: AffineTransform_float_3_3
Parameters: 0.999999 0.000498121 0.000811606 -0.000499322 0.999999 0.00114695 -0.00081177 -0.00114773 0.999999 -0.0483913 0.0380377 0.0125909
FixedParameters: 0 0 0

#Transform 75
Transform: AffineTransform_float_3_3
Parameters: 0.999999 0.000392475 0.000706251 -0.000393218 1 0.000994798 -0.000706778 -0.000995323 0.999999 -0.0427303 0.0554576 -0.00419501
FixedParameters: 0 0 0

#Transform 76
Transform: AffineTransform_float_3_3
Parameters: 0.999999 0.000551099 0.000825195 -0.000551469 0.999999 0.000604519 -0.000825826 -0.000604813 1 -0.0522382 0.0571238 -0.0211229
FixedParameters: 0 0 0

#Transform 77
Transform: AffineTransform_float_3_3
Parameters: 0.999999 0.000638795 0.000787468 -0.000639879 0.999999 0.00110854 -0.000787359 -0.00110952 0.999999 -0.0499862 0.0453801 0.000122319
FixedParameters: 0 0 0

#Transform 78
Transform: AffineTransform_float_3_3
Parameters: 1 0.00050316 0.00104302 -0.000504449 1 0.00107326 -0.00104224 -0.00107428 0.999999 -0.0464283 -0.00538086 0.0166032
FixedParameters: 0 0 0

#Transform 79
Transform: AffineTransform_float_3_3
Parameters: 0.999999 0.000393295 0.000724571 -0.000393463 1 0.000753696 -0.000724303 -0.000752842 1 -0.0372828 -0.0168677 0.0175027
FixedParameters: 0 0 0

#Transform 80
Transform: AffineTransform_float_3_3
Parameters: 1 0.000627784 0.000852812 -0.000628425 0.999998 0.00148356 -0.000851604 -0.00148399 0.999999 -0.0550057 -0.0071258 0.0204254
FixedParameters: 0 0 0

#Transform 81
Transform: AffineTransform_float_3_3
Parameters: 1 0.000518752 0.00108013 -0.000519544 0.999999 0.00124653 -0.00107945 -0.00124759 0.999998 -0.0479465 0.00890027 0.0166827
FixedParameters: 0 0 0

#Transform 82
Transform: AffineTransform_float_3_3
Parameters: 0.999999 0.000431351 0.000836752 -0.000431808 0.999999 0.000833608 -0.00083638 -0.000833715 1 -0.0559032 0.0143422 -0.0327539
FixedParameters: 0 0 0

#Transform 83
Transform: AffineTransform_float_3_3
Parameters: 0.999999 0.000616192 0.00136066 -0.000618587 0.999998 0.00157425 -0.00135937 -0.00157529 0.999998 -0.0736338 0.0178676 0.00831726
FixedParameters: 0 0 0

#Transform 84
Transform: AffineTransform_float_3_3
Parameters: 0.999999 0.000533261 0.00111999 -0.00053434 0.999999 0.00132503 -0.00111923 -0.00132558 0.999999 -0.0697308 -0.0261481 0.00162165
FixedParameters: 0 0 0

#Transform 85
Transform: AffineTransform_float_3_3
Parameters: 0.999999 0.00055961 0.00122122 -0.000561131 1 0.00101179 -0.0012204 -0.00101313 0.999998 -0.0703806 0.0129542 -0.0327285
FixedParameters: 0 0 0

#Transform 86
Transform: AffineTransform_float_3_3
Parameters: 0.999999 0.000733129 0.00117302 -0.00073517 0.999999 0.00126402 -0.00117149 -0.00126432 0.999999 -0.0652652 0.0119938 -0.000358464
FixedParameters: 0 0 0

#Transform 87
Transform: AffineTransform_float_3_3
Parameters: 0.999999 0.000706541 0.00103518 -0.000707497 1 0.000913846 -0.00103418 -0.000914473 0.999999 -0.0701248 0.0219786 -0.0110258
FixedParameters: 0 0 0

#Transform 88
Transform: AffineTransform_float_3_3
Parameters: 0.999999 0.000795353 0.000963238 -0.000796479 0.999998 0.0014039 -0.000962608 -0.00140479 0.999999 -0.0704032 0.0160227 -0.00310225
FixedParameters: 0 0 0

#Transform 89
Transform: AffineTransform_float_3_3
Parameters: 0.999999 0.00120731 0.00067025 -0.00120779 0.999998 0.00155619 -0.000668084 -0.00155695 0.999999 -0.0832696 0.0195137 0.0144398
FixedParameters: 0 0 0

#Transform 90
Transform: AffineTransform_float_3_3
Parameters: 0.999999 0.00113824 0.000563161 -0.00113882 0.999999 0.00106702 -0.000561966 -0.00106747 0.999999 -0.0813593 0.0400444 0.00166538
FixedParameters: 0 0 0

#Transform 91
Transform: AffineTransform_float_3_3
Parameters: 0.999999 0.00123019 0.0005834 -0.0012308 0.999998 0.00163064 -0.00058193 -0.0016312 0.999999 -0.0707289 0.0115329 -0.00568645
FixedParameters: 0 0 0

#Transform 92
Transform: AffineTransform_float_3_3
Parameters: 0.999999 0.00118861 0.000780479 -0.0011897 0.999998 0.00172445 -0.00077797 -0.00172544 0.999998 -0.0903445 -0.00638107 0.0253826
FixedParameters: 0 0 0

#Transform 93
Transform: AffineTransform_float_3_3
Parameters: 0.999998 0.00141282 0.000927994 -0.00141501 0.999998 0.00136269 -0.000926373 -0.00136448 0.999999 -0.0775737 0.0140636 -0.0124377
FixedParameters: 0 0 0

#Transform 94
Transform: AffineTransform_float_3_3
Parameters: 0.999999 0.00137787 0.00055012 -0.00137841 0.999998 0.00166723 -0.000548067 -0.00166788 0.999999 -0.0777903 0.0310643 -0.00541971
FixedParameters: 0 0 0

#Transform 95
Transform: AffineTransform_float_3_3
Parameters: 0.999998 0.00160334 0.000717142 -0.00160477 0.999997 0.00167529 -0.000715237 -0.00167591 0.999998 -0.0771653 0.0286258 -0.00431292
FixedParameters: 0 0 0

#Transform 96
Transform: AffineTransform_float_3_3
Parameters: 0.999999 0.00148249 0.000376883 -0.00148301 0.999999 0.00115609 -0.000375649 -0.00115696 0.999999 -0.0886104 0.0193195 -0.00913175
FixedParameters: 0 0 0

#Transform 97
Transform: AffineTransform_float_3_3
Parameters: 0.999998 0.00168556 0.000985686 -0.00168717 0.999998 0.00145181 -0.000983256 -0.00145346 0.999998 -0.092335 0.0192486 0.00703821
FixedParameters: 0 0 0

#Transform 98
Transform: AffineTransform_float_3_3
Parameters: 0.999999 0.00150649 0.000388407 -0.00150713 0.999997 0.00212102 -0.000385558 -0.00212131 0.999998 -0.0715495 0.00405386 -0.00319302
FixedParameters: 0 0 0

#Transform 99
Transform: AffineTransform_float_3_3
Parameters: 0.999998 0.0017726 0.000726698 -0.00177412 0.999997 0.0017296 -0.000724013 -0.00173189 0.999998 -0.0794031 0.00933428 -0.00793799
FixedParameters: 0 0 0

#Transform 100
Transform: AffineTransform_float_3_3
Parameters: 0.999997 0.00207739 0.00055073 -0.00207749 0.999997 0.00122591 -0.000548104 -0.00122651 1 -0.0884185 0.0539224 -0.00473687
FixedParameters: 0 0 0

#Transform 101
Transform: AffineTransform_float_3_3
Parameters: 0.999998 0.00170058 0.000308038 -0.00170099 0.999998 0.00123837 -0.00030602 -0.00123916 0.999999 -0.0570249 0.0602419 -0.0113319
FixedParameters: 0 0 0

#Transform 102
Transform: AffineTransform_float_3_3
Parameters: 0.999998 0.00186286 0.000332219 -0.00186377 0.999997 0.00138688 -0.000330123 -0.00138705 0.999998 -0.0756928 0.0315509 0.0145851
FixedParameters: 0 0 0

#Transform 103
Transform: AffineTransform_float_3_3
Parameters: 0.999997 0.00203898 0.000861474 -0.00203956 0.999997 0.00162779 -0.000857598 -0.00162938 0.999998 -0.0860001 -0.0424928 0.0187972
FixedParameters: 0 0 0

#Transform 104
Transform: AffineTransform_float_3_3
Parameters: 0.999999 0.00159642 0.000912078 -0.00159807 0.999997 0.00195724 -0.000909602 -0.00195845 0.999998 -0.0744923 0.0641037 0.0240921
FixedParameters: 0 0 0

#Transform 105
Transform: AffineTransform_float_3_3
Parameters: 0.999999 0.00118226 0.000488683 -0.00118281 0.999997 0.00190618 -0.00048674 -0.00190728 0.999998 -0.0734678 0.0480702 0.0182417
FixedParameters: 0 0 0

#Transform 106
Transform: AffineTransform_float_3_3
Parameters: 1 0.00105954 0.00057705 -0.0010611 0.999998 0.0016602 -0.000575787 -0.00166139 0.999999 -0.0645718 0.11669 -0.0252394
FixedParameters: 0 0 0

#Transform 107
Transform: AffineTransform_float_3_3
Parameters: 1 0.00104883 0.000539089 -0.00104997 0.999997 0.00228508 -0.000536887 -0.00228534 0.999997 -0.0628161 0.0660677 0.00995822
FixedParameters: 0 0 0

#Transform 108
Transform: AffineTransform_float_3_3
Parameters: 0.999999 0.0010943 0.000743765 -0.0010956 0.999998 0.00129815 -0.000742156 -0.00129894 0.999998 -0.0704032 0.07852 -0.00520602
FixedParameters: 0 0 0

#Transform 109
Transform: AffineTransform_float_3_3
Parameters: 0.999999 0.00122844 0.000420874 -0.00122886 0.999998 0.00124743 -0.000419043 -0.00124762 0.999999 -0.0687703 -0.00797703 -0.00740079
FixedParameters: 0 0 0

#Transform 110
Transform: AffineTransform_float_3_3
Parameters: 0.999999 0.00116513 0.000726379 -0.00116692 0.999998 0.00168775 -0.00072375 -0.00168941 0.999999 -0.0711726 0.00923406 -0.0227835
FixedParameters: 0 0 0

#Transform 111
Transform: AffineTransform_float_3_3
Parameters: 0.999999 0.00104222 0.0005376 -0.00104367 0.999997 0.00199224 -0.000534803 -0.00199332 0.999998 -0.068581 0.0308519 -0.0362789
FixedParameters: 0 0 0

#Transform 112
Transform: AffineTransform_float_3_3
Parameters: 1 0.00105738 0.00054468 -0.00105888 0.999996 0.00260591 -0.000541809 -0.0026062 0.999997 -0.0676343 0.00611603 0.00206062
FixedParameters: 0 0 0

#Transform 113
Transform: AffineTransform_float_3_3
Parameters: 0.999999 0.00106082 0.00112438 -0.00106391 0.999997 0.00237835 -0.00112227 -0.00237925 0.999997 -0.0746072 0.0344588 -0.0264477
FixedParameters: 0 0 0

#Transform 114
Transform: AffineTransform_float_3_3
Parameters: 1 0.00102909 0.000639341 -0.00103079 0.999997 0.00235846 -0.000637076 -0.0023589 0.999997 -0.0671959 0.0295485 -0.0495563
FixedParameters: 0 0 0

#Transform 115
Transform: AffineTransform_float_3_3
Parameters: 1 0.00104938 0.000540952 -0.00105052 0.999997 0.00228214 -0.000538776 -0.00228321 0.999997 -0.0586811 0.0189094 -0.0161723
FixedParameters: 0 0 0

#Transform 116
Transform: AffineTransform_float_3_3
Parameters: 1 0.0010432 0.000538106 -0.00104474 0.999997 0.00203312 -0.000535146 -0.00203341 0.999997 -0.0671289 0.0312446 -0.00717409
FixedParameters: 0 0 0

#Transform 117
Transform: AffineTransform_float_3_3
Parameters: 1 0.00105403 0.000543143 -0.0010554 0.999996 0.00247097 -0.000540524 -0.00247124 0.999996 -0.0664863 0.0321146 -0.0319476
FixedParameters: 0 0 0

#Transform 118
Transform: AffineTransform_float_3_3
Parameters: 0.999999 0.000752404 0.00064992 -0.000753624 0.999996 0.00297986 -0.000647559 -0.00298075 0.999996 -0.0553142 0.0466388 -0.0160671
FixedParameters: 0 0 0

#Transform 119
Transform: AffineTransform_float_3_3
Parameters: 0.999999 0.000642113 0.000672266 -0.000643551 0.999998 0.00229109 -0.000671015 -0.00229109 0.999997 -0.0626225 0.0611944 -0.0436723
FixedParameters: 0 0 0

#Transform 120
Transform: AffineTransform_float_3_3
Parameters: 0.999999 0.000645548 0.00067381 -0.000647166 0.999997 0.00243013 -0.000672386 -0.00243094 0.999997 -0.0628104 0.0613296 -0.0357405
FixedParameters: 0 0 0

#Transform 121
Transform: AffineTransform_float_3_3
Parameters: 0.999999 0.000716654 0.000660291 -0.000718857 0.999995 0.00292182 -0.000657882 -0.00292131 0.999996 -0.0636323 0.0388978 -0.0304622
FixedParameters: 0 0 0

#Transform 122
Transform: AffineTransform_float_3_3
Parameters: 1 0.00073808 0.000980727 -0.000739395 0.999997 0.0021234 -0.000978581 -0.00212337 0.999997 -0.0654918 0.0095678 -0.0176714
FixedParameters: 0 0 0

#Transform 123
Transform: AffineTransform_float_3_3
Parameters: 0.999999 0.000786599 0.00117314 -0.000788445 0.999998 0.00145978 -0.00117244 -0.00146099 0.999998 -0.0724643 0.0182854 -0.026438
FixedParameters: 0 0 0

#Transform 124
Transform: AffineTransform_float_3_3
Parameters: 0.999999 0.000640731 0.000671625 -0.000642076 0.999998 0.00223421 -0.000670476 -0.00223501 0.999998 -0.0505639 0.0453669 -0.0411106
FixedParameters: 0 0 0

#Transform 125
Transform: AffineTransform_float_3_3
Parameters: 0.999999 0.000795433 0.00111903 -0.000798038 0.999996 0.00274257 -0.00111701 -0.00274284 0.999996 -0.0725074 0.0142123 0.0242958
FixedParameters: 0 0 0

#Transform 126
Transform: AffineTransform_float_3_3
Parameters: 0.999999 0.000586182 0.00128172 -0.000589011 0.999998 0.00222818 -0.00128016 -0.00222902 0.999997 -0.0536813 0.0403003 -0.0246591
FixedParameters: 0 0 0

#Transform 127
Transform: AffineTransform_float_3_3
Parameters: 0.999999 0.000861393 0.00131406 -0.000864511 0.999995 0.00289778 -0.00131174 -0.00289932 0.999995 -0.0527184 0.00868727 -0.037482
FixedParameters: 0 0 0

#Transform 128
Transform: AffineTransform_float_3_3
Parameters: 0.999999 0.000770332 0.00104584 -0.000773301 0.999996 0.00266681 -0.00104374 -0.00266834 0.999996 -0.0486754 0.020266 -0.00394367
FixedParameters: 0 0 0

#Transform 129
Transform: AffineTransform_float_3_3
Parameters: 1 0.000712871 0.000898585 -0.000714211 0.999998 0.0021838 -0.000897443 -0.002185 0.999997 -0.0455964 0.0412204 -0.0184839
FixedParameters: 0 0 0

#Transform 130
Transform: AffineTransform_float_3_3
Parameters: 1 0.000724131 0.000903748 -0.000726304 0.999996 0.00264561 -0.000901936 -0.00264684 0.999996 -0.0456098 0.035639 -0.0204355
FixedParameters: 0 0 0

#Transform 131
Transform: AffineTransform_float_3_3
Parameters: 0.999999 0.000743287 0.00123634 -0.00074609 0.999996 0.00255865 -0.00123485 -0.00255979 0.999996 -0.0507344 0.0433488 -0.00332594
FixedParameters: 0 0 0

#Transform 132
Transform: AffineTransform_float_3_3
Parameters: 1 0.000550948 0.000960281 -0.000554456 0.999996 0.00268951 -0.000959026 -0.00269051 0.999996 -0.0454793 -0.0108941 0.0151663
FixedParameters: 0 0 0

#Transform 133
Transform: AffineTransform_float_3_3
Parameters: 1 0.000342304 0.00103387 -0.00034565 0.999996 0.00303833 -0.0010329 -0.00303896 0.999995 -0.0430865 0.0278077 0.00548142
FixedParameters: 0 0 0

#Transform 134
Transform: AffineTransform_float_3_3
Parameters: 1 0.000369102 0.00111433 -0.000372085 0.999995 0.00308279 -0.00111348 -0.0030835 0.999994 -0.0400026 -0.00418049 0.037951
FixedParameters: 0 0 0

#Transform 135
Transform: AffineTransform_float_3_3
Parameters: 1 0.000333432 0.00102992 -0.000336022 0.999997 0.00267248 -0.0010292 -0.00267308 0.999996 -0.0416097 0.0719486 -0.0357614
FixedParameters: 0 0 0

#Transform 136
Transform: AffineTransform_float_3_3
Parameters: 1 0.000351803 0.00103811 -0.000355016 0.999994 0.00343019 -0.00103717 -0.00343082 0.999993 -0.0432739 0.00642754 0.00396464
FixedParameters: 0 0 0

#Transform 137
Transform: AffineTransform_float_3_3
Parameters: 1 0.000684898 0.000923634 -0.000687861 0.999995 0.00302855 -0.000921552 -0.00302973 0.999995 -0.0407639 0.0167818 0.0137175
FixedParameters: 0 0 0

#Transform 138
Transform: AffineTransform_float_3_3
Parameters: 0.999999 0.00058969 0.00122203 -0.000593656 0.999995 0.00308206 -0.0012208 -0.00308281 0.999995 -0.0478667 0.00776374 -0.0361487
FixedParameters: 0 0 0

#Transform 139
Transform: AffineTransform_float_3_3
Parameters: 1 0.000881388 0.00086526 -0.000884726 0.999995 0.00327607 -0.000862527 -0.00327669 0.999994 -0.0366457 0.0253342 -0.0590546
FixedParameters: 0 0 0

#Transform 140
Transform: AffineTransform_float_3_3
Parameters: 1 0.00066131 0.000979794 -0.000664437 0.999995 0.00309757 -0.000976813 -0.00309879 0.999994 -0.0399768 -3.00834e-05 -0.0521629
FixedParameters: 0 0 0

#Transform 141
Transform: AffineTransform_float_3_3
Parameters: 1 0.000663941 0.00095256 -0.000667261 0.999993 0.00364602 -0.000950192 -0.00364717 0.999993 -0.0270013 -0.0258995 -0.0721061
FixedParameters: 0 0 0

#Transform 142
Transform: AffineTransform_float_3_3
Parameters: 1 0.000796825 0.000921699 -0.000800616 0.999993 0.00349111 -0.000918288 -0.0034919 0.999994 -0.0282313 0.012319 -0.0576581
FixedParameters: 0 0 0

#Transform 143
Transform: AffineTransform_float_3_3
Parameters: 0.999999 0.00118335 0.00135781 -0.00118679 0.999995 0.00279558 -0.00135474 -0.00279726 0.999995 -0.0592796 0.031815 -0.0616319
FixedParameters: 0 0 0

#Transform 144
Transform: AffineTransform_float_3_3
Parameters: 0.999999 0.00108656 0.00114602 -0.00109069 0.999993 0.00365692 -0.00114182 -0.00365787 0.999993 -0.054559 -0.0344557 -0.0758942
FixedParameters: 0 0 0

#Transform 145
Transform: AffineTransform_float_3_3
Parameters: 0.999999 0.00158969 0.000992718 -0.00159451 0.99999 0.00411056 -0.000986265 -0.00411136 0.999991 -0.0389958 -0.0211027 -0.0681844
FixedParameters: 0 0 0

#Transform 146
Transform: AffineTransform_float_3_3
Parameters: 0.999999 0.0014447 0.00125141 -0.0014499 0.999991 0.00390421 -0.00124605 -0.00390545 0.999991 -0.0396628 0.0453824 -0.0811462
FixedParameters: 0 0 0

#Transform 147
Transform: AffineTransform_float_3_3
Parameters: 0.999998 0.0012793 0.00102925 -0.00128338 0.99999 0.00422944 -0.00102447 -0.00423049 0.999991 -0.0350826 -0.0022596 -0.0814557
FixedParameters: 0 0 0

#Transform 148
Transform: AffineTransform_float_3_3
Parameters: 0.999998 0.00143528 0.000964479 -0.00143834 0.999993 0.00347353 -0.000960115 -0.00347533 0.999994 -0.0348619 0.0696089 -0.113799
FixedParameters: 0 0 0

#Transform 149
Transform: AffineTransform_float_3_3
Parameters: 0.999999 0.00110944 0.00149809 -0.00111543 0.999992 0.00372156 -0.00149386 -0.00372273 0.999992 -0.0389119 0.0549091 -0.0726067
FixedParameters: 0 0 0

#Transform 150
Transform: AffineTransform_float_3_3
Parameters: 0.999998 0.00111991 0.0012443 -0.00112549 0.999989 0.00462428 -0.00123945 -0.00462547 0.999989 -0.0394263 0.0107771 -0.0784066
FixedParameters: 0 0 0

#Transform 151
Transform: AffineTransform_float_3_3
Parameters: 0.999998 0.00128441 0.00124572 -0.0012894 0.99999 0.00437582 -0.00123994 -0.00437742 0.99999 -0.0247683 0.0633609 -0.123903
FixedParameters: 0 0 0

#Transform 152
Transform: AffineTransform_float_3_3
Parameters: 0.999999 0.00103382 0.00152591 -0.0010416 0.999987 0.00489971 -0.00152066 -0.00490066 0.999987 -0.0531401 0.0480889 -0.112784
FixedParameters: 0 0 0

#Transform 153
Transform: AffineTransform_float_3_3
Parameters: 0.999998 0.00111389 0.00142703 -0.00112144 0.999986 0.00507248 -0.00142162 -0.00507404 0.999986 -0.0392579 0.0131674 -0.117242
FixedParameters: 0 0 0

#Transform 154
Transform: AffineTransform_float_3_3
Parameters: 0.999999 0.00112748 0.0015133 -0.00113389 0.99999 0.00437687 -0.00150914 -0.00437866 0.999989 -0.0496442 0.0460153 -0.0912056
FixedParameters: 0 0 0

#Transform 155
Transform: AffineTransform_float_3_3
Parameters: 0.999999 0.00126365 0.00125358 -0.00126891 0.999991 0.00405775 -0.00124831 -0.00405913 0.99999 -0.0380912 -0.00243571 -0.0708946
FixedParameters: 0 0 0

#Transform 156
Transform: AffineTransform_float_3_3
Parameters: 0.999998 0.0011176 0.0016613 -0.00112635 0.999986 0.00508797 -0.00165516 -0.00508946 0.999986 -0.0415313 0.00647172 -0.058561
FixedParameters: 0 0 0

#Transform 157
Transform: AffineTransform_float_3_3
Parameters: 0.999999 0.000886022 0.00168626 -0.000895121 0.999984 0.00550108 -0.00168121 -0.00550182 0.999983 -0.0393091 -0.0180952 -0.0403742
FixedParameters: 0 0 0

#Transform 158
Transform: AffineTransform_float_3_3
Parameters: 0.999998 0.00111153 0.00142635 -0.00111785 0.99999 0.00428736 -0.00142229 -0.00428974 0.99999 -0.0406886 0.0566381 -0.10954
FixedParameters: 0 0 0

#Transform 159
Transform: AffineTransform_float_3_3
Parameters: 0.999998 0.00126812 0.00167383 -0.00127559 0.999987 0.00485172 -0.00166798 -0.0048537 0.999987 -0.0420901 0.0172604 -0.120759
FixedParameters: 0 0 0

#Transform 160
Transform: AffineTransform_float_3_3
Parameters: 0.999997 0.00123514 0.00183108 -0.00124389 0.999988 0.00478372 -0.00182571 -0.00478599 0.999987 -0.0437896 0.0355225 -0.116633
FixedParameters: 0 0 0

#Transform 161
Transform: AffineTransform_float_3_3
Parameters: 0.999998 0.00115849 0.00163042 -0.00116492 0.999991 0.0041566 -0.0016255 -0.00415876 0.99999 -0.0409814 0.0404587 -0.0871878
FixedParameters: 0 0 0

#Transform 162
Transform: AffineTransform_float_3_3
Parameters: 0.999998 0.000868792 0.00184692 -0.000876556 0.99999 0.0043754 -0.00184349 -0.0043772 0.999989 -0.0391984 0.0436699 -0.122768
FixedParameters: 0 0 0

#Transform 163
Transform: AffineTransform_float_3_3
Parameters: 0.999998 0.0011845 0.00163436 -0.00119331 0.999985 0.00539862 -0.00162817 -0.00540023 0.999985 -0.0401894 0.0243416 -0.118531
FixedParameters: 0 0 0

#Transform 164
Transform: AffineTransform_float_3_3
Parameters: 0.999998 0.00118119 0.00180463 -0.00119004 0.999985 0.00524468 -0.00179815 -0.00524666 0.999985 -0.042972 0.0151078 -0.106004
FixedParameters: 0 0 0

#Transform 165
Transform: AffineTransform_float_3_3
Parameters: 0.999998 0.00124517 0.00166456 -0.001252 0.999989 0.0044803 -0.0016585 -0.00448221 0.999989 -0.0409293 0.0606938 -0.137984
FixedParameters: 0 0 0

#Transform 166
Transform: AffineTransform_float_3_3
Parameters: 0.999998 0.0011752 0.00162658 -0.00118254 0.999986 0.00505685 -0.00162025 -0.00505841 0.999986 -0.0470362 0.00865643 -0.116239
FixedParameters: 0 0 0

#Transform 167
Transform: AffineTransform_float_3_3
Parameters: 0.999998 0.00108329 0.00133157 -0.00109012 0.999986 0.00517045 -0.00132632 -0.00517171 0.999986 -0.0354149 0.026661 -0.0999902
FixedParameters: 0 0 0

#Transform 168
Transform: AffineTransform_float_3_3
Parameters: 0.999998 0.00119793 0.00171082 -0.00120543 0.999987 0.00484618 -0.00170472 -0.00484801 0.999987 -0.0447184 0.071145 -0.138494
FixedParameters: 0 0 0

#Transform 169
Transform: AffineTransform_float_3_3
Parameters: 0.999998 0.00112913 0.00176007 -0.00113953 0.999984 0.0055607 -0.00175319 -0.00556241 0.999983 -0.0411498 0.0217404 -0.116107
FixedParameters: 0 0 0

#Transform 170
Transform: AffineTransform_float_3_3
Parameters: 0.999997 0.00129172 0.00195788 -0.00130163 0.999983 0.00560304 -0.00195001 -0.00560576 0.999982 -0.0459677 0.0213627 -0.115479
FixedParameters: 0 0 0

#Transform 171
Transform: AffineTransform_float_3_3
Parameters: 0.999997 0.00125536 0.00187801 -0.00126426 0.999986 0.00504874 -0.00187119 -0.00505117 0.999985 -0.0441702 0.0425046 -0.127135
FixedParameters: 0 0 0

#Transform 172
Transform: AffineTransform_float_3_3
Parameters: 0.999996 0.00159584 0.0021333 -0.00160695 0.999986 0.0050286 -0.00212527 -0.0050317 0.999985 -0.0525174 0.00824759 -0.115721
FixedParameters: 0 0 0

#Transform 173
Transform: AffineTransform_float_3_3
Parameters: 0.999997 0.00125729 0.00187897 -0.0012665 0.999987 0.00513162 -0.00187195 -0.00513325 0.999985 -0.0485393 0.0761726 -0.0956823
FixedParameters: 0 0 0

#Transform 174
Transform: AffineTransform_float_3_3
Parameters: 0.999997 0.00126757 0.00188412 -0.0012778 0.999984 0.00557053 -0.00187725 -0.005573 0.999983 -0.0469123 0.0617775 -0.11586
FixedParameters: 0 0 0

#Transform 175
Transform: AffineTransform_float_3_3
Parameters: 0.999998 0.0011882 0.00167795 -0.00119583 0.999987 0.00488583 -0.00167279 -0.00488755 0.999987 -0.0413445 0.0451983 -0.09699
FixedParameters: 0 0 0

#Transform 176
Transform: AffineTransform_float_3_3
Parameters: 0.999997 0.00125748 0.00184304 -0.00126781 0.999983 0.00572425 -0.00183592 -0.00572576 0.999982 -0.047089 0.0243158 -0.0728899
FixedParameters: 0 0 0

#Transform 177
Transform: AffineTransform_float_3_3
Parameters: 0.999998 0.00119327 0.00169971 -0.00120141 0.999988 0.00479009 -0.00169343 -0.0047925 0.999987 -0.0512762 0.0532215 -0.0525638
FixedParameters: 0 0 0

#Transform 178
Transform: AffineTransform_float_3_3
Parameters: 0.999997 0.00129248 0.00196546 -0.00130311 0.999985 0.00551879 -0.00195747 -0.00552075 0.999983 -0.0474254 0.0428309 -0.0493782
FixedParameters: 0 0 0

#Transform 179
Transform: AffineTransform_float_3_3
Parameters: 0.999998 0.00128311 0.00156009 -0.00129289 0.999982 0.00589673 -0.00155261 -0.00589905 0.999981 -0.0415519 0.0439896 -0.0506942
FixedParameters: 0 0 0

#Transform 180
Transform: AffineTransform_float_3_3
Parameters: 0.999998 0.00120787 0.00165875 -0.00121754 0.99998 0.00618202 -0.00165122 -0.00618371 0.999979 -0.0449459 0.067515 -0.0274653
FixedParameters: 0 0 0

#Transform 181
Transform: AffineTransform_float_3_3
Parameters: 0.999998 0.00140965 0.00120869 -0.00141765 0.999977 0.00667983 -0.00119971 -0.00668154 0.999977 -0.0372278 0.00474367 -0.108302
FixedParameters: 0 0 0

#Transform 182
Transform: AffineTransform_float_3_3
Parameters: 0.999999 0.00118496 0.00154374 -0.0011955 0.999976 0.00686393 -0.00153603 -0.00686585 0.999975 -0.0379638 0.0242798 -0.13235
FixedParameters: 0 0 0

#Transform 183
Transform: AffineTransform_float_3_3
Parameters: 0.999998 0.00120017 0.00139803 -0.00120903 0.999977 0.00663253 -0.00139038 -0.0066344 0.999978 -0.0370989 0.0245996 -0.101254
FixedParameters: 0 0 0

#Transform 184
Transform: AffineTransform_float_3_3
Parameters: 0.999998 0.00147847 0.00149071 -0.00148727 0.999981 0.00606331 -0.00148172 -0.0060652 0.99998 -0.0627968 0.0596881 -0.105017
FixedParameters: 0 0 0

#Transform 185
Transform: AffineTransform_float_3_3
Parameters: 0.999997 0.00126337 0.0018051 -0.00127482 0.999977 0.00663398 -0.00179744 -0.00663617 0.999976 -0.0437427 -0.0100806 -0.103468
FixedParameters: 0 0 0

#Transform 186
Transform: AffineTransform_float_3_3
Parameters: 0.999997 0.00115753 0.00228536 -0.00117282 0.999976 0.00683964 -0.00227771 -0.0068419 0.999974 -0.0504376 -0.0106923 -0.0291448
FixedParameters: 0 0 0

#Transform 187
Transform: AffineTransform_float_3_3
Parameters: 0.999997 0.00157558 0.00180678 -0.00158698 0.999978 0.0065264 -0.00179624 -0.0065289 0.999977 -0.0528472 0.0609087 -0.160464
FixedParameters: 0 0 0

#Transform 188
Transform: AffineTransform_float_3_3
Parameters: 0.999997 0.00138783 0.00176512 -0.00139993 0.999975 0.00698923 -0.00175496 -0.00699175 0.999974 -0.0422913 0.0373125 -0.174733
FixedParameters: 0 0 0

#Transform 189
Transform: AffineTransform_float_3_3
