global_signal	global_signal_derivative1	global_signal_derivative1_power2	global_signal_power2	csf	csf_derivative1	csf_derivative1_power2	csf_power2	white_matter	white_matter_derivative1	white_matter_derivative1_power2	white_matter_power2	csf_wm	tcompcor	std_dvars	dvars	framewise_displacement	rmsd	t_comp_cor_00	t_comp_cor_01	t_comp_cor_02	t_comp_cor_03	t_comp_cor_04	t_comp_cor_05	c_comp_cor_00	c_comp_cor_01	c_comp_cor_02	c_comp_cor_03	c_comp_cor_04	c_comp_cor_05	w_comp_cor_00	w_comp_cor_01	w_comp_cor_02	w_comp_cor_03	w_comp_cor_04	w_comp_cor_05	w_comp_cor_06	w_comp_cor_07	w_comp_cor_08	w_comp_cor_09	w_comp_cor_10	w_comp_cor_11	w_comp_cor_12	w_comp_cor_13	w_comp_cor_14	w_comp_cor_15	w_comp_cor_16	w_comp_cor_17	w_comp_cor_18	w_comp_cor_19	w_comp_cor_20	w_comp_cor_21	w_comp_cor_22	w_comp_cor_23	w_comp_cor_24	w_comp_cor_25	w_comp_cor_26	w_comp_cor_27	w_comp_cor_28	w_comp_cor_29	w_comp_cor_30	w_comp_cor_31	w_comp_cor_32	w_comp_cor_33	w_comp_cor_34	w_comp_cor_35	w_comp_cor_36	w_comp_cor_37	w_comp_cor_38	w_comp_cor_39	w_comp_cor_40	w_comp_cor_41	w_comp_cor_42	w_comp_cor_43	w_comp_cor_44	w_comp_cor_45	w_comp_cor_46	w_comp_cor_47	w_comp_cor_48	w_comp_cor_49	w_comp_cor_50	a_comp_cor_00	a_comp_cor_01	a_comp_cor_02	a_comp_cor_03	a_comp_cor_04	a_comp_cor_05	a_comp_cor_06	a_comp_cor_07	a_comp_cor_08	a_comp_cor_09	a_comp_cor_10	a_comp_cor_11	a_comp_cor_12	a_comp_cor_13	a_comp_cor_14	a_comp_cor_15	a_comp_cor_16	a_comp_cor_17	a_comp_cor_18	a_comp_cor_19	a_comp_cor_20	a_comp_cor_21	a_comp_cor_22	a_comp_cor_23	a_comp_cor_24	a_comp_cor_25	a_comp_cor_26	a_comp_cor_27	a_comp_cor_28	a_comp_cor_29	a_comp_cor_30	a_comp_cor_31	a_comp_cor_32	a_comp_cor_33	a_comp_cor_34	a_comp_cor_35	a_comp_cor_36	a_comp_cor_37	a_comp_cor_38	a_comp_cor_39	a_comp_cor_40	a_comp_cor_41	a_comp_cor_42	a_comp_cor_43	edge_comp_00	edge_comp_01	edge_comp_02	edge_comp_03	edge_comp_04	edge_comp_05	edge_comp_06	edge_comp_07	edge_comp_08	edge_comp_09	edge_comp_10	edge_comp_11	edge_comp_12	edge_comp_13	edge_comp_14	edge_comp_15	edge_comp_16	edge_comp_17	edge_comp_18	edge_comp_19	edge_comp_20	edge_comp_21	edge_comp_22	edge_comp_23	cosine00	cosine01	cosine02	cosine03	cosine04	trans_x	trans_x_derivative1	trans_x_derivative1_power2	trans_x_power2	trans_y	trans_y_derivative1	trans_y_derivative1_power2	trans_y_power2	trans_z	trans_z_derivative1	trans_z_derivative1_power2	trans_z_power2	rot_x	rot_x_derivative1	rot_x_power2	rot_x_derivative1_power2	rot_y	rot_y_derivative1	rot_y_power2	rot_y_derivative1_power2	rot_z	rot_z_derivative1	rot_z_derivative1_power2	rot_z_power2	motion_outlier00	motion_outlier01	motion_outlier02	motion_outlier03	motion_outlier04	motion_outlier05	motion_outlier06	motion_outlier07	motion_outlier08	motion_outlier09	motion_outlier10	motion_outlier11	motion_outlier12	motion_outlier13	motion_outlier14	motion_outlier15	motion_outlier16	motion_outlier17	motion_outlier18	motion_outlier19	motion_outlier20	motion_outlier21	motion_outlier22	motion_outlier23	motion_outlier24	motion_outlier25	motion_outlier26	motion_outlier27	motion_outlier28	motion_outlier29	motion_outlier30	motion_outlier31	motion_outlier32	motion_outlier33	motion_outlier34	motion_outlier35	motion_outlier36	motion_outlier37	motion_outlier38	motion_outlier39	motion_outlier40	motion_outlier41	motion_outlier42	motion_outlier43	motion_outlier44	motion_outlier45	motion_outlier46	motion_outlier47
570.1238528065979	n/a	n/a	325041.2075390394	813.8866923994807	n/a	n/a	662411.5480649669	551.0460326168516	n/a	n/a	303651.7300627722	591.1268116520689	558.6362597391375	n/a	n/a	n/a	n/a	-0.0109017127	0.0270845757	-0.0383879811	0.1111101316	-0.0593509852	-0.0214062593	0.471120755	-0.0052589767	0.1147951855	-0.1023946537	0.1149103567	-0.0840226232	0.112985258	-0.2504601605	0.0393957788	-0.2239511996	0.0211853272	-0.0789952668	-0.0670328477	0.1585018881	-0.1036817778	0.1746431747	-0.0440892941	0.0517923515	-0.076438447	0.026330598	-0.1285132287	0.0436662475	-0.2168955216	0.0140616494	-0.0475608451	-0.007169098	-0.053930143	0.0438150126	-0.1539199109	0.1112710308	-0.0839436523	0.0248319741	-0.1180758999	0.1511302105	-0.0299604458	0.154653047	-0.0730347187	0.0377386401	-0.0349657569	0.0110291024	-0.0566699916	0.0616111977	-0.0180557367	0.0493709766	-0.0134635373	-0.0608848554	0.0133721413	0.03655789	-0.1150637216	0.0462957304	-0.058516728	-0.0438829556	0.0433302163	0.0148561899	-0.083016465	0.0351536866	0.1161062587	0.0306667587	-0.0573279846	-0.3117713655	0.297857572	-0.0275522956	0.1165957482	-0.1491645532	0.0112092505	-0.0770326672	0.0530367555	-0.2360521677	-0.0343990202	0.0121428786	-0.10393203	0.2585533564	-0.0962564896	0.0461493742	-0.0983426874	0.0605305499	-0.0324847863	0.0694130747	-0.0321595371	0.1833104376	0.1192685554	-0.0181237104	0.1059409717	-0.0413218578	0.0806453492	-0.1630162095	0.0514709047	-0.0676422565	0.0597640221	-0.1196030221	0.0229726954	-0.0530343605	0.0264583307	-0.128453604	0.0701750081	-0.0043411274	0.2027523894	-0.0626116354	0.0261342638	-0.0005215101	-0.0481637126	0.003824191	-0.0459192757	0.0396179174	-0.0605283079	0.0198116473	-0.0413843465	0.029560871	-0.0016274321	0.0418635887	-0.1251524852	0.0437891496	-0.0039253377	0.0370874741	-0.0343880269	-0.1007704905	0.0776665463	-0.0061860025	0.0028974885	-0.0302364129	0.0897886553	-0.0181998114	0.0039865324	-0.0170037095	0.1978503989	0.0975872772	0.0975790871	0.0975654375	0.0975463292	0.0975217631	0.0399342492975733	n/a	n/a	0.0015947442669607	0.0150614912701598	n/a	n/a	0.000226848519281	0.0370620721276893	n/a	n/a	0.001373597190398	0.0015630145008905	n/a	2.4430143299939787e-06	n/a	-0.0004386885019824	n/a	1.9244760177156217e-07	n/a	0.0023193462424035	n/a	n/a	5.379366992151235e-06	0.0	0.0	0.0	0.0	0.0	0.0	0.0	0.0	0.0	0.0	0.0	0.0	0.0	0.0	0.0	0.0	0.0	0.0	0.0	0.0	0.0	0.0	0.0	0.0	0.0	0.0	0.0	0.0	0.0	0.0	0.0	0.0	0.0	0.0	0.0	0.0	0.0	0.0	0.0	0.0	0.0	0.0	0.0	0.0	0.0	0.0	0.0	0.0
565.6416529495747	-4.482199857023261	20.09011555829934	319950.47955152707	787.0923506648664	-26.79434173461425	717.936748991291	619514.3684751451	547.4677378103273	-3.578294806524241	12.804193722398354	299720.9239431573	585.0896581949237	560.2492399185229	1.332738	25.085932	0.1080339808594505	0.0564431771694452	-0.016874481	0.0843872697	-0.0285824738	0.070754365	-0.0607454431	-0.0815938975	0.1347075011	-0.0042567998	-0.0382637558	0.0537858249	-0.0015179144	-0.0680569278	-0.0440347791	-0.0031470021	0.0645910482	0.0070976148	-0.0679143741	-0.134489382	-0.1193119175	0.0535235078	0.0931161991	0.1387257356	-0.0122205861	-0.0204494954	0.0997076376	-0.1001156264	-0.1466519015	0.0205066551	-0.1148739695	0.2123323707	-0.0500355515	-0.0051802681	0.0158942304	-0.0166336689	0.0010131812	0.0082567172	0.118677428	-0.0787015835	0.1697406162	0.0596012801	0.0055287928	-0.0906978021	-0.0164340005	-0.0150529833	-0.0634930366	-0.0487636096	-0.005089908	-0.1193184795	0.0634639007	-0.120786266	-0.0019261237	0.0898200779	-0.0227869093	-0.0483969683	-0.0498017358	0.054199634	-0.0913546754	-0.0091545248	-0.0090784738	0.0101088205	0.0812831274	-0.023065409	-0.0321676358	0.0295268235	-0.0891249627	-0.0121377211	0.0277590191	0.0119366672	0.0651655997	0.003709544	0.1002070053	0.0754297436	-0.0662481974	-0.1755426474	-0.0219678809	-0.034432669	0.1507432009	0.1460800732	-0.0337975395	0.0999471459	-0.0334836545	0.0517682447	0.1521653547	0.0151265612	-0.0609804189	0.1304328403	-0.1432093546	-0.1052744806	0.0005083613	-0.0173518714	-0.0700053264	0.0898863726	0.0198501471	0.0322461659	0.05238281	0.1799288826	-0.001621424	-0.0822127087	0.052943456	0.0006928782	-0.1138135496	-0.1172697404	-0.0960024634	0.0622058609	0.0289193447	0.0104088396	0.0497887156	0.017398355	-0.0106573794	-0.0005011093	-0.0472075763	0.0235714533	-0.0342946049	0.0533187068	-0.0437455675	0.0079918876	-0.0830813936	0.0764000692	-0.0361173484	0.071925794	0.0237786138	-0.0142702883	-0.0182053885	-0.0105913447	0.0117605464	-0.0399329547	0.0551073428	-0.0206226583	-0.1368279289	-0.0739790653	0.1395004175	0.0975654375	0.0974917407	0.0973689537	0.0971971386	0.0969763818	0.04865670028326	0.0087224509856867	7.608115119770698e-05	0.0023674744824549	0.0006542362080637	-0.0144072550620961	0.0002075689984242	4.28025015941569e-07	0.054835442739872	0.0177733706121827	0.0003158927029179	0.0030069257804777	0.0015581830340905	-4.831466799999976e-06	2.4279343677274763e-06	2.3343071439502003e-11	-0.0009283537547992	-0.0004896652528168	8.618406940497731e-07	2.3977205981614064e-07	0.0014712248780306	-0.0008481213643729	7.193098487057494e-07	2.1645026417361537e-06	0.0	0.0	0.0	0.0	0.0	0.0	0.0	0.0	0.0	0.0	0.0	0.0	0.0	0.0	0.0	0.0	0.0	0.0	0.0	0.0	0.0	0.0	0.0	0.0	0.0	0.0	0.0	0.0	0.0	0.0	0.0	0.0	0.0	0.0	0.0	0.0	0.0	0.0	0.0	0.0	0.0	0.0	0.0	0.0	0.0	0.0	0.0	0.0
565.5343152580175	-0.1073376915571771	0.0115213800288236	319829.0617343547	780.2756198132373	-6.816730851629131	46.46781950355242	608830.0428749317	547.2449853179652	-0.2227524923621331	0.0496186728535421	299477.07395566	584.3114360501776	551.6852830921372	1.083523	20.395002	0.1860694784397054	0.0983932113908739	-0.0418032659	0.0733657397	-0.0015115791	0.0437301107	-0.0829603417	-0.1171222785	0.0625545043	0.0201079089	-0.0770840844	0.0306633166	-0.0516887651	-0.0274505101	-0.0597242897	0.0142056512	0.1144208528	0.0288641556	-0.0365094344	-0.0041730175	-0.0424924373	-0.0949984981	-0.1298281629	0.0768913772	-0.0226518197	-0.0972819641	0.1348507965	-0.0136210583	-0.0723094408	-0.0328496989	-0.1397579516	-0.0017532876	-0.0936759899	-0.055347772	-0.1151532076	0.0824881391	-0.0096937405	-0.0166034943	0.0292101348	0.0207923839	0.0043453598	-0.0514718692	0.0334186916	0.0987072336	0.0425868469	-0.0724184093	0.0743981149	0.0491808241	-0.0320195815	-0.1240238429	-0.0130917639	-0.0189809025	0.1585904003	0.1347036581	-0.09430858	-0.0150230468	0.0691007167	-0.0294721012	-0.0129465456	-0.0436860979	-0.1222291694	0.0762376109	0.0286236967	0.0956975113	0.1030411119	0.0541574954	-0.1112353692	0.0482031527	-0.0252810984	-0.0017626193	0.02847508	-0.0543801891	-0.0289472101	0.0931483624	-0.1281563717	-0.0065816452	-0.0396410116	0.0067876258	0.0232878458	0.0469822114	-0.0772531321	0.1107576292	-0.0826522947	0.0164079158	0.0001263835	-0.1228194125	-0.0186906233	0.1064065079	-0.017857912	-0.1602512651	0.1496034092	0.0154232273	-0.0132616076	0.1357765267	-0.0753265182	0.0036342595	-0.0900400331	-0.0809822934	-0.0226836334	-0.0789493759	-0.0323503869	0.0725845366	-0.0719625968	0.0258707286	0.1049085767	-0.0062300218	0.0066373568	-0.0209170789	0.1467827358	0.009622577	-0.0402131052	0.0542077923	-0.0911438321	0.0992330606	-0.0654874544	0.0878284237	0.0681007629	-0.0206994112	-0.0061958322	0.0363646685	0.0340587223	0.026280216	-0.0528405739	0.0776091889	0.0516225435	0.0414272709	0.1048742817	-0.0100183039	0.0169950027	-0.080610794	-0.013147433	0.0620163711	0.1625693791	0.0975217631	0.0973171258	0.0969763818	0.0965000075	0.0958886693	0.0135289305988379	-0.0351277696844221	0.0012339602030018	0.0001830319631481	0.0777428505393089	0.0770886143312452	0.0059426544595114	0.0060439508099773	0.0521583040885289	-0.0026771386513431	7.167071358515153e-06	0.0027204886853914	0.0010667528798415	-0.000491430154249	1.1379617066501335e-06	2.41503596505196e-07	-0.0009302150388696	-1.861284070400044e-06	8.653000185391715e-07	3.4643783907249548e-12	0.0005409972008961	-0.0009302276771345	8.653235313070476e-07	2.926779713774152e-07	0.0	0.0	0.0	0.0	0.0	0.0	0.0	0.0	0.0	0.0	0.0	0.0	0.0	0.0	0.0	0.0	0.0	0.0	0.0	0.0	0.0	0.0	0.0	0.0	0.0	0.0	0.0	0.0	0.0	0.0	0.0	0.0	0.0	0.0	0.0	0.0	0.0	0.0	0.0	0.0	0.0	0.0	0.0	0.0	0.0	0.0	0.0	0.0
565.2403375383931	-0.2939777196244222	0.0864228996355754	319496.63918051653	779.226774162078	-1.048845651159354	1.1000771999558894	607194.3655710381	547.5459266102642	0.3009412922990577	0.0905656614106269	299806.54174749285	585.6816035247759	566.6469803181446	1.532078	28.838085	0.380139258899171	0.1853127410982462	-0.0050999819	0.0140824569	-0.0085860697	0.0156582869	-0.1113848759	-0.0842696236	0.0121339086	0.014579546	-0.0170165632	0.0865586961	-0.1579589953	-0.031520829	-0.0532745564	-0.038383042	0.0378934101	0.0179136402	0.1079655697	-0.0077419864	0.026058619	0.0929501015	-0.0344873275	0.1275865824	-0.0579835108	-0.1612963451	0.1242548431	0.0190390238	0.0766194087	0.0121324016	0.0383460073	0.0134273371	-0.0252380507	-0.0553705396	0.0410607164	0.0738767692	-0.0073162554	-0.0275030872	-0.0127319933	-0.0247985048	-0.0063463483	0.0715224851	0.0184571584	0.0333685817	0.0828065905	0.0444546445	0.0015988203	0.1313735998	0.1110663127	-0.0561565997	0.1620173247	-0.0028149573	-0.0188853538	-0.1021642006	-0.1657236561	0.0317115882	0.0405933825	-0.0345051483	0.094998061	0.0516805965	-0.0135795979	-0.0837078783	0.0811097254	0.0318762556	-0.0276932794	0.0145129142	0.0046056251	0.1052993256	0.0523711613	0.0088184646	-0.0521400147	-0.1735763758	0.0393258669	0.1191417162	-0.0365396201	-0.0085095222	-0.0390892188	0.0190489176	0.0399931039	0.0046915946	-0.1494074701	-0.008963896	-0.0300489319	0.0972270834	0.0189591871	0.0192746687	-0.0374122844	-0.0648930935	0.0443924875	-0.084488844	0.0341526454	0.1878851073	0.0306613659	0.0586966307	0.0711524421	-0.0033953743	-0.0603716367	-0.0721748393	0.1282050108	0.0629763252	-0.0324477945	-0.0025944336	0.0788828995	0.0903793198	0.0014579911	-0.0390230957	0.029214518	0.0812290482	-0.0248300386	-0.0057620093	-0.0493685998	0.0125548715	-0.014786356	-0.0116880807	-0.0088854341	-0.0716543936	-0.0543607032	0.1576564063	-0.0438434249	0.2179994318	-0.070784476	0.0014688861	-0.0597552088	-0.0548370705	-0.0229212154	0.0383756297	-0.0502211064	0.0088151204	0.0432032674	-0.1223464097	-0.0675870247	0.0644363371	0.0225517941	0.0974562636	0.097055399	0.0963885124	0.0954574315	0.0942647084	0.1087231178630077	0.0951941872641698	0.0090619332888858	0.0118207163578534	0.0412861077477515	-0.0364567427915574	0.0013290940949697	0.0017045426929589	0.0118619061644551	-0.0402963979240738	0.0016237996856552	0.0001407048178543	0.0023530517750081	0.0012862988951665	5.53685265586877e-06	1.6545648477068154e-06	-0.0003796279670837	0.0005505870717859	1.4411739339210284e-07	3.031461236177718e-07	0.002867949852331	0.0023269526514349	5.414708642019912e-06	8.225136355485403e-06	1.0	0.0	0.0	0.0	0.0	0.0	0.0	0.0	0.0	0.0	0.0	0.0	0.0	0.0	0.0	0.0	0.0	0.0	0.0	0.0	0.0	0.0	0.0	0.0	0.0	0.0	0.0	0.0	0.0	0.0	0.0	0.0	0.0	0.0	0.0	0.0	0.0	0.0	0.0	0.0	0.0	0.0	0.0	0.0	0.0	0.0	0.0	0.0
562.4731232976033	-2.7672142407898264	7.657474654430015	316376.0144321608	773.1284361689924	-6.098337993085579	37.18972627791105	597727.5788131118	547.0725127753861	-0.4734138348781016	0.2241206590539904	299288.33423437504	584.8781325948626	563.1095908553964	1.198471	22.558651	0.1985864095707263	0.0992892074035646	0.0200326019	0.0031419941	-0.0859717946	0.0165387736	-0.0058151506	-0.1131407749	-0.0333383354	-0.0559979633	0.0858232631	0.1085435449	0.0397510806	-0.0443409677	-0.0906489461	0.0098715493	-0.0089576209	0.0430325786	0.1038654398	-0.0784355505	-0.117992566	-0.0036922516	0.0092872859	-0.0619169388	-0.0112276982	-0.1386578053	0.1537758488	0.0250686814	0.0629699895	0.1321356585	0.0395406035	0.0770648609	-0.019853553	-0.060227026	0.0386830716	0.0563512382	0.0219153928	0.0117909169	-0.1347004306	-0.0129361174	-0.0066698461	0.0553266826	0.059027985	0.0274015558	0.0163066109	0.0942219605	-0.002195498	0.0132164096	0.1094037924	-0.1023610281	-0.0351274959	0.0177190276	-0.0941045745	0.0630585468	0.0109270709	-0.0607501806	-0.013263697	0.0366188446	0.1198338568	0.0807606922	0.0305636313	-0.0637964082	0.0682144239	0.0287942771	-0.0293460757	-0.0352518819	0.0577114184	0.1304287943	0.020745564	-0.0246844787	0.0807730169	-0.0474746243	0.1038176264	0.0842978983	-0.1237055015	0.0356969156	-0.0932964061	-0.0935964525	0.1178417482	0.0028257457	-0.0138749601	-0.0033494277	-0.0392568141	0.0405516081	0.0626125487	0.0646662669	-0.0162644218	-0.1265640219	0.0022473179	0.0196830265	0.0151497056	-0.0187694271	0.0277954951	0.010488043	0.04561957	-0.0078187626	0.0635941167	0.0187796939	-0.0040167026	-0.0087479014	0.0577017473	-0.1387739519	0.0573913561	-0.0496535856	-0.030054488	-0.1552683083	-0.1865145032	-0.1548585142	-0.0833570847	0.0026489671	-0.053500459	0.0236225453	-0.0430006642	0.0332678185	-0.0003165928	-0.0140433084	-0.0398309145	0.0581742721	0.061236362	0.1278602984	-0.0136062748	-0.0174820843	-0.0530389346	0.0008414169	0.0064584666	0.0320625005	-0.0005250643	0.0145451144	0.0631735098	-0.0749470367	0.0300092244	0.0978778307	-0.0180882043	0.0973689537	0.0967067945	0.0956065293	0.0940731426	0.0921135811	0.0617858266728887	-0.046937291190119	0.002203109304266	0.0038174883776522	0.0750218737549204	0.0337357660071689	0.0011381019080904	0.0056282815416992	0.0120098164795336	0.0001479103150784	2.187746130662088e-08	0.000144235691872	0.0019257277504131	-0.0004273240245949	3.708427368711099e-06	1.8260582199606802e-07	0.0003315904328746	0.0007112183999583	1.099522151739646e-07	5.058316124392444e-07	0.0016511834357171	-0.0012167664166138	1.4805205125994303e-06	2.726406738386527e-06	0.0	0.0	0.0	0.0	0.0	0.0	0.0	0.0	0.0	0.0	0.0	0.0	0.0	0.0	0.0	0.0	0.0	0.0	0.0	0.0	0.0	0.0	0.0	0.0	0.0	0.0	0.0	0.0	0.0	0.0	0.0	0.0	0.0	0.0	0.0	0.0	0.0	0.0	0.0	0.0	0.0	0.0	0.0	0.0	0.0	0.0	0.0	0.0
560.9987184120091	-1.47440488559414	2.173869766663869	314719.5620599167	759.8502800263554	-13.27815614263693	176.3094305482469	577372.4480561308	546.4643168668134	-0.6081959085727249	0.3699022632046023	298623.2496087131	584.4679435287541	533.1853371996976	1.68654	31.745502	0.0459861747076875	0.0249475606590765	-0.0094653048	-0.1000072247	0.1205198281	-0.0846684317	-0.0488908728	-0.0219766215	-0.1638436027	0.0396661049	0.0333708065	-0.0311272079	-0.0114699823	-0.1158870251	-0.1026557137	0.1088057268	0.0073056742	0.1166771209	0.1005039523	-0.0899022399	-0.0158330211	-0.0086414702	-0.055168094	0.0126679439	0.1372449381	0.0651291034	-0.039031428	0.0342682273	0.0023062285	0.0448710811	0.0658357429	-0.0379650151	0.0762671225	0.1528876753	-0.1272843331	0.0960946778	-0.1439355359	-0.0082228019	-0.0696140105	0.0718767706	-0.0739922937	-0.0306858901	-0.0033869246	-0.0951217027	0.0348195919	0.1489683013	0.0245277579	0.0234855856	-0.1191944274	0.0658700538	0.024713369	0.1419478265	0.0824339131	0.0629033267	0.0414985057	0.0113590602	0.0081665271	-0.0723428169	-0.0189024168	0.010363278	-0.0809711739	-0.0921494392	-0.0755944198	0.0416156446	0.0363704643	-0.0664369081	0.0287176602	0.1246130924	-0.1221214819	0.0110307177	0.0550058934	-0.1062040494	-0.0492735863	0.0441674119	-0.1388242153	0.0274619435	0.0650167493	-0.1343604183	-0.0204185514	-0.0293060615	-0.1255908569	0.0412780745	0.016207093	-0.0437007847	-0.0468216807	-0.0463946362	0.0910097819	0.031835687	0.0494357154	0.2478336038	0.0098214755	0.0027143466	-0.0823804077	0.0184907403	-0.0354825796	-0.0430978782	0.0203383252	-0.1190404033	-0.20117236	-0.0470203545	-0.1105302022	0.1113924723	0.0570648032	-0.136685843	-0.0563296364	-0.0840772974	0.0932919339	0.0038875038	-0.0150568167	-0.0011630883	-0.1147983427	0.1014087534	-0.0327722554	0.0851204735	-0.027067575	-0.0245972099	0.0635494241	0.064412016	0.0956742856	0.0235529644	0.0475900955	0.0351536929	-0.053730691	-0.0956793886	0.0119107908	0.0156939211	0.1259998157	0.1699014608	-0.0294795458	-0.094944513	0.2163659462	0.0885472063	0.0585182925	0.0972598531	0.0962716243	0.0946320074	0.0923520963	0.0894473172	0.0510001262237977	-0.0107857004490909	0.0001163313341775	0.0026010128748432	0.0796674135099522	0.0046455397550317	2.1581039615580838e-05	0.0063468967753657	0.0120826258655597	7.280938602610004e-05	5.301206693497652e-09	0.000145989847807	0.0022849385517432	0.00035921080133	5.220944185242312e-06	1.2903239979221253e-07	8.188824262722605e-05	-0.0002497021902473	6.705684280575441e-09	6.235118381433573e-08	0.0016519129464904	7.295107732998348e-07	5.32185968360523e-13	2.728816382782595e-06	0.0	1.0	0.0	0.0	0.0	0.0	0.0	0.0	0.0	0.0	0.0	0.0	0.0	0.0	0.0	0.0	0.0	0.0	0.0	0.0	0.0	0.0	0.0	0.0	0.0	0.0	0.0	0.0	0.0	0.0	0.0	0.0	0.0	0.0	0.0	0.0	0.0	0.0	0.0	0.0	0.0	0.0	0.0	0.0	0.0	0.0	0.0	0.0
562.0622243891855	1.063505977176419	1.13104496348997	315913.9440853191	764.6019211734634	4.751641147107989	22.57809359088973	584616.0978621512	547.0657663957788	0.6014495289654178	0.3617415358927229	299280.95276220085	582.9267541219018	540.198708787132	1.395802	26.272976	0.0919133080595374	0.0478079320817893	0.0145086029	-0.1211265584	-0.0622223827	0.0368761835	-0.0307040804	-0.0208410372	-0.1030187607	-0.0078848276	0.0206568271	0.0146822895	-0.0026993501	-0.0385623433	-0.0848917599	0.0759721896	0.102222981	0.0451034917	0.0250675066	-0.0971946742	0.0084227387	0.0022584781	-0.0214404628	-0.0230911342	0.0168882196	0.068841958	-0.0471499031	-0.0179580259	-0.0053783303	0.009608543	0.0329381603	0.0253716619	-0.0269699954	-0.0633818615	0.0047797444	-0.0356626087	-0.0440337335	-0.0360987919	0.0326135778	-0.0113474417	0.0354391459	-0.0187497101	0.0643197805	-0.0764835917	0.1482226068	-0.0373826379	0.0540981708	-0.0890934031	0.00644811	-0.0073059914	-0.1771689216	-0.0325721258	-0.1715821768	0.0616810797	0.0066617252	0.1443135971	-0.0162791669	0.0780952778	0.0080496166	0.1614311313	0.0356429248	0.063128471	0.0166590639	-0.0476040357	-0.0805715711	0.0396744986	-0.0637858964	0.1225374785	-0.0785696462	0.0352596928	0.074411095	0.0067985789	0.0279015112	0.0106941423	0.0696495612	-0.0289945289	-0.0577848396	0.0088286532	0.0412385451	-0.0080665029	0.0682516091	-0.1746564465	-0.0075614049	-0.0315348498	0.0203133483	-0.0220285024	0.0326247174	0.14492582	0.0179455749	0.0952376341	-0.0332356688	0.081172025	-0.0475473352	0.0454856707	0.0006567301	-0.0886175348	0.0209330664	0.0129531853	-0.0151221573	0.1126659889	0.1181827757	-0.0366816494	0.0306964347	-0.0111129452	0.0301461816	-0.0813400487	-0.1240950888	0.1044298848	-0.0574953504	-0.0040561717	-0.0744659357	0.0082299829	0.0074455874	0.046320116	-0.0274471229	-0.0658727326	-0.0309803036	-0.0718362275	0.0017494908	0.0873636572	-0.0397437363	0.059197366	-0.0234229397	-0.0832656943	0.0183717375	-0.126934833	0.0149721808	0.0292778764	0.0563694408	-0.0619460249	0.0431761646	-0.0715314058	-0.0146665172	0.097128986	0.0957502779	0.0934669092	0.0903004534	0.0862808277	0.050960138662262	-3.9987561535705096e-05	1.5990050775718014e-09	0.0025969357324769	0.0544934466887525	-0.0251739668211996	0.0006337286055148	0.0029695357320199	0.0121883935415354	0.0001057676759757	1.1186801281300756e-08	0.0001485569371233	0.0029326339278421	0.0006476953760989	8.600341754730583e-06	4.195093002198956e-07	-0.000200169437887	-0.0002820576805142	4.0067803863997553e-08	7.955653513706524e-08	0.001249794283087	-0.0004021186634033	1.616994194573368e-07	1.5619857500369484e-06	0.0	0.0	0.0	0.0	0.0	0.0	0.0	0.0	0.0	0.0	0.0	0.0	0.0	0.0	0.0	0.0	0.0	0.0	0.0	0.0	0.0	0.0	0.0	0.0	0.0	0.0	0.0	0.0	0.0	0.0	0.0	0.0	0.0	0.0	0.0	0.0	0.0	0.0	0.0	0.0	0.0	0.0	0.0	0.0	0.0	0.0	0.0	0.0
563.7224077409032	1.6601833517177056	2.756208761320635	317782.9529892012	771.5702743530273	6.9683531795639055	48.55794603513839	595320.6882652058	547.5132733266288	0.4475069308499542	0.2002624531587457	299770.7844688397	584.4078708416671	544.1602054876261	1.163852	21.907015	0.1299785389808785	0.0771561684355588	-0.0520978349	-0.036109736	0.0003824572	0.0059681633	-0.0355494871	-0.0796639869	-0.0401659992	0.0337956719	-0.0811840713	-0.0276211731	0.0308452312	0.0155289711	-0.0608059758	0.0426696853	0.0502503898	-0.0195922073	0.0170576243	-0.0820106981	-0.015035151	0.0176286931	-0.0745030407	-0.0021556649	0.0575132651	0.0232459855	-0.1001830988	-0.0263948394	0.0203165812	0.0114667646	-0.0165533336	-0.0347830223	-0.1669845417	-0.0105094101	0.0241969819	0.0250113446	0.0833715406	-0.0018024479	-0.0375373145	0.0165504577	0.0295741154	-0.0212056486	-0.0812114409	-0.0961355163	0.1299840861	-0.0176482582	0.0769363282	0.0159692769	-0.0044470166	0.0538121289	0.0392451166	-0.0423395116	-0.1413337793	0.1395856425	-0.096885781	0.0024909681	-0.0021313724	-0.0072449434	-0.0706597645	0.0420587441	-0.0921158165	-0.0167010059	-0.0123440639	0.0723183981	0.0133225924	0.0197465919	-0.0909586686	0.0240199192	-0.0822930387	0.00870492	0.0236867332	-0.0259232362	0.0137156214	0.027957088	-0.0103857881	-0.0145279343	0.0412708711	-0.0816286728	-0.0034017053	-0.008536024	0.017109127	-0.1375154261	0.0097928651	0.0260553741	-0.0194457962	0.0143566435	-0.0503717261	0.0408929001	-0.0418178311	-0.067262061	-0.095309602	-0.0551159356	0.0253188806	0.1553111121	-0.0067173704	-0.1344583629	0.0623139597	-0.0773762587	0.0445960407	0.0952925075	0.1085991612	0.0419972021	-0.0288977855	0.0277097832	-0.0720759182	-0.1463509875	0.0483305366	0.0203581729	-0.0194878503	-0.0205974286	-0.0497000141	-0.0185133992	-0.0297858198	0.0064640848	-0.0015154343	-0.0538014143	0.0124177676	-0.0612102901	-0.0076837882	0.0961113146	-0.0517577405	0.031418744	-0.0499061465	-0.0555919664	0.0341570841	-0.0625390994	0.0398586172	0.000744545	0.0233506838	-0.0581873655	0.0015967665	-0.0011333735	0.0005105913	0.0969763818	0.0951432221	0.0921135811	0.0879255584	0.0826318208	0.0508051872012202	-0.0001549514610417	2.4009955278987043e-08	0.002581167046551	0.1187172861093017	0.0642238394205492	0.0041247015499164	0.0140937940211577	0.0516857431978579	0.0394973496563225	0.0015600406298737	0.0026714160499149	0.0027379274087742	-0.0001947065190679	7.496246495717006e-06	3.7910628567538506e-08	0.0001262100481285	0.0003263794860155	1.5928976248598283e-08	1.0652356889174197e-07	0.0012488323193111	-9.619637759000763e-07	9.253743061439329e-13	1.5595821617559412e-06	0.0	0.0	0.0	0.0	0.0	0.0	0.0	0.0	0.0	0.0	0.0	0.0	0.0	0.0	0.0	0.0	0.0	0.0	0.0	0.0	0.0	0.0	0.0	0.0	0.0	0.0	0.0	0.0	0.0	0.0	0.0	0.0	0.0	0.0	0.0	0.0	0.0	0.0	0.0	0.0	0.0	0.0	0.0	0.0	0.0	0.0	0.0	0.0
563.9515004384789	0.2290926975756519	0.0524834640824891	318041.2948468117	772.9054680636609	1.3351937106335754	1.782742244915456	597382.8625627068	547.4096221573856	-0.1036511692432213	0.0107435648854869	299657.29443049163	585.1649884624562	550.2973023796487	0.98535	18.547096	0.1431187660075077	0.0900218003839899	-0.0462363799	-0.0152109956	0.0341299983	0.0136193217	-0.0955429006	-0.030333013	-0.0388317468	-0.0336704195	-0.0126564525	0.0948134911	-0.0404289683	-0.0078165759	-0.0221259819	0.1308299941	0.0107301082	0.0104139265	-0.0191176851	0.0436146935	-0.0094995346	0.0190747718	0.0866558994	-0.0718389207	-0.043573814	-0.0054157236	0.0176779967	0.086214593	0.0016862961	-0.0231695567	-0.0777307824	-0.0209158271	-0.051384332	0.0645258364	0.004688575	0.031353679	0.0564189289	-0.0212088164	0.0078366223	-0.0495340081	0.0346049833	0.055672755	-0.1084834414	-0.0017119079	-0.0553917912	-0.0984531434	0.0468250017	-0.099104099	-0.1069802488	0.1443135046	0.1046025436	-0.0598376766	0.0704416183	0.0541630154	0.0240290874	0.0173400714	-0.0175521176	-0.1088733323	0.0910819647	-0.1119265105	-0.0547244363	-0.0538488548	-0.084219007	-0.1419242917	0.0314091377	0.0205241421	0.0181015108	0.081999652	-0.0492656449	0.0913454554	-0.00244138	0.0097592366	0.0484142386	0.0282845584	-0.0107111798	0.0092894086	0.0496773863	0.0016685149	-0.0301865352	-0.0448808547	-0.005344462	0.0004175146	-0.0734600439	-0.1005119955	-0.0393973679	0.0766746478	0.0013138247	-0.0318537908	-0.0442122515	-0.1448851042	-0.0536185396	-0.0289673493	0.0780735676	0.0782367501	-0.0107235783	-0.0023444642	-0.02129042	0.131798667	-0.0854386466	-0.0073826635	0.0830846338	0.0348849213	-0.0664289879	-0.0245384979	-0.0449493098	0.0172088766	0.0943528022	-0.0820258271	0.099509842	-0.0258004264	-0.0512406407	0.0195582685	0.0230412288	-0.0026330174	0.0453351832	-0.0185375678	0.0548603272	-0.0772071101	0.0138839237	0.0908228871	-0.0270067863	0.0355470862	-0.0149203009	-0.0032129171	0.022260122	-0.0181769733	0.0266255495	0.0306039483	-0.0009530385	-0.0142976863	-0.0468238989	-0.1046272986	-0.0321288441	0.0968020747	0.0944510002	0.0905747485	0.0852359127	0.0785207032	0.0508567083562212	5.1521155000996965e-05	2.6544294126367552e-09	0.0025864047848297	0.0418478977228033	-0.0768693883864984	0.0059089028709143	0.0017512465438182	0.0602908015121812	0.0086050583143232	7.404702859290447e-05	0.0036349807469812	0.0027441251903171	6.197781542899728e-06	7.530223060132859e-06	3.8412496053508536e-11	-0.0003896514408689	-0.0005158614889974	1.518282453712099e-07	2.661130758306147e-07	0.0006190356268177	-0.0006297966924933	3.9664387387562614e-07	3.832051072695828e-07	0.0	0.0	0.0	0.0	0.0	0.0	0.0	0.0	0.0	0.0	0.0	0.0	0.0	0.0	0.0	0.0	0.0	0.0	0.0	0.0	0.0	0.0	0.0	0.0	0.0	0.0	0.0	0.0	0.0	0.0	0.0	0.0	0.0	0.0	0.0	0.0	0.0	0.0	0.0	0.0	0.0	0.0	0.0	0.0	0.0	0.0	0.0	0.0
562.6113109430747	-1.3401894954041609	1.7961078835916593	316531.48720108514	769.6222922696646	-3.2831757939962927	10.779243294283187	592318.4727584131	547.857346106013	0.4477239486274129	0.2004567341745223	300147.6716823237	586.2193483733051	553.7226993877667	1.131812	21.303934	0.1145909905163108	0.051853471744813	-0.0091108802	-0.0352695637	-0.0719979889	-0.0683359403	-0.0646299264	0.0162860528	-0.0659765819	-0.0098848484	-0.0249742576	-0.0116787421	-0.0555860804	-0.0086794117	-0.0018100569	0.0683219458	0.0043841621	0.0373868759	-0.0499844302	0.0489515676	-0.0238972351	0.0266677655	-0.0055884439	0.0065416559	0.0591727285	-0.030364165	0.018628699	-0.0146935598	-0.0235741006	0.0353190594	-0.0102232164	-0.0406610952	0.0420171816	-0.0056145137	0.0777706332	-0.0149222786	-0.0206599591	0.019404195	0.0944031539	0.1313132132	-0.0833832263	0.094305181	0.0611528801	0.0629088061	0.0096193195	-0.1018712078	0.0076032241	-0.1034948127	0.0799668126	-0.0347962106	0.0518687898	-0.001800257	-0.111441038	-0.0596833104	0.0847321736	-0.0503010455	0.095740805	-0.0195512539	0.002874456	-0.0742285654	0.0396825218	-0.0619042932	-0.1216183122	-0.0080301657	0.0475212579	-0.0181019192	0.031921424	0.0143503111	-0.0584622623	0.0291461657	-0.0379428121	-0.0066420583	-0.0506801108	-0.0105621101	-0.0017855733	0.0254395108	-0.0489683816	-0.0026306183	0.106899232	0.0366745634	-0.0501710422	0.0188879343	-0.0347145238	-0.0444941174	-0.0223475986	-0.0008596512	0.0162549556	-0.0497439667	0.0010968046	-0.0190374875	-0.0053116335	0.0654949671	0.0512325859	-0.0528418028	0.0353060775	-0.1270479123	-0.0800584276	0.1019281443	0.0996521161	-0.0299407206	0.0275480248	-0.0135825956	-0.0861519168	0.1552433254	-0.0062784974	0.0716191937	0.0471923679	-0.0924152966	0.0101069663	-0.0205827194	-0.050077013	0.0224200551	0.0591839299	-0.009114476	0.0318780215	-0.0659051225	0.0258369227	-0.1016278146	0.0123110306	0.0421017803	-0.0359323525	-0.0505342705	-0.0446375512	0.0356217998	-0.0523091237	0.0023502365	-0.0192312058	0.0726214712	-0.0212646515	0.0013398845	-0.0447231681	-0.0022795931	-0.1073143446	0.0966061036	0.0936742318	0.0888535104	0.0822411445	0.073970466	0.0385532013987131	-0.0123035069575081	0.0001513762834534	0.0014863493380897	0.0656180125226768	0.0237701147998734	0.0005650183575991	0.0043057235674261	0.0420241777844268	-0.0182666237277544	0.0003336695424113	0.0017660315184571	0.0030739964520813	0.0003298712617642	9.44945418740842e-06	1.0881504933790565e-07	8.183186075849669e-05	0.0004714833016273	6.696453435197991e-09	2.2229650371347075e-07	0.0002153752895858	-0.0004036603372319	1.629416678541713e-07	4.6386515364167216e-08	0.0	0.0	0.0	0.0	0.0	0.0	0.0	0.0	0.0	0.0	0.0	0.0	0.0	0.0	0.0	0.0	0.0	0.0	0.0	0.0	0.0	0.0	0.0	0.0	0.0	0.0	0.0	0.0	0.0	0.0	0.0	0.0	0.0	0.0	0.0	0.0	0.0	0.0	0.0	0.0	0.0	0.0	0.0	0.0	0.0	0.0	0.0	0.0
562.4237579559348	-0.1875529871399521	0.035176122985119	316320.4835132759	772.7044001200113	3.082107850346688	9.49938880116868	597072.0899648266	548.0103966599211	0.1530505539080877	0.0234244720515724	300315.39484736405	586.7793557303293	553.7192634921739	1.072096	20.179916	0.167556119449344	0.0921390369182309	0.0276510905	-0.1023736136	-0.0378659206	0.0400897723	0.0095046681	0.0137354679	-0.0347400556	-0.0512166087	0.0917909447	0.0386543543	0.0764219328	-0.0488850269	0.00152248	0.0501931516	-0.0439047622	0.0671713309	0.0050350975	-0.1112229276	0.0362723853	0.0572705348	0.0516294001	-0.0678521267	-0.0286828591	0.0364471854	-0.0785445762	-0.0283549704	-0.0492788809	-0.0151893915	0.0360903787	0.1226057374	0.0586430752	0.0562327979	-0.0084813218	0.0751136146	-0.0946337843	0.0567018442	0.016900394	0.0068840138	-0.0547811679	-0.0383208953	-0.1004978929	-0.0436105564	-0.0391239277	0.0367107445	-0.0100144517	-0.0588910208	-0.0483217681	0.0594431101	-0.0437677611	-0.0430592843	0.0798143034	0.0761082388	0.2041901773	-0.0690454972	-0.0276245008	0.1333732152	0.0771116807	-0.0328164518	0.1672446237	0.1056406469	0.0501306757	-0.0274001689	0.0340137658	-0.0394462419	0.0957706445	0.0324527398	0.0128692059	0.0172432725	0.108824504	0.0489073373	0.0470588182	0.0204074367	0.0656812782	0.0017360241	-0.0327181915	-0.0611613609	0.0624090965	0.0527010423	-0.0257555731	-0.0694208379	0.0233223759	-0.0431784798	-0.0470210611	0.0645622702	0.0655980037	0.0037739896	-0.0028395724	0.0286615702	-0.0523390382	-0.0364638975	-0.015421247	-0.0437183054	0.0376926317	0.0242543371	0.1086424358	-0.0148686052	-0.1020321974	0.1113602435	-0.0572906507	-0.070016464	-0.0371983189	-0.0625050241	-0.0424526987	0.084787829	-0.026926705	-0.0392897437	0.0437093727	-0.0070913538	-0.0438201713	0.0181081922	0.0379930655	0.0008602229	0.0339828982	-0.0240508138	-0.0477485609	-0.0961502041	0.0272862902	0.0296446086	-0.0122368638	-0.017650957	0.0340712369	-0.0079979238	-0.0059882571	0.0088623538	0.0159340205	0.0166968197	0.0005734105	0.1022277067	-0.0872551581	0.0372382281	-0.0932118741	0.0963885124	0.0928136124	0.0869533332	0.0789519744	0.0690065559	0.0331635911318244	-0.0053896102668887	2.9047898828952105e-05	0.0010998237767588	-0.0082417370416436	-0.0738597495643204	0.0054552626057041	6.792622946360021e-05	0.0011870354235767	-0.0408371423608501	0.0016676721962003	1.409053096825916e-06	0.0023900212402541	-0.0006839752118272	5.712201528865746e-06	4.678220903940634e-07	-0.0001827419455824	-0.0002645738063408	3.339461867524084e-08	6.999929900171028e-08	0.0002162186165634	8.433269776000169e-07	7.112003911479796e-13	4.67504901485906e-08	0.0	0.0	0.0	0.0	0.0	0.0	0.0	0.0	0.0	0.0	0.0	0.0	0.0	0.0	0.0	0.0	0.0	0.0	0.0	0.0	0.0	0.0	0.0	0.0	0.0	0.0	0.0	0.0	0.0	0.0	0.0	0.0	0.0	0.0	0.0	0.0	0.0	0.0	0.0	0.0	0.0	0.0	0.0	0.0	0.0	0.0	0.0	0.0
562.732987276477	0.309229320542272	0.0956227726830352	316668.41496910766	769.4896696772441	-3.214730442767177	10.33449181965405	592114.3517399943	548.5648888054244	0.5544921455033318	0.3074615394248881	300923.43723010767	586.6293431434469	539.6347393131358	1.824077	34.334343	0.3639239344512698	0.179178576843398	-0.0605146513	0.0115394384	0.047140256	-0.1264885536	0.0392551533	0.0229293761	-0.0470588729	0.024930093	0.019508345	-0.0614959755	-0.0259742327	-0.0377367208	0.0199274516	-0.0126710463	-0.0632173924	0.0501212132	0.0291415865	0.1129247707	0.0340923416	0.0454101732	0.0336081232	0.1085941855	-0.0131844639	0.1243885535	0.0178272763	0.0270661041	0.0754126678	0.0013967818	0.1120240601	-0.0381503647	-0.0017090956	-0.0905820593	0.0120711348	0.0050127927	0.0944989179	-0.0021268521	0.0559403121	0.1553820419	-0.0521474233	0.0465368952	-0.0579532622	0.1691136667	-0.0887692197	-0.037369566	-0.075225791	-0.0105369812	-0.0491212737	0.0076095906	0.0175033783	0.051482875	-0.0641125847	0.0021469565	0.0751169456	-0.0224285738	-0.0413775422	-0.0217427199	0.0055855558	0.0195571111	-0.0017307988	0.054269162	0.0002150859	-0.0417441617	-0.0943489938	-0.0216624672	0.0418455239	-0.0050672907	-0.0093875549	-0.0157676902	-0.0566020095	-0.0209279513	-0.0866213023	-0.1121093712	-0.0037638525	-0.0139278147	-0.0529910131	0.0114539715	-0.051136836	-0.1163051911	-0.0409293979	0.0225058548	0.0103783627	0.0508860858	0.0896728516	-0.030123509	0.0481235079	-0.0600290984	-0.077974701	-0.0243704968	-0.0697374778	-0.0289361886	-0.0231753696	-0.1642103812	0.0564367234	-0.0241221652	-0.0844353987	-0.0237322456	0.0629513436	0.0026725241	-0.037415261	-0.1602550539	-0.0412853113	0.0774550182	-0.0232550733	-0.051564797	-0.0231341427	-0.0969071728	0.12161779	-0.014942124	-0.0083775171	-0.0084894577	-0.0403281057	0.0182285161	0.0733196825	0.0301659735	0.0063890201	-0.0063127105	0.0798685806	-0.0100958158	0.0616180266	-0.0140537401	0.0304874411	0.0310996025	0.0199644295	0.003464565	0.0423926597	0.0120413048	-0.0906009441	0.0439465903	0.0655332687	-0.0198167999	-0.015449185	0.0961493498	0.0918699121	0.0848780435	0.0753801767	0.0636567332	0.0241318810846422	-0.0090317100471821	8.157178637637185e-05	0.0005823476846833	0.0942035558393854	0.102445292881029	0.0104950380334798	0.0088743099327842	0.1041739278321003	0.1029868924085236	0.0106063000079648	0.0108522072399676	0.0009659761453947	-0.0014240450948594	9.331099134716024e-07	2.027904432193117e-06	-0.0011020831293846	-0.0009193411838022	1.214587224074153e-06	8.451882122348307e-07	0.0008620331201925	0.0006458145036291	4.170763730977008e-07	7.431011003088171e-07	0.0	0.0	1.0	0.0	0.0	0.0	0.0	0.0	0.0	0.0	0.0	0.0	0.0	0.0	0.0	0.0	0.0	0.0	0.0	0.0	0.0	0.0	0.0	0.0	0.0	0.0	0.0	0.0	0.0	0.0	0.0	0.0	0.0	0.0	0.0	0.0	0.0	0.0	0.0	0.0	0.0	0.0	0.0	0.0	0.0	0.0	0.0	0.0
563.0943310625365	0.3613437860594786	0.1305693317237982	317075.2256747655	771.7142685120365	2.2245988347923458	4.948839975759462	595542.9122250675	548.6682913893953	0.1034025839709329	0.0106920943718658	301036.8939761584	584.987992649537	539.6115908637976	1.659762	31.241474	0.2669677299355128	0.1435987413512255	0.0047221551	-0.1013487211	-0.0247825066	0.0149738675	-0.0674948182	0.0823140031	-0.0307097923	0.0201722426	0.0285279042	0.007314959	-0.0171444115	-0.0143600626	0.019908779	0.0534840198	-0.0131310795	-0.0366381115	-0.0053143314	0.0531995724	-0.0103644	-0.0504276954	0.1085378362	-0.0427690175	0.0167647565	0.0116266108	0.0038818517	0.0400383429	0.0844059661	-0.0941014032	0.0160889956	-0.0036219686	0.0245750968	0.1049899402	0.0379308794	-0.0634927289	0.0041379587	-0.1052616056	-0.0248078162	-0.0108010935	0.1003051928	-0.0449475768	0.0801308846	-0.1099942271	0.0226277869	-0.046629767	-0.0950638557	-0.0394538914	-0.0663588472	0.0569364895	0.016791169	0.0882934085	0.0225747367	0.0227116862	-0.0795733091	0.0449367943	-0.2123102209	0.0697869598	0.1375686375	-0.0340235144	0.0264715729	0.0178591659	-0.1117328293	0.0485710643	0.0102430817	0.0608267147	-0.0181450654	0.0560142705	0.0069995475	0.075377133	-0.0130104991	0.0610016264	-0.0060352927	-0.0217391156	0.0781151394	0.0252410543	0.0494555361	0.070700368	-0.026712664	-0.0770532475	0.1350740978	-0.1093265667	0.0025336785	-0.0639845601	0.0152076491	0.0382129071	0.0043794656	-0.0526071955	-0.0198272523	0.015278574	0.0522047706	0.0345895925	-0.1275621199	-0.0837856765	0.0122406737	-0.0299949937	0.0567238861	0.0404773114	0.0061087505	-0.0613718571	0.1220119614	0.0223784297	0.083222586	-0.1266052218	0.0480066653	0.0177710825	0.0819162797	0.0631595822	-0.0458743043	0.0066321342	-0.0548756081	-0.0046240504	0.0519891209	0.0240130212	-0.0384995786	-0.0520265603	0.0341963976	-0.0197932607	-0.0766190388	-0.0007191863	0.0216035587	0.0109286455	-0.0412672524	0.0268774869	-0.0269202712	-0.0977785334	0.0622813925	-0.019265556	0.0386227226	0.0075432807	-0.0480986685	-0.0650740576	-0.0267574583	0.0958886693	0.0908439759	0.0826318208	0.0715385375	0.0579509162	0.0291546271417502	0.005022746057108	2.5227977954193965e-05	0.0008499922837744	0.0027739564603166	-0.0914295993790688	0.008359371642617	7.694834443732202e-06	0.0426107667266393	-0.061563161105461	0.0037900228052969	0.001815677441032	0.0026982218549036	0.0017322457095088	7.280401178279424e-06	3.000675198111992e-06	-0.0010992387565103	2.844372874300123e-06	1.2083258438143106e-06	8.090457048054344e-12	0.0013059875056868	0.0004439543854943	1.9709549639962155e-07	1.7056033650100294e-06	0.0	0.0	0.0	1.0	0.0	0.0	0.0	0.0	0.0	0.0	0.0	0.0	0.0	0.0	0.0	0.0	0.0	0.0	0.0	0.0	0.0	0.0	0.0	0.0	0.0	0.0	0.0	0.0	0.0	0.0	0.0	0.0	0.0	0.0	0.0	0.0	0.0	0.0	0.0	0.0	0.0	0.0	0.0	0.0	0.0	0.0	0.0	0.0
564.4960530125467	1.401721950010142	1.9648244251402347	318655.7938667439	774.5285965639904	2.814328051953908	7.920442384014676	599894.5468953846	549.4127939556716	0.7445025662763101	0.5542840711920115	301854.4181621773	587.0301124648292	552.480268433706	1.460822	27.496847	0.2228291978178815	0.1451963092052841	-0.0214397342	0.0409921794	-0.0071389735	0.0021724048	0.0753936597	-0.1255577714	-0.0071437714	0.0211353348	-0.0518705419	-0.0256254346	0.033634433	0.0389939956	0.0271057771	-0.066823189	0.0207287247	-0.0077816461	0.0068729126	0.0144391882	-0.0288125945	-0.1007346291	-0.0793955722	-0.0196800982	-0.057046741	0.1226190493	-0.0349048673	0.0066492708	0.0882481962	-0.0177078589	0.0131307414	0.0495309294	0.0562284507	0.035979559	0.1527820046	-0.000306013	-0.0731118598	0.0198981639	0.0926220509	-0.1293700733	-0.0067558969	0.0201610528	-0.0171408865	0.0820509337	0.0086073018	0.0181583881	-0.0924314979	-0.0184388694	-0.0446745479	-0.003038942	-0.0514316931	0.2395492573	0.003567628	-0.1708793466	-0.0372850955	0.0311482361	0.1157317118	0.0019495428	0.0475762621	-0.0934344452	0.0582635355	0.0184012303	-0.1187719563	0.057489045	0.074565042	0.0004645939	-0.0225592384	-0.0509873511	-0.024445455	-0.0760952804	-0.025536064	0.0037350658	0.0097487744	-0.0073051187	-0.0366341452	-0.0234318564	-0.0646391784	0.0025050943	0.0142842415	0.0154675978	0.1637735711	0.0194866085	0.02230819	0.0950523935	-0.0260208175	0.0311775338	0.1002259969	0.0225794395	0.0291460438	-0.0781560536	-0.014997721	-0.0636707117	0.0029317656	-0.1787829048	-0.1109913226	-0.0363776608	-0.1189470108	-0.0943337612	-0.001916102	-0.0295224792	-0.1179681112	-0.0331147338	0.0399487459	-0.0184329603	0.0436507671	0.0384937188	0.0041141187	0.1138827834	-0.0553650564	-0.0027050434	0.0121336587	-0.0364853397	-0.0845417934	-0.0169125263	0.0163626282	0.02113581	-0.0924507578	-0.0430715331	0.0492358354	0.0466494282	0.0049645949	-0.0064437638	0.0011826694	0.0242282797	0.0167841315	0.0330307944	0.0288621587	-0.0136323557	-0.0083419017	0.0053432656	0.0122355439	0.0326910283	-0.0294190644	0.0956065293	0.089736722	0.0802191885	0.067440809	0.0519210142	0.0208477061817404	-0.0083069209600098	6.900493583585013e-05	0.0004346268530401	0.140744310536391	0.1379703540760744	0.0190358186038773	0.019808960948364	0.0427182848494567	0.0001075181228174	1.1560146734178151e-08	0.0018248518604793	0.0015570090086575	-0.001141212846246	2.4242770530406117e-06	1.3023667604371244e-06	-0.0011017853215748	-2.546565064500154e-06	1.2139308948376857e-06	6.484993627732674e-12	0.0009208588238178	-0.0003851286818689	1.4832410159815338e-07	8.47980973403102e-07	0.0	0.0	0.0	0.0	0.0	0.0	0.0	0.0	0.0	0.0	0.0	0.0	0.0	0.0	0.0	0.0	0.0	0.0	0.0	0.0	0.0	0.0	0.0	0.0	0.0	0.0	0.0	0.0	0.0	0.0	0.0	0.0	0.0	0.0	0.0	0.0	0.0	0.0	0.0	0.0	0.0	0.0	0.0	0.0	0.0	0.0	0.0	0.0
564.1719603385056	-0.3240926740410259	0.1050360613670626	318290.0008321924	775.6881691193485	1.1595725553580678	1.3446085111396393	601692.135711727	549.3398628934808	-0.0729310621908325	0.005318939832283	301774.2849638283	587.2926529988204	555.0054971991509	1.300086	24.471334	0.2478667413271715	0.1360377515749934	-0.0071884551	0.0082667311	0.0006467533	-0.0254362614	-0.0250202923	0.0344837388	-0.0062282765	0.0214447997	0.0123719351	0.001606544	-0.0690417254	0.0239629789	0.0482238326	-0.0106187863	0.0244834152	-0.0454203145	0.0266845701	-0.0332456408	-0.0324501623	-0.0953025395	0.0315977467	0.1116653835	-0.0328919657	0.0995866993	-0.081451306	0.0249493387	-0.0715290473	0.0300335975	0.1078158874	-0.0094184591	0.0026606397	0.0990134204	-0.0226269695	0.0206312972	0.1405564518	0.0366460882	0.0278689194	0.0929554967	0.0549591143	-0.0422168022	0.0092629728	-0.0410553867	0.0151479716	-0.0822627145	0.1534320798	0.0435063386	0.1318096874	0.0284031791	-0.0654776732	-0.0709186554	0.1306715315	-0.0878615821	0.0596556438	-0.0654914333	-0.0493786123	-0.0641020702	-0.0652927244	-0.0275518881	-0.0024610394	-0.1561737548	-0.0211915172	0.0580311755	-0.0350782537	0.0272577609	0.0190063309	-0.007843559	0.0282652766	-0.0063810285	-0.0402634491	-0.039751621	-0.027653523	-0.006579538	-0.0406823437	-0.0092480426	0.1218800684	0.038226477	-0.0126621742	-0.0522588138	0.0049781465	-0.003711048	0.0665091368	0.0829529159	-0.0543543673	-0.0891011312	0.1317349495	-0.0066513566	-0.1459595594	-0.0179977424	-0.0818118982	0.0013798614	0.0261707689	-0.0644868107	0.1034679325	-0.035456099	0.0565585436	0.0559275355	0.0042077047	0.0883350606	0.0116586808	0.1499232107	0.0436240031	-0.0003248862	0.0705998793	0.2314650926	-0.0205072596	0.0617162936	0.057993474	0.0006529012	0.0143500954	-0.0323007692	0.0029223538	0.0515770082	0.0080678542	0.0192836615	0.1079794791	-0.010294526	-0.0175554719	0.0010502336	0.0402204247	-0.0741312615	0.0106753853	0.0984091173	-0.0221426062	-0.0369946786	-0.0503829628	-0.0130363628	-0.0072139241	0.0263659953	-0.0177450146	0.0552656	-0.0549919173	0.0953029929	0.0885491416	0.0776450055	0.0631016598	0.0456007488	0.0171134837429605	-0.0037342224387799	1.3944417222287303e-05	0.0002928713258205	0.0436226231453105	-0.0971216873910805	0.0094326221616907	0.0019029332500777	0.0844291812184678	0.0417108963690111	0.0017397988759063	0.0071282866412208	0.0002816749381579	-0.0012753340704996	7.934077078625679e-08	1.6264769913770788e-06	-0.0005229058175977	0.0005788795039771	2.734304940775191e-07	3.3510148012477346e-07	0.0006690736957285	-0.0002517851280892	6.339575072694518e-08	4.4765961031579356e-07	0.0	0.0	0.0	0.0	0.0	0.0	0.0	0.0	0.0	0.0	0.0	0.0	0.0	0.0	0.0	0.0	0.0	0.0	0.0	0.0	0.0	0.0	0.0	0.0	0.0	0.0	0.0	0.0	0.0	0.0	0.0	0.0	0.0	0.0	0.0	0.0	0.0	0.0	0.0	0.0	0.0	0.0	0.0	0.0	0.0	0.0	0.0	0.0
561.7510293532275	-2.420930985278119	5.860906835479684	315564.2189794107	771.6366547733904	-4.051514345958026	16.41476849550369	595423.1269898686	548.6273748065354	-0.7124880869454273	0.5076392740391548	300991.9963871107	586.7410362383938	550.6200439465313	1.229865	23.14957	0.2221186544049282	0.1036412029804382	0.013835896	0.0016073258	-0.0446467156	-0.0192972559	0.0629640244	-0.0269822155	-0.0478839953	-0.0032577702	0.054182431	-0.0189102449	0.0292428138	0.012742345	-0.0073880422	-0.029517931	0.0506391803	0.0519391857	0.0790004729	0.0793389383	0.1492410781	-0.0140318586	0.129264994	-0.0051237539	-0.0183139211	0.049639431	0.0114086613	-0.0165734199	0.0603575986	-0.1051158808	0.0974531826	0.0094477309	0.1049273008	-0.1345909921	0.1385364747	0.1234573483	-0.092001166	-0.0116817535	0.0541227607	-0.0828541829	-0.1090650215	-0.1704488795	0.0983282143	-0.1314243142	0.042841843	0.0595727058	0.0656313423	0.0552413503	0.0638521925	-0.0469159662	-0.151966832	0.0397661599	0.1012217296	-0.0270937112	0.0134316864	-0.0215666669	0.0014790044	0.0537606972	-0.1193734659	0.0041443318	-0.0406909833	0.0077232878	0.0519146332	-0.0453912182	0.01847004	-0.0356293359	0.0503948523	0.0122370331	-0.022927002	-0.1058057912	0.0336991737	-0.0028252168	0.0174325239	-0.1025886042	0.0535100406	0.0344727128	-0.0369335571	0.1499867847	0.0845314173	-0.1009146303	-0.0167389874	-0.0345751748	0.0064599776	-0.0275907456	0.1321687049	-0.0947802125	0.0936783321	-0.0122609327	0.048399097	-0.0134902755	-0.0437009327	0.1185696932	0.0700343935	-0.0446340209	-0.109400752	0.1496968566	-0.0086475995	0.0101651178	-0.1001792493	0.1302855792	-0.067802166	0.1025331241	0.0881185109	-0.057662137	-0.0049228126	-0.0060370591	-0.0724875646	-0.0490341777	-0.1201314469	-0.0079129547	0.0242471084	-0.0443084236	-0.0252796971	0.0371562522	0.0054336484	0.022961774	-0.0337271519	-0.0946631359	-0.0029561903	-0.0226878908	0.0787535758	-0.1820657288	0.0345610204	0.0072105142	-0.060066363	0.0121632464	-0.0230453082	-0.0156587049	-0.0029750531	-0.0127532777	-0.1225577456	-0.0220659587	-0.0225758215	0.094978128	0.0872822977	0.0749144558	0.0585366231	0.0390254656	-0.0179134265305265	-0.035026910273487	0.0012268844433069	0.0003208908500645	-0.0377420880680716	-0.0813647112133821	0.006620216230837	0.001424465211738	0.1130362381454119	0.028607056926944	0.0008183637060214	0.0127771911340662	0.0011860355002578	0.0009043605620999	1.40668020787177e-06	8.178680262816471e-07	-0.000226805734719	0.0002961000828787	5.144084130142541e-08	8.7675259080773e-08	0.0003271348208848	-0.0003419388748437	1.1692219412937557e-07	1.0701719103533017e-07	0.0	0.0	0.0	0.0	0.0	0.0	0.0	0.0	0.0	0.0	0.0	0.0	0.0	0.0	0.0	0.0	0.0	0.0	0.0	0.0	0.0	0.0	0.0	0.0	0.0	0.0	0.0	0.0	0.0	0.0	0.0	0.0	0.0	0.0	0.0	0.0	0.0	0.0	0.0	0.0	0.0	0.0	0.0	0.0	0.0	0.0	0.0	0.0
561.0710547331632	-0.6799746200642858	0.4623654839315698	314800.72845938423	768.3349759205278	-3.301678852862665	10.901083247440525	590338.635222798	548.7711021003373	0.1437272938019305	0.0206575349836264	301149.72250041884	587.2520192536134	542.5262334994234	1.221613	22.994255	0.3641677668440101	0.2266618896015816	0.0129744372	-0.0830541508	0.0595016482	0.0303922923	0.1483447848	-0.01080932	-0.0776926137	0.0511909021	0.1074682167	-0.0582734183	-0.0567524914	-0.0004325047	0.0099724622	-0.0139942503	-0.044457622	0.0596712498	0.003237578	0.0596317525	-0.0263400803	-0.1008883122	0.0823824441	0.0500889846	-0.0750892892	0.033008405	0.0619508186	0.0372741951	0.0673792021	-0.1574686153	-0.0527871325	-0.0503975367	-0.0057489142	-0.1052190689	-0.0615074771	-0.0822701247	0.0378166324	0.1414551833	-0.0657408369	0.0867856735	0.0786137533	0.0472547222	-0.0231406947	-0.0964170015	-0.0849459586	0.0313741905	-0.0944610651	-0.0752429443	0.1047847507	0.0014230178	-0.1732068477	-0.1099115221	0.0937101168	0.0223245303	-0.0314416044	0.0353702166	-0.0295854455	-0.026377181	0.0316466962	0.0910551009	-0.0581600567	-0.040332694	-0.0213201828	0.0871655925	0.0074869342	-0.0143710332	0.0974589247	0.0734969664	0.0074506358	-0.0229000384	-0.0181897382	-0.0272048945	-0.0414296291	-0.1337805815	-0.0648756429	-0.115831505	0.0391994206	0.0781640564	-0.0778993059	-0.051789156	0.057336656	-0.0367489353	0.0356103955	-0.0464390284	0.0701263726	-0.0768911177	0.0613407088	-0.1991995443	0.0189274392	0.0587422283	0.0764531021	-0.0091471119	-0.0313669961	0.0160128559	0.1576129911	0.121977012	0.0066429258	0.033811443	-0.0480750858	-0.0852419101	0.0696211753	-0.0830844741	-0.1058749525	-0.0063759219	0.0522303997	0.057568231	-0.0595593253	0.0891176024	0.038910142	-0.0275805423	0.0442550716	-0.0564501245	-0.0965816259	0.0075625277	0.0770613223	-0.0101754997	-0.0111015802	-0.0502030122	0.0654379827	-0.0392508246	0.0556015578	-0.0052266851	0.0035621721	-0.0142618504	-0.0267162685	-0.0577804698	-0.0211175761	-0.0090663979	-0.0276087524	0.0532307036	0.1266397591	-0.011450945	-0.0243985153	0.0946320074	0.0859373244	0.0720330383	0.0537620404	0.0322319361	0.0116471243358233	0.0295605508663498	0.000873826167522	0.0001356555052941	0.1775830703720231	0.2153251584400947	0.0463649238572518	0.0315357468827549	0.1473706765807207	0.0343344384353088	0.001178853662668	0.0217181163158593	1.14248114736423e-06	-0.0011848930191104	1.3052631720826877e-12	1.4039714667366432e-06	-0.0005479995677959	-0.0003211938330769	3.003035263044932e-07	1.031654784066315e-07	0.0005200003507426	0.0001928655298577	3.719711260732993e-08	2.7040036477242696e-07	0.0	0.0	0.0	0.0	0.0	0.0	0.0	0.0	0.0	0.0	0.0	0.0	0.0	0.0	0.0	0.0	0.0	0.0	0.0	0.0	0.0	0.0	0.0	0.0	0.0	0.0	0.0	0.0	0.0	0.0	0.0	0.0	0.0	0.0	0.0	0.0	0.0	0.0	0.0	0.0	0.0	0.0	0.0	0.0	0.0	0.0	0.0	0.0
561.8784956341597	0.8074409009964256	0.6519608086019196	315707.4438561064	771.8354424166392	3.5004664961114718	12.25326569039892	595729.9501704893	548.9248109870001	0.1537088866627982	0.0236264218391169	301318.4481171138	585.7220999300902	536.4044319011659	1.448979	27.273928	0.2416444919456281	0.1749168064341594	-0.0044921457	-5.0244e-05	-0.0195703918	-0.0267426776	0.1446728037	0.0397249792	-0.0335396837	0.0300404047	0.0088988804	-0.0767555618	0.1346285978	0.1320762426	-0.0288475786	-0.0391917282	0.0839657391	0.0221824609	-0.0812867856	0.0740747883	0.0003556817	-0.0876544834	0.0323793981	-0.0156813663	0.0545679428	0.0619627091	0.0588088283	-0.0273171159	-0.1702851789	0.0049746759	-0.1095843741	-0.1152743352	0.074762278	0.0218704399	-0.0322067156	-0.0442095334	-0.0132928891	-0.0878837566	-0.0540807304	0.0676324162	-0.0426555229	-0.0898045417	-0.0458332251	0.0796719231	0.0165927261	0.1124605241	0.0167916299	0.0158050662	0.1988217509	0.0480530482	0.0489112089	-0.0016757787	-0.0468504322	-0.0377619667	-0.0717291481	3.33532e-05	0.092690928	0.0151694375	-0.1265241912	-0.0963942734	0.1019934575	0.0199497534	0.0365457865	-0.0072856064	0.0428513517	0.0386533656	-0.0753711267	-0.0047324011	-0.0581791336	-0.061088272	0.0547108538	0.0695611714	-0.0064879528	-0.0590322261	-0.008612785	0.0339403616	0.0428893375	0.0699572311	-0.0593075443	-0.0571665775	-0.0188836366	0.1837004407	0.0360389	-0.0822970278	-0.082901614	0.0066811317	0.0200540415	0.0889044036	0.092555319	0.0869998212	0.0224460108	-0.0032075333	-0.0294033224	-0.0283538701	-0.0646014601	0.094395901	0.1459216842	-0.0166302081	0.2081155257	-0.09585722	0.0163347922	0.040155148	-0.024734666	0.102080331	-0.0590255903	-0.0003592139	-0.024486257	0.0708760135	-0.006233309	-0.0069968474	0.0506838361	-0.082075412	-0.0443133429	0.054715244	-0.0173904617	-0.0222466001	0.0919150944	-0.0330619257	-0.0861302635	-0.0976771118	0.0663435911	-0.1338530671	-0.0063198325	0.0198938016	0.0140744626	-0.0780378084	-0.0517900318	-0.0093945521	-0.0385235419	-0.0157258036	-0.0031731601	0.0658343674	0.0352870732	0.0942647084	0.0845154255	0.0690065559	0.0487950036	0.0252581525	0.0120264351367893	0.000379310800966	1.4387668372946914e-07	0.0001446351420994	0.007532017025241	-0.170051053346782	0.0289173607443501	5.673128046852028e-05	0.1475923953666225	0.0002217187859017	4.9159220021767226e-08	0.0217835151700574	-0.000395441005457	-0.0003965834866043	1.563735887968431e-07	1.5727846184727397e-07	-0.0001077175232317	0.0004402820445642	1.160306481117183e-08	1.9384827876563219e-07	0.0011029829998136	0.000582982649071	3.398687691178407e-07	1.2165714978778075e-06	0.0	0.0	0.0	0.0	0.0	0.0	0.0	0.0	0.0	0.0	0.0	0.0	0.0	0.0	0.0	0.0	0.0	0.0	0.0	0.0	0.0	0.0	0.0	0.0	0.0	0.0	0.0	0.0	0.0	0.0	0.0	0.0	0.0	0.0	0.0	0.0	0.0	0.0	0.0	0.0	0.0	0.0	0.0	0.0	0.0	0.0	0.0	0.0
562.765183651791	0.8866880176312861	0.7862156406109	316704.651930634	769.5186383657187	-2.316804050920496	5.367581010361619	592158.9347922298	548.6785861724013	-0.2462248145988042	0.0606266593242154	301048.1909241452	586.8390619043245	544.3166630758137	1.211284	22.79982	0.1713892906778393	0.1008364162346196	-0.0138200747	-0.0388814524	0.0404973435	-0.0389843692	0.0786184304	-0.0424476761	-0.0620208754	0.0327205964	-0.0500349967	-0.083984855	-0.0324588868	-0.0002478678	-0.0441894541	-0.0224636064	0.0635562876	0.0054799199	-0.0260088409	0.0370330015	0.0988186689	0.0181654991	0.0682604041	0.0048829402	-0.0358860264	-0.031317321	-0.0625335194	-0.0383165973	-0.0142259038	0.0209411027	0.0494160541	-0.1144226427	0.0229112932	-0.1732383116	0.0356973533	-0.0014339485	-0.0162519146	-0.1023370048	-0.0816149948	0.0215144513	-0.1146967031	0.0173812347	-0.0825672488	-0.0510093184	-0.0452954298	-0.1870339192	-0.0297040442	-0.087181051	-0.0529006909	-0.0363195571	-0.0209449851	-0.0799181506	-0.0844888689	-0.054645036	-0.0408239845	0.0879827475	0.0761667152	0.0767519803	-0.0592481093	-0.0467152111	0.0535014072	-0.0039003124	0.1817459962	0.0080001956	-0.0141769354	-0.0302354018	-0.0458059455	-0.0006916692	-0.056129458	-0.043943402	-0.0336677429	-0.0254536028	-0.0172466162	-0.0519089762	0.1114141931	-0.0467034959	0.0839831286	0.084904079	-0.0329112956	-0.0543287876	-0.0237918394	0.0779508357	0.0062176303	0.0345245212	-0.0054484104	-0.1260674888	-0.0574238341	-0.0379328235	0.0628100015	0.0322379712	-0.1116044982	0.0679647569	0.0801017111	0.0567647135	-0.0725583915	0.1127355191	-0.0545578445	0.0009720544	0.0199436927	-0.022886345	0.1143317598	-0.1488419549	-0.0255406226	0.0932143212	0.051160731	-0.0451460214	0.0736704351	-0.0243134602	-0.0108635671	-0.0036395121	0.0250944983	-0.0537377099	-0.0478639487	0.0219621134	0.0233144692	-0.0163888756	-0.0391222399	-0.0386483589	0.0087104308	-0.0098792693	0.0500617872	-0.051559913	0.0371100372	-0.0310238891	-0.0085383768	-0.0448456299	-0.0747820314	0.0074943948	-0.0287120257	-0.0068830054	0.0551530511	-0.0543508585	0.0318389499	0.0938763134	0.0830178738	0.0658411035	0.0436532934	0.0181431151	0.0247139102957163	0.012687475158927	0.0001609720259083	0.0006107773621047	0.0688432440313562	0.0613112270061151	0.0037590665569953	0.0047393922487608	0.1143050170643604	-0.0332873783022621	0.0011080495542379	0.0130656369260837	0.0008040547780463	0.0011994957835033	6.465040860990848e-07	1.4387901346421957e-06	-0.0001060888229689	1.6287002628000087e-06	1.1254838358926603e-08	2.6526645460448173e-12	0.001022043279369	-8.093972044459995e-05	6.551238345649991e-09	1.0445724649033397e-06	0.0	0.0	0.0	0.0	0.0	0.0	0.0	0.0	0.0	0.0	0.0	0.0	0.0	0.0	0.0	0.0	0.0	0.0	0.0	0.0	0.0	0.0	0.0	0.0	0.0	0.0	0.0	0.0	0.0	0.0	0.0	0.0	0.0	0.0	0.0	0.0	0.0	0.0	0.0	0.0	0.0	0.0	0.0	0.0	0.0	0.0	0.0	0.0
562.6217252947321	-0.1434583570588756	0.0205803002100318	316543.205773621	774.9670784578744	5.448440092155693	29.685499437809533	600573.9726935333	548.3961968728162	-0.2823892995851338	0.0797437165201824	300738.38874456857	586.840896347456	546.1408070228098	1.029573	19.379499	0.1124398160644233	0.0547021478038939	0.0089176636	0.0305933379	-0.0276303555	0.0300018575	0.1234935453	-0.0161999442	-0.0129656102	-0.0332211478	-0.0194538392	0.0060697436	0.0829782282	0.0559642853	-0.0596734031	0.006696787	0.0113197756	0.0654511574	0.0379306509	0.0535322011	0.004502336	-0.1444606501	0.0608795867	-0.0512220024	-0.0898685097	0.0705294535	0.0238424357	-0.0526498182	-0.0805056881	0.0063086929	0.0722434243	0.0521012184	-0.0006379479	0.0004082405	-0.0656024157	-0.0742208076	-0.1314429365	-0.0214236543	-0.0485244064	-0.1588827336	0.0044682634	0.0396638271	0.0059416603	-0.0913465757	-0.0693517966	0.0363227318	0.0592920749	0.0399351471	-0.0353288248	-0.0853852762	0.0652594457	0.105279466	-0.0156814153	-0.0148211308	0.1037214889	-0.1665531213	0.0931357206	-0.0876061612	-7.34275e-05	0.0212330997	-0.0169069488	0.117501496	-0.0384763403	0.0297147722	0.0276133084	-0.0618024263	-0.0030004357	-0.0189617211	-0.0398215599	-0.037452292	0.0743112808	0.0488505936	0.0660902714	0.0093698276	-0.0367242376	-0.0014018285	-0.0254884941	0.0968062983	-0.0098101086	-0.0523023547	0.0724142069	0.1267467568	0.0035874986	0.0603623279	0.037345882	-0.0093530809	0.1137505302	-0.0293960984	0.0604357279	0.019243508	-0.0097083656	-0.116673936	-0.0265376307	0.0916019704	-0.1789592261	-0.006947384	-0.1079535675	-0.0738152469	-0.1391512433	-0.000544656	-0.0709573587	0.0571236892	-0.0769232799	-0.0336696797	0.0103145961	0.0310884942	-0.0267373273	-0.0342720405	-0.0647491408	-0.0006713993	0.0457903752	-0.0837651811	-0.0597611744	-0.0171798877	0.0237303459	0.0102477492	-0.0120493609	-0.0478489337	0.0077492319	-0.0275502341	0.0558762394	0.024518034	0.0920360124	0.041409597	-0.0172898635	-0.0448076434	-0.0546832817	0.0135116299	0.0447635244	0.0011535516	0.0235559901	0.0466286399	0.0501118371	0.0934669092	0.0814460099	0.0625430558	0.0383553157	0.010926614	0.0166896257844655	-0.0080242845112508	6.438914191749952e-05	0.0002785436088254	0.0978685983461247	0.0290253543147685	0.0008424711930978	0.009578262542235	0.0853635685616964	-0.028941448502664	0.0008376074414323	0.0072869388375874	0.0007858655919451	-1.818918610120004e-05	6.175847286032225e-07	3.3084649102408876e-10	-0.0008516660089885	-0.0007455771860196	7.253349908663998e-07	5.558853403129052e-07	0.000856835076775	-0.0001652082025939	2.7293750204340143e-08	7.341663487920202e-07	0.0	0.0	0.0	0.0	0.0	0.0	0.0	0.0	0.0	0.0	0.0	0.0	0.0	0.0	0.0	0.0	0.0	0.0	0.0	0.0	0.0	0.0	0.0	0.0	0.0	0.0	0.0	0.0	0.0	0.0	0.0	0.0	0.0	0.0	0.0	0.0	0.0	0.0	0.0	0.0	0.0	0.0	0.0	0.0	0.0	0.0	0.0	0.0
561.2930572304385	-1.328668064293538	1.7653588250735373	315049.89609509235	768.8998756561892	-6.067202801685198	36.81094983677672	591207.0187841032	548.2727929211537	-0.1234039516624534	0.0152285352859091	300603.0554575623	587.0501843119274	539.596243325133	1.317332	24.79595	0.3248044586549122	0.1666130769271493	0.0231235331	-0.0659904657	0.0904191547	-0.0626102093	-0.0068591242	0.0214489583	-0.0815669063	-0.0192511461	0.0291684709	-0.059687793	-0.0454353482	0.060141654	-0.0104268546	0.054435392	-0.0653364521	0.0780269465	0.0080153874	0.0234164025	-0.0083594865	-0.0500748917	0.0338530001	-0.1134318384	0.030913904	-0.0221922991	-0.0069535806	-0.0013952434	-0.0090991918	-0.0081616246	0.0529732701	-0.0148042808	-0.0670950051	-0.0880775805	0.0395683351	-0.1582190561	-0.0661483759	0.1226241688	0.0012877894	0.0237837994	-0.0043813955	-0.0462191536	-0.0952348652	-0.0002858574	-0.0275615065	-0.0764753562	-0.0110880609	0.1933223659	-0.0842919824	0.0142107025	0.0148242298	-0.0120761821	0.1457247355	0.0013961779	0.0240600482	0.1013540734	0.0791515624	0.1190986822	0.0462019268	-0.0676623012	-0.0428180595	0.0093915255	-0.0505318939	-0.1073598708	0.0573817841	-0.0834676868	0.0695064689	0.0251834433	-0.0379037724	0.0377115504	-0.0023394134	-0.0102719151	-0.0499887745	-0.0654166324	0.0536675245	-0.0112191978	0.0774398133	-0.0470308467	-0.0578393962	0.0553994837	0.1040481099	0.0929484315	-0.0792849863	-0.1973024491	-0.0572745144	-0.103014699	-0.0450108114	-0.0427850885	0.0017563426	0.0050880943	0.02142454	-0.0866039972	-0.0988906072	0.1299509611	-0.0714253914	0.0817568567	-0.0610687776	-0.061463134	0.0723381835	0.1002535144	-0.0518269135	-0.0273469847	0.0277175445	-0.0029537426	-0.0699126458	0.1325070711	-0.0014031234	-0.0217865964	-0.1649047711	0.0114449157	0.0093167199	-0.0030506875	0.0949442697	0.0479214972	-0.0192719784	-0.0150571964	0.0662599077	-0.1243074296	0.0213587517	-0.0349336736	0.0008852297	-0.0971340159	0.0317936508	-0.0064753657	0.0153306715	-0.0031292569	-0.0117534646	0.0097250058	-0.0598641738	0.0301450859	0.0454187832	0.0010697113	-0.0901538713	0.0930365874	0.0798012408	0.0591190548	0.0329200359	0.0036490069	0.0002612778544914	-0.0164283479299741	0.0002698906157082	6.826611724762922e-08	-0.0267869748453506	-0.1246555731914753	0.0155390119276952	0.0007175420213654	0.0042140198745102	-0.0811495486871862	0.006585249252134	1.775796350276696e-05	0.0002899912459972	-0.0004958743459479	8.409492275500858e-08	2.458913669692576e-07	7.603315136073263e-05	0.0009276991603492	5.781040105844078e-09	8.606257321126712e-07	0.0002289888061466	-0.0006278462706283	3.941909395419901e-07	5.243587334044516e-08	0.0	0.0	0.0	0.0	0.0	0.0	0.0	0.0	0.0	0.0	0.0	0.0	0.0	0.0	0.0	0.0	0.0	0.0	0.0	0.0	0.0	0.0	0.0	0.0	0.0	0.0	0.0	0.0	0.0	0.0	0.0	0.0	0.0	0.0	0.0	0.0	0.0	0.0	0.0	0.0	0.0	0.0	0.0	0.0	0.0	0.0	0.0	0.0
562.4262784619017	1.1332212314631531	1.2841903594388655	316323.3187045046	772.9238982909176	4.02402263472834	16.19275816480601	597411.3525492287	549.5998842081892	1.3270912870355005	1.7611712841255411	302060.032721655	587.7140372140067	540.878768431366	1.195817	22.508692	0.1736894157060353	0.086820657129904	0.0551660754	-0.0333453143	-0.0751325651	0.0103485057	0.0381554378	0.0193553683	-0.0424787444	-0.0486109761	-0.0219667795	-0.0518067453	0.1008346981	0.0823080995	0.0338089978	-0.0430298673	-0.1352930887	0.0015342723	-0.002818541	0.0361764382	-0.0509427755	0.0241924309	-0.0289788563	-0.0675938741	0.0067275274	-0.0238499364	-0.0537799258	-0.1279157509	0.0501587359	0.0214803481	0.1000436457	0.011323852	0.0873181014	0.0745536529	0.0915180172	-0.0560209009	-0.0995186058	0.0648983368	-0.0739229543	0.1014313368	0.0980414189	0.0364160651	-0.0633328602	-0.036682852	0.0568954995	0.0869961863	-0.002433617	-0.0381269053	-0.0092716129	0.0242886703	0.1853548778	-0.0816809102	-0.0729386435	-0.0906740781	0.0884066852	-0.0051141721	-0.0115020411	0.0183156245	-0.0439658591	0.13843501	-0.0003570182	-0.0074251677	0.0998076525	-0.0815740047	-0.0648467422	-0.0584830092	0.0377772329	-0.0760204481	-0.0026625543	-0.0280426937	0.001988782	0.0925520695	0.0263502662	-0.0727661863	0.0798348631	0.1104915535	-0.0619250373	-0.0795505843	0.0341627323	0.0496897119	0.1241987245	-0.0584265875	0.0171538992	0.023922902	0.0423095012	-0.0168671113	0.0252940452	-0.0274957838	0.0104049868	0.0815572945	-0.0719755611	-0.0082348863	-0.1090277087	-0.0295074276	-0.0208321548	-0.0075423062	0.1326610059	0.0236746882	0.1727678659	0.0985145437	-0.1077018377	-0.0396900033	-0.0917059012	0.0374681529	-0.0256079033	0.0030911758	0.1109710278	-0.1056675683	-0.0394368854	0.0271408843	0.0071888113	-0.0020734803	0.0863215743	-0.0134185441	0.0035635948	-0.0073733231	-0.0681144198	-0.0480693272	0.0066189536	-0.0190419627	0.0149591927	0.0408804317	0.0490131819	-0.026683961	-0.0100204945	-0.0462990862	-0.0553526619	0.0058554426	-0.0092647519	0.0413841725	-0.0354407812	-0.0293053935	-0.0655350144	0.0925854444	0.0780850388	0.0555759958	0.027366911	-0.0036490069	0.0192977198067865	0.0190364419522951	0.0003623861222031	0.0003724019897412	-0.0263470185725509	0.0004399562727997	1.9356152197580518e-07	0.0006941653876623	-0.0209130007907987	-0.0251270206653088	0.0006313671675148	0.0004373536020759	0.0011869014301665	0.0008969101841693	1.4087350049312832e-06	8.044478784666077e-07	-0.0007198374534127	-0.0007958706047734	5.181659593356811e-07	6.334100195424295e-07	0.0011179279535165	0.0008889391473699	7.902128077267248e-07	1.24976290925359e-06	0.0	0.0	0.0	0.0	0.0	0.0	0.0	0.0	0.0	0.0	0.0	0.0	0.0	0.0	0.0	0.0	0.0	0.0	0.0	0.0	0.0	0.0	0.0	0.0	0.0	0.0	0.0	0.0	0.0	0.0	0.0	0.0	0.0	0.0	0.0	0.0	0.0	0.0	0.0	0.0	0.0	0.0	0.0	0.0	0.0	0.0	0.0	0.0
564.5107591934794	2.0844807315777416	4.345059920318877	318672.39724519855	776.9580149210121	4.034116630094559	16.274096985205478	603663.7569499997	550.1086544421835	0.5087702339942552	0.2588471509985692	302619.53169218963	587.2671777706335	548.5086965246069	1.426182	26.844831	0.4789371059829472	0.2804165811097283	-0.0317816647	0.0824932816	0.0504519907	0.0318314596	0.1358034527	-0.0065348322	0.0274834412	0.1037366057	-0.0014921418	-0.1263895012	-0.0230118081	0.1179988345	0.0595808319	-0.1072667929	0.0070869396	0.0629598551	-0.0938827316	0.0777409847	0.0283770297	-0.0911863926	0.0643117832	-0.0546303852	0.1208606368	0.0778049326	0.0152177585	-0.03492756	-0.0018257331	-0.1414336143	-0.0833723355	-0.0166205659	0.0110090233	-0.0014486228	0.0071578643	0.0264475265	0.1364471862	0.0025329642	-0.0163206921	0.0192828699	-0.0564384394	-0.0190804891	0.047333179	0.0252802078	-0.0786238285	-0.0381929732	-0.0387687049	0.1574873987	0.0047750465	0.0102623837	0.1179003125	0.0994710642	0.0601543853	-0.0487457361	-0.1207391792	0.0811033372	-0.0236999282	-0.037698182	-0.0399546785	0.1127162029	-0.1120531597	-0.0321365228	0.0419484118	0.0843904017	-0.0563700745	0.0962207459	-0.0366598487	-0.0213695163	0.0207279293	-0.0926994525	-0.0865992768	0.0624321865	-0.0430184023	-0.1933328843	-0.0338401563	0.0133668066	0.0845187755	0.028485805	-0.0483623595	-0.0865980021	-0.0182701045	-0.0039464335	0.0451871582	-0.1668491845	-0.0160809421	-0.0193328012	-0.0150626823	-0.0373641615	-0.0483263582	-0.1207812925	0.0344322107	-0.0874905286	0.0443417159	-0.0747369072	-0.0179470686	-0.0075155171	-0.0150442525	-0.0108784553	-0.0322753694	0.0045182128	0.0407769744	0.0358307299	0.0700702554	0.0989555733	0.00764448	-0.0313781959	0.0422885683	0.0885006137	0.0564532355	-0.027389581	0.1074175381	-0.0717121549	-0.1279221452	-0.0285218799	0.0915138188	0.0304180108	0.0108095617	-0.0179782896	-0.0434802472	-0.0959705775	0.0217457327	0.001167688	0.0092322059	-0.0294105642	-0.010793606	0.0094200089	-0.0264878198	-0.0174844549	-0.0617413573	0.0853601971	0.0107119532	-0.0415394716	0.0045443685	0.0921135811	0.0762989401	0.0519210142	0.0217158196	-0.010926614	0.0301948469740978	0.0108971271673113	0.0001187473805005	0.0009117287837891	0.1442240332123674	0.1705710517849183	0.0290944837070132	0.020800571756042	0.1630804203298339	0.1839934211206325	0.0338535790156744	0.0265952234949552	-0.0010060567158338	-0.0021929581460003	1.0121501154742912e-06	4.809065430109073e-06	-0.0007945627931751	-7.472533976239995e-05	6.313300322982168e-07	5.583876402606111e-09	0.0011161013210775	-1.8266324389999528e-06	3.3365860672069155e-12	1.245682158910941e-06	0.0	0.0	0.0	0.0	0.0	0.0	0.0	0.0	0.0	0.0	0.0	0.0	0.0	0.0	0.0	0.0	0.0	0.0	0.0	0.0	0.0	0.0	0.0	0.0	0.0	0.0	0.0	0.0	0.0	0.0	0.0	0.0	0.0	0.0	0.0	0.0	0.0	0.0	0.0	0.0	0.0	0.0	0.0	0.0	0.0	0.0	0.0	0.0
563.6621924109347	-0.8485667825447081	0.7200655844382778	317715.0671535016	775.2621013534117	-1.695913567600428	2.8761228287712117	601031.3257949076	549.7263016656998	-0.3823527764836854	0.146193645684783	302199.006743048	586.9849871752791	547.4158213120807	1.105718	20.812773	0.1320618742801244	0.0828012716607063	0.0346862214	0.0776455272	0.0205597736	0.1318519544	0.150638494	0.0602673472	-0.0053202804	0.0039376747	0.0148386969	0.0631352426	0.0538569587	0.0588355497	0.028992845	-0.093372802	-0.0535689862	0.0513713374	-0.0766116374	0.0822288538	0.0761211226	0.0057985894	0.1470254716	-0.007254897	-0.0388059691	-0.0899851043	0.0117978399	0.0886633693	0.0435698037	0.0655148933	-0.0126899174	0.011092287	-0.0090957975	-0.0857079041	-0.0410421838	0.0057136583	0.0077727639	0.0947102651	0.0683025829	-0.0655938068	0.0371789373	0.0281927128	0.0213342994	0.1148044012	-0.0228675099	-0.049645758	0.0693862562	0.0092488263	-0.0280188998	0.0094056358	0.0217236343	0.045425658	-0.0002058891	-0.0139681483	0.0009286927	-0.0561812406	-0.0356584967	-0.0246536855	-0.0582785357	0.0628146842	0.0418300325	0.0268189923	0.04893692	-0.1624260072	-0.0946183954	0.056252681	0.0091217117	0.0190095588	0.0571543691	-0.0897642182	-0.0334305933	0.1345555312	0.1045901284	-0.0538494383	0.0624612618	0.0283557761	0.0763338151	0.0643751241	0.0416961615	-0.0878975012	0.0010775213	0.0577475432	-0.0735708016	0.0394700599	0.092399776	0.1097903349	-0.0845097844	-0.0240676487	0.0188143019	-0.0837093799	0.0174939288	-0.0389924683	0.0856689275	0.0147508921	0.067376265	0.0448998399	-0.0575095341	-0.0296953835	0.066796952	0.0854956892	-0.0681922097	0.0642395288	-0.0319361149	0.0241456072	-0.0299086025	0.0097978588	-0.0218116258	-0.0908851881	0.0456129586	-0.0122752758	0.1536310649	-0.072592977	-0.1088058102	0.0147482176	0.0736971189	0.0293975757	0.0390601731	-0.0108159221	-0.0530927289	-0.1236500337	0.0520577657	-0.0055547507	0.0298619112	-0.0122633063	-0.0114672103	0.0648704101	-0.0186598749	-0.0192587005	-0.0095321221	0.1498318731	-0.0275222959	-0.0278184446	0.027314824	0.0916211031	0.0744445435	0.0481614706	0.0159869912	-0.0181431151	0.030063923039151	-0.0001309239349467	1.7141076741953553e-08	0.0009038394685039	0.1236439662695971	-0.0205800669427703	0.0004235391553689	0.0152878303948772	0.1625956482523065	-0.0004847720775273	2.3500396715022727e-07	0.0264373448305877	-0.0023991001053666	-0.0013930433895328	5.755681315570031e-06	1.940569885121032e-06	-0.0011848209295026	-0.0003902581363274	1.403800634987405e-06	1.5230141296981354e-07	0.0006820806204402	-0.0004340207006373	1.8837396858169282e-07	4.652339727800882e-07	0.0	0.0	0.0	0.0	0.0	0.0	0.0	0.0	0.0	0.0	0.0	0.0	0.0	0.0	0.0	0.0	0.0	0.0	0.0	0.0	0.0	0.0	0.0	0.0	0.0	0.0	0.0	0.0	0.0	0.0	0.0	0.0	0.0	0.0	0.0	0.0	0.0	0.0	0.0	0.0	0.0	0.0	0.0	0.0	0.0	0.0	0.0	0.0
562.7285736398075	-0.9336187711272714	0.8716440098011964	316663.4475906922	771.7323080162447	-3.529793337167007	12.459441003108596	595570.75523608	548.6542279654686	-1.072073700231158	1.1493420187273269	301021.4618643844	587.0685474120576	537.8246389572867	1.552137	29.215649	0.2157124437889973	0.1149781674632765	-0.0368718606	0.0771760412	0.0528907483	-0.10044394	0.0609602877	0.0903824822	-0.0532304632	-0.0009825486	-0.0880634559	-0.0272386826	0.0013706792	0.0277362996	-0.0144842074	0.0483750301	-0.0233418199	0.0156032277	-0.038228115	0.0132245324	-0.0254460308	-0.1426775848	-0.0616213993	-0.0609551519	-0.0082985912	0.0039346811	0.1420492812	0.1089404034	0.0777534647	0.0643304804	0.0133650256	-0.0541251859	-0.0016253939	-0.053921296	0.1067717474	-0.0635135658	0.1541180225	-0.0373192174	-0.0501092962	-0.0549915284	0.041454883	0.0306813136	0.11013915	0.08891128	0.0067870403	0.0599431865	-0.0575291915	-0.0126638847	-0.0528535426	0.0525738552	0.1377382139	0.101192584	-0.0625584713	0.0287447521	-0.0114370048	0.0345136839	0.0370800711	-0.0607419503	-0.0486792877	-0.1062003716	0.0179836933	-0.0451311304	-0.0522212837	-0.0241735753	-0.0256082882	-0.0392824649	-0.0268572228	-0.0288940981	-0.0957754657	0.0072980687	-0.0911123945	0.040618502	-0.0673845816	0.0296996535	-0.0945507084	-0.0289209352	0.0072484725	0.0033219696	-0.0475361291	-0.1772139791	0.1178366472	0.1541870634	-0.0132823849	0.0455856742	-0.0313688451	0.0457310264	-0.0850378573	-0.103706411	-0.0300521613	-0.0978941765	0.1290665225	-0.0037847547	0.0260529492	-0.0002685656	-0.0693340144	-0.0870748828	-0.0450355777	0.0316267548	0.1052076541	-0.046406984	-0.1113878948	-0.0522702514	0.1039062283	0.0077351315	-0.0148341168	-0.0498234898	0.0874214253	0.0893303509	-0.0987976928	-0.0013236808	0.0850490824	-0.0327569323	-0.0192985083	-0.0060308268	0.0502012457	0.0199231742	0.0337458852	0.0577404696	-0.0528026449	-0.0591292168	0.0412330694	-0.0372703597	0.0379608452	0.101187421	0.0608184176	0.0036652159	-0.0547226375	-0.0538718273	-0.1183874037	0.0881293636	0.0200878496	-0.0618186656	-0.0278492878	0.0911081206	0.0725235089	0.0443049362	0.0102009335	-0.0252581525	0.0302798688169048	0.0002159457777537	4.6632578929692506e-08	0.0009168704555689	0.0350369110690138	-0.0886070552005833	0.0078512102313192	0.0012275851372579	0.1050670388869363	-0.0575286093653701	0.0033095408955133	0.0110390826604689	-0.0015799130899724	0.0008191870153941	2.496125371866137e-06	6.710673661904571e-07	-0.0010498820183169	0.0001349389111857	1.1022522523851673e-06	1.8208509751982252e-08	0.0011151713627661	0.0004330907423259	1.8756759108839909e-07	1.2436071683336003e-06	0.0	0.0	0.0	0.0	1.0	0.0	0.0	0.0	0.0	0.0	0.0	0.0	0.0	0.0	0.0	0.0	0.0	0.0	0.0	0.0	0.0	0.0	0.0	0.0	0.0	0.0	0.0	0.0	0.0	0.0	0.0	0.0	0.0	0.0	0.0	0.0	0.0	0.0	0.0	0.0	0.0	0.0	0.0	0.0	0.0	0.0	0.0	0.0
563.3605518393435	0.6319781995360927	0.3993964446888813	317375.1113687297	776.5379748976375	4.805666881392767	23.094434174915285	603011.2264581239	548.8032170216972	0.1489890562285154	0.0221977388758637	301184.97101336403	585.8843315264797	538.169293511282	1.544197	29.066206	0.3382324839995516	0.183194148703493	0.0250440212	-0.0503834429	0.0155012635	0.0344946521	-0.0193097807	0.1204415141	0.0064485919	0.0336046465	-0.0106784804	0.0152266022	-0.0240794922	0.0699288144	-0.0157734976	0.0757184278	0.1121215247	-0.0344231861	-0.1542435538	0.0416764568	0.1184058583	0.0612192651	0.0842328987	-0.0465458336	0.0108502743	-0.0383980513	-0.0918169097	0.0162509931	0.0688936612	0.0987110092	0.0264404083	-0.1304492273	0.0109348108	-0.0365451245	-0.0833159614	-0.1191578932	-0.0024300601	-0.0591573052	0.0048024509	0.0161713374	-0.0142197279	0.0279082884	-0.0286235704	0.064258101	0.0712121554	0.0053124266	0.0681115301	0.0992971326	-0.0415943234	0.0073823861	-0.0073673342	0.0166010252	-0.1056816142	-0.0506299842	-0.0599672116	0.0070351275	-0.0985331708	-0.092208775	0.1137473807	-0.0121410979	0.0302955468	0.157069008	-0.0359401054	0.0079614217	0.0120530625	0.0724282277	-0.0717786202	0.0542375055	-0.0144847293	0.0939785711	-0.0039779574	0.0930688822	0.0109914007	0.0067512648	0.1514940749	0.0127709804	0.0534967851	0.0857334127	-0.0321318445	-0.0646908997	0.0017972634	-0.0180490834	-0.0832101453	-0.0434039673	-0.0687659322	-0.0104521236	-0.0661105197	-0.0484822026	0.034786122	0.1111783737	-0.0595084868	0.0327725034	0.035544315	-0.0235942127	0.0162017914	-0.1165287891	-0.1290928733	-0.0951341489	0.0310402731	-0.0099904766	0.0858045796	0.0558623911	0.1280719808	-0.0074596258	-0.1058335835	-0.0291965472	0.0190749712	0.0299353507	0.153500852	0.0185263812	0.0252730203	-0.0285603951	0.0630246153	-0.0441588458	-0.0447309522	-0.0616652728	0.0296350775	0.0591072998	-0.1303851491	-0.0765939369	0.0064479479	-0.0050946281	-0.1072648553	0.0080300699	-0.0511260053	-0.0338386752	0.0778555446	-0.0712115564	0.0265776249	0.0266144745	-0.0026860888	-0.1260827767	-0.0900319022	0.0905747485	0.070537556	0.0403591775	0.0043783591	-0.0322319361	0.048666479467144	0.0183866106502392	0.0003380674512034	0.0023684262237259	0.0454695924022701	0.0104326813332563	0.0001088408398012	0.0020674838332285	0.0154590941668502	-0.0896079447200861	0.008029583756958	0.0002389835924595	0.0007726021756876	0.00235251526566	5.969141218772132e-07	5.53432807516334e-06	-0.001627007186481	-0.0005771251681641	2.64715238486082e-06	3.3307345972844093e-07	0.0025816358748614	0.0014664645120953	2.150518165234906e-06	6.664843790371386e-06	0.0	0.0	0.0	0.0	0.0	1.0	0.0	0.0	0.0	0.0	0.0	0.0	0.0	0.0	0.0	0.0	0.0	0.0	0.0	0.0	0.0	0.0	0.0	0.0	0.0	0.0	0.0	0.0	0.0	0.0	0.0	0.0	0.0	0.0	0.0	0.0	0.0	0.0	0.0	0.0	0.0	0.0	0.0	0.0	0.0	0.0	0.0	0.0
565.9657273392154	2.605175499871848	6.786939385132532	320317.2045226071	783.7903056929867	7.25233079534928	52.59630196517153	614327.2432983057	550.7905729451311	1.9873559234339384	3.949583566407961	303370.2552452258	589.337530975126	560.2492260526672	1.686308	31.741135	0.3678749471586318	0.1912138863740458	-0.014309444	0.1233514743	-0.0221829077	0.068655222	0.1650931138	-0.0307689037	0.0764826947	0.0052520102	-0.0935186773	0.0158157014	0.0730373347	0.0506758705	0.0677409507	-0.106688133	-0.0169606926	-0.0314648513	-0.0814872317	-0.0878528384	0.041869284	-0.0063387732	-0.0977974288	-0.0673079733	0.0321317712	0.1133570689	-0.0434179853	-0.0636920641	0.0221904677	0.0694522127	0.0921061145	-0.0584832408	-0.0139941512	0.0596428088	-0.0996653541	-0.0199207535	0.0083264923	-0.0158395887	-0.0759080045	-0.1126730637	0.0726230271	-0.0275264754	0.0437541193	-0.0325392331	-0.1125455527	-0.03162138	-0.0503347326	0.048619546	-0.063451695	-0.0021136021	-0.0270389797	0.0057079388	-0.0331164074	-0.0688544567	0.0003666163	0.0079586706	-0.0565539806	0.0825060387	0.0553309924	-0.086958307	-0.0069816268	0.0203998959	0.1205916588	0.0660923716	-0.0966460219	-0.0151105686	-0.0165985556	-0.162294621	0.0025552619	-0.1049878782	-0.0319270585	0.1080212466	0.0473140682	0.0147291482	0.0340612897	-0.0547873096	-0.0075681877	-0.0663998587	0.0062986238	-0.0652641547	0.0270259715	-0.0445448244	0.0519944407	0.066617489	-0.0949860819	0.0115065919	0.0555755512	-0.0280868069	0.018808526	0.084742608	-0.0036003559	-0.1665802742	-0.0333815546	0.0780273949	0.0580088013	0.0075224529	-0.0031702062	-0.0481165522	-0.1000826881	-0.1116079737	0.0183667154	0.0025520432	-0.0138336558	0.0667249081	-0.0543413201	-0.0432214331	-0.0726818095	-0.0261555561	-0.0634719166	-0.0144664531	0.1393210842	-0.0528568436	-0.1246692815	-0.1023273593	0.0930096307	0.0584365097	-0.1307001331	0.0612516257	-0.0102517834	-0.0555301896	-0.025634975	0.0442958241	0.0104130209	0.0700035009	0.0052906897	0.0990985294	-0.0830569966	-0.0468229699	-0.0516803828	0.119844912	-0.0335821291	0.0496103922	-0.0139852046	0.0900211061	0.0684884625	0.0363321408	-0.0014598886	-0.0390254656	0.0479851657575665	-0.0006813137095775	4.6418837085825925e-07	0.0023025761327811	0.16976577845017	0.1242961860478998	0.0154495418660541	0.0288204195327922	0.0854128095937696	0.0699537154269193	0.0048935223020304	0.0072953480427015	-0.0016778043118035	-0.0024504064874911	2.8150273087064167e-06	6.004491953938471e-06	-0.0012011792913586	0.0004258278951224	1.4428316899887484e-06	1.8132939626437386e-07	0.0019989956179902	-0.0005826402568711	3.394696689269377e-07	3.995983480744023e-06	0.0	0.0	0.0	0.0	0.0	0.0	1.0	0.0	0.0	0.0	0.0	0.0	0.0	0.0	0.0	0.0	0.0	0.0	0.0	0.0	0.0	0.0	0.0	0.0	0.0	0.0	0.0	0.0	0.0	0.0	0.0	0.0	0.0	0.0	0.0	0.0	0.0	0.0	0.0	0.0	0.0	0.0	0.0	0.0	0.0	0.0	0.0	0.0
566.4440306826197	0.4783033434042636	0.2287740883116969	320858.8398959726	780.3763012560496	-3.414004436937148	11.655426295426532	608987.1715620727	551.6618331769191	0.8712602317880282	0.7590943914953288	304330.7781841189	589.6108953214265	547.0577791801022	1.475183	27.76717	0.1796493476655754	0.1084151426042103	-0.0249422798	0.0781845803	0.0683760574	-0.0456950335	-0.0124615163	0.0629077763	0.0588508676	0.035282663	-0.0706575316	-0.0277942518	-0.0480772372	-0.0359113094	0.1221942824	-0.0862986513	0.0164109219	-0.1354246477	-0.0995742465	0.0306457789	0.0258249391	0.0257165324	0.0330318472	-0.0626522005	0.040784811	-0.0208986352	-0.0660633689	0.0029189256	0.0313814527	0.0049191146	0.059398347	-0.0011342504	-0.0307173912	-0.0885756246	-0.1230301158	0.0109408037	0.0902692487	-0.0982396846	0.0262878913	-0.1420789795	0.0346544367	-0.0861624242	-0.0504695675	0.1906213061	-0.0034281665	-0.0543736616	-0.1242478082	-0.0284685779	0.0779981814	0.0802377296	-0.115047457	-0.0132784444	0.0398061568	-0.0562579004	0.0032376024	-0.1050029998	0.0825233834	-0.0321712125	0.0417793101	0.0100735139	0.0579109284	-0.0170723622	0.0357574278	-0.0569490162	-0.0204825167	0.0567123851	-0.0460104591	-0.1184040282	0.0640873024	-0.0368873601	-0.1369917993	0.0403744242	-0.0101034837	-0.0351709583	0.0830924905	0.0720585653	0.0680601396	0.0156860757	0.0816569742	-0.0128827805	-0.0028247076	0.0178401147	0.1568020022	0.1119594546	-0.1109685605	0.0688979834	-0.0718596172	-0.0623584326	0.0680863038	0.011372671	-0.0396293417	0.0228161153	0.0672766966	-0.0138442929	0.0905313773	0.1176731825	-0.0968637313	-0.0277672899	-0.076757782	-0.0635064551	-0.0384885181	-0.0239349217	0.0031582631	0.0376314459	-0.0671934744	0.1317018656	-0.1222462085	0.0411682428	0.1186687469	0.0101499304	0.0840988645	-0.0200512153	0.0352667228	-0.0498679581	0.0251053863	0.0361483963	0.0579378801	0.149812134	-0.0495359858	-0.0582077116	-0.0051169686	0.0792067445	0.0304020291	0.064051607	-0.0049090401	0.1224430974	0.0018103568	-0.0285640198	-0.0995404712	0.0228140168	-0.0352508087	-0.0844045345	-0.0318163521	0.0894473172	0.0663780624	0.0322319361	-0.0072929104	-0.0456007488	0.0642561793003864	0.0162710135428199	0.0002647458817106	0.0041288565782834	0.0706708568226446	-0.0990949216275254	0.0098198034923654	0.0049943700040467	0.0487496617438694	-0.0366631478499001	0.0013441864102636	0.0023765295201416	-0.0012761493818146	0.0004016549299889	1.6285572447057856e-06	1.6132668278438825e-07	-0.0013512793130019	-0.0001501000216433	1.8259557817468867e-06	2.253001649731913e-08	0.0019996459592646	6.503412743998419e-07	4.229437731880104e-13	3.998583962403242e-06	0.0	0.0	0.0	0.0	0.0	0.0	0.0	0.0	0.0	0.0	0.0	0.0	0.0	0.0	0.0	0.0	0.0	0.0	0.0	0.0	0.0	0.0	0.0	0.0	0.0	0.0	0.0	0.0	0.0	0.0	0.0	0.0	0.0	0.0	0.0	0.0	0.0	0.0	0.0	0.0	0.0	0.0	0.0	0.0	0.0	0.0	0.0	0.0
566.0811045895903	-0.3629260930293867	0.131715349001575	320447.8169733706	785.9875779362568	5.611276680207197	31.486425981837105	617776.4726701033	551.2497975760643	-0.4120356008547787	0.1697733363717585	303876.3393276519	590.4319560200693	548.5712419795279	1.426718	26.854918	0.448414557977308	0.2641624256197379	0.0823107374	0.0463431587	0.0096600011	0.0416187957	-0.0804152542	0.1155332269	0.0908625459	-0.0677163871	-0.0782567827	0.0635981139	-0.0030160683	-0.086091585	0.0984886446	-0.0635039022	-0.1103577017	-0.1671342746	0.0328253545	0.0270510755	0.0846091397	-0.0571812605	0.0001194488	-0.0306056474	-0.0105514492	-0.1095344095	-0.1482515972	-0.0210051174	0.0095693869	-0.0109708974	-0.0147062002	-0.0021716678	-0.0723873872	0.0451235222	-0.0046773424	-0.0081147479	-0.0141404154	-0.0533904417	0.0495053011	-0.098721376	0.1597957423	-0.0973389365	-0.0125778135	0.004915343	-0.0762177659	0.0974610014	0.0473532281	-0.1288912841	0.0750134569	-0.0891576757	0.0228799909	-0.06811027	0.0941596314	0.0192757888	0.0532505208	0.0670512748	0.0087043622	-0.002344187	0.0061146329	0.0003604314	-0.0408470837	0.0870254678	0.0565403817	-0.0175987082	0.1160292366	-0.0472422406	0.0191461358	-0.1717997265	0.1002472744	0.0326412738	-0.0668557856	0.0082127134	-0.0366933147	0.0948512951	0.1123376977	0.1175992298	0.1065207483	0.0203120852	-0.055248529	0.0435665478	0.1449819149	-0.0391197013	-0.0545084297	0.0572062217	-0.0558583787	-0.0292713879	-0.0452696792	0.0212116911	0.0744877209	-0.0221750682	-0.0756925246	0.0087603321	-0.1326845673	0.0639421456	0.0927213572	0.1461530019	0.0698240626	0.0296257121	-0.0217473784	-0.0796591526	-0.0004277315	0.0759651071	-0.0884712783	-0.1261126885	0.0531827012	0.0217763082	-0.1063497271	0.0131754029	-0.0329690049	0.0573898844	0.0439444597	0.0661709385	0.2093117349	-0.0238630123	-0.0676134868	0.0216183219	-0.0512037905	0.1295708767	0.0021021796	-0.0222993351	-0.0003259165	0.0599938052	-0.0161899683	0.0239141711	-0.0520244214	0.0682948844	0.0347179793	-0.035503694	0.0492962847	0.041795465	-0.1223188119	-0.0673220191	-0.0718578058	0.0888535104	0.0642082451	0.0280668205	-0.0130998254	-0.0519210142	0.0663265112077624	0.0020703319073759	4.286274206699098e-06	0.0043992060889934	-0.1145225071023929	-0.1851933639250375	0.0342965820418713	0.0131154046330176	-0.1203456107242502	-0.1690952724681196	0.0285932111710676	0.0144830660205927	0.0001010120726893	0.0013771614545039	1.0203438828988428e-08	1.8965736717712973e-06	-0.0011979145235363	0.0001533647894655	1.4349992056992007e-06	2.3520758647827783e-08	0.0016890604096986	-0.000310585549566	9.646338359921429e-08	2.8529250676112023e-06	0.0	0.0	0.0	0.0	0.0	0.0	0.0	0.0	0.0	0.0	0.0	0.0	0.0	0.0	0.0	0.0	0.0	0.0	0.0	0.0	0.0	0.0	0.0	0.0	0.0	0.0	0.0	0.0	0.0	0.0	0.0	0.0	0.0	0.0	0.0	0.0	0.0	0.0	0.0	0.0	0.0	0.0	0.0	0.0	0.0	0.0	0.0	0.0
565.1777094747546	-0.9033951148356892	0.8161227335089879	319425.8432871301	781.9612594665773	-4.026318469679495	16.21124041928223	611463.4113065558	551.4006682929643	0.1508707168999308	0.022761973217899	304042.6969939276	590.079399367876	558.4190644424436	1.154784	21.736343	0.3054835210156774	0.1695783373517412	0.0457060285	0.074441881	-0.0346849509	-0.0152271907	-0.0146744589	0.0056560022	0.0412459915	-0.0386446806	-0.0323776772	0.0571093539	0.0449844609	-0.00595189	0.0898106574	-0.0758159591	-0.1266631655	-0.0711145928	0.0487108381	-0.0275590929	-0.0513900192	-0.0137052107	-0.0549221488	-0.064998875	0.00233267	0.0223313653	-0.1076263626	0.0029559851	0.0331476521	0.1017691097	0.0469991057	-0.0738366406	0.0657159484	0.0354661706	0.0245349921	-0.0173921585	0.1039395906	-0.0927741709	0.0233229498	-0.0425687634	-0.0226134179	0.0739025039	0.0408724775	-0.0640149259	0.0833053384	-0.0991201521	-0.0515808354	-0.0138387874	0.054920587	-0.0245318549	-0.0606994028	-0.2073042513	-0.090888319	0.0810950733	-0.0127941639	-0.0551367044	0.1024053516	-0.1566791075	0.0068885537	0.0803662102	-0.0142726541	-0.1320936406	-0.0357141146	-0.0337925991	0.0224773423	-0.0383940407	0.0686934242	-0.1027873501	0.0519495316	-0.0512091964	-0.0120797402	0.0316868697	0.0128947443	0.0409925007	-0.0767536741	0.1360750548	0.0350771491	-0.1260734165	-0.0501068562	0.0046056982	0.0721874643	-0.0218023693	0.0685734191	0.0723534983	-0.0400087398	0.0041318469	-0.0596057899	0.0529447912	-0.0314285217	0.1607013171	-0.1082774448	0.0818979588	0.0629520915	0.0587341913	-0.046803502	-0.0536942368	0.0179575332	0.1861013376	0.0009398207	-0.039023129	-0.0656846266	0.0473501271	-0.0085124851	0.1113108509	-0.0184810173	-0.0025611681	0.0959031303	-0.0089864277	0.0795729496	0.038861275	0.0729822424	-0.007423019	0.1093447336	-0.060944403	-0.0472580912	-0.0152200633	-0.0176863976	0.181615103	-0.0048851338	-0.0127018914	0.0036430017	0.0332266548	-0.0657519888	0.0776489283	-0.0141168327	0.101657388	-0.0277812199	-0.0379532069	0.0299257438	-0.042302453	-0.0801645715	0.0623624347	-0.1591938259	0.0882398185	0.0619809526	0.023845182	-0.0188598464	-0.0579509162	0.0668778118694604	0.000551300661698	3.039324195886598e-07	0.0044726417204469	0.02979173373879	0.1443142408411828	0.0208266001095669	0.0008875473991629	-0.0631161026264237	0.0572295080978264	0.0032752165971191	0.0039836424107492	-0.0006759207282227	-0.000776932800912	4.568688308411051e-07	6.036245771329655e-07	-0.0016398618076562	-0.0004419472841198	2.68914674820946e-06	1.953174019409556e-07	0.0025379497529661	0.0008488893432675	7.206131171131274e-07	6.441188948580687e-06	0.0	0.0	0.0	0.0	0.0	0.0	0.0	0.0	0.0	0.0	0.0	0.0	0.0	0.0	0.0	0.0	0.0	0.0	0.0	0.0	0.0	0.0	0.0	0.0	0.0	0.0	0.0	0.0	0.0	0.0	0.0	0.0	0.0	0.0	0.0	0.0	0.0	0.0	0.0	0.0	0.0	0.0	0.0	0.0	0.0	0.0	0.0	0.0
563.8678054823675	-1.309903992387035	1.7158484692714937	317946.9020595011	778.524677874094	-3.4365815924833214	11.810093041795202	606100.6740589618	550.1387755717707	-1.2618927211935898	1.5923732398013628	302652.67238760705	589.8614934789072	557.2903576181593	1.369702	25.781713	0.2243858941915578	0.1023573115028887	0.0694266385	0.0815207676	0.0616774224	-0.1033143314	-0.0081085727	0.1448067797	0.001748198	-0.0294253141	0.0343640092	0.0099233223	-0.1150624067	0.0160321248	0.0458060513	-0.0165137783	-0.1205922363	0.0104085986	0.0572908861	0.0130852258	0.0775488114	0.1631958972	-0.040714768	0.0219091577	0.114648164	0.0166650104	0.0229263236	-0.0250679771	0.0290497005	-0.008820646	0.0406540312	-0.0244720559	0.0846457008	-0.0202799579	-0.0363682883	-0.1119035273	0.0996529111	-0.0770817476	0.088417933	0.0090948065	-0.0913122194	-0.008909779	0.1206722659	0.1125264922	0.1047771122	0.0081649547	0.0229254359	-0.0889725784	0.029124644	0.0678666807	-0.07392221	0.0163560607	0.0890270345	0.0476897442	0.036756086	-0.1381466843	-0.0475918452	0.0259626642	0.0398206759	0.0670337712	-0.1314374845	0.0039435658	0.023696232	0.0240907472	0.1166519809	-0.0569955495	0.1184780611	-0.0219501586	0.0594789454	-0.0104755638	-0.0964788001	-0.0332975054	-0.0721400285	0.0333260887	0.018228122	0.0469332881	-0.0719492088	0.0408041745	0.012800802	0.0007226331	-0.1272813289	-0.0028863341	0.0848193566	-0.0187702118	0.0747060803	0.0138338372	-0.1486229585	-0.04235386	-0.0316979894	0.1536041862	0.0482322449	0.1150854361	0.0625670214	-0.077447985	-0.0101132793	-0.1093319826	-0.1116100892	0.0036204269	-0.0194948356	-0.0787370164	-0.0699497914	0.1746538745	-0.0094722957	-0.040953753	0.0321592008	0.0269569048	-0.0442023662	0.0365036647	0.1335625875	0.0289435215	0.0234050171	0.0987278896	0.0593944194	-0.0189663981	-0.0434396094	0.0746688156	-0.0478223296	0.1550987865	0.1060454125	-0.1643117013	0.0877806994	-0.0963735819	0.0385562914	0.0045196701	-0.0918960562	0.0996580317	0.0852166971	0.1218651969	0.0088670115	-0.0304690426	0.0846894694	0.1199212716	0.056876498	0.0876063788	0.0596981788	0.0195755225	-0.0245523541	-0.0636567332	0.0293166480047801	-0.0375611638646803	0.0014108410308693	0.0008594658502361	-0.0368206254294989	-0.0666123591682888	0.0044372063939651	0.0013557584570194	-0.034298244962585	0.0288178576638386	0.0008304689203332	0.0011763696075134	-0.0003438902307369	0.0003320304974858	1.182604907962783e-07	1.1024425126066789e-07	-0.0004319857593533	0.0012078760483029	1.8661169628404722e-07	1.4589645480638295e-06	0.0028259334770724	0.0002879837241063	8.293462535013353e-08	7.985900016838504e-06	0.0	0.0	0.0	0.0	0.0	0.0	0.0	0.0	0.0	0.0	0.0	0.0	0.0	0.0	0.0	0.0	0.0	0.0	0.0	0.0	0.0	0.0	0.0	0.0	0.0	0.0	0.0	0.0	0.0	0.0	0.0	0.0	0.0	0.0	0.0	0.0	0.0	0.0	0.0	0.0	0.0	0.0	0.0	0.0	0.0	0.0	0.0	0.0
562.911219994945	-0.956585487422558	0.9150557947474528	316869.04159619735	773.3631771654489	-5.1615007086451214	26.64108956534409	598090.6037954375	550.155562864531	0.0167872927603411	0.0002818131982214	302671.1433507889	589.4168230782473	536.2087153779052	1.207629	22.731028	0.1988160286297347	0.110563242047483	0.0881268829	0.0390203494	0.0939987906	-0.0409500506	0.0283335498	0.2829452278	-0.0369444276	-0.076833603	0.0734715008	0.0304569106	-0.059970994	0.0308215596	0.0316669296	-0.0203407484	-0.1624168837	-0.0315775012	0.1061797628	-0.0092397847	0.1560023337	0.0694813784	-0.07670493	-0.0035978584	0.0023342673	-0.086977374	-0.01810175	0.0286651207	-0.113970102	0.0082545758	-0.1660657837	0.0302359257	0.1020366823	0.0263848812	-0.0444430977	0.1274670338	0.1053594778	-0.0068890046	-0.0405306852	0.0425655324	-0.0597717033	-0.1277397626	0.152766839	0.0392336891	-0.0943306196	0.0147818536	0.0285145582	0.0481282375	-0.2504474198	-0.0339122265	-0.0444772975	-0.088517115	0.0573302044	0.0053713333	0.0854832422	-0.0743735929	0.1028625522	0.0121612477	0.0523436492	0.0844458859	-0.0196112993	0.0185835188	-0.0276246922	-0.0411597313	0.0723453536	-0.0849241606	0.1224501936	-0.0346991616	0.0469072509	-0.021524697	-0.0070608598	0.0168817802	-0.0601922573	0.0541857683	0.0109898188	0.0812376242	0.0424550094	0.0028799736	-0.1746098766	0.0276887311	-0.1041961913	-0.0211672342	0.1060393304	-0.0618806142	0.0640034058	0.0363091101	-0.1594554516	0.1587187379	-0.0853822242	0.0036094022	0.091214335	-0.0303928695	0.0653864244	-0.072943061	0.0760400581	0.1558709203	0.0551826169	0.0360686723	-0.1545316535	0.0067249613	-0.0309463325	-0.0017983629	0.1413749579	-0.025498879	0.1515960504	-0.0907470567	-0.0288146863	-0.1846609941	-0.0670280202	0.0385760368	0.087731772	0.0630778183	0.0930659283	0.0014994047	-0.0165773628	0.0836839866	0.0026312908	0.0609859955	0.1115282158	-0.2111713474	0.0432603363	-0.013907681	0.0650071139	-0.0697265185	-0.0323274931	-0.0109763762	0.0979870305	0.0652948618	0.0209100297	0.0825081455	0.1598866185	0.0804051531	0.1233180862	0.0869533332	0.0573619671	0.0152664406	-0.0301569707	-0.0690065559	0.0037115837194789	-0.0256050642853012	0.0006556193170544	1.3775853706700828e-05	-0.0333004375603422	0.0035201878691566	1.239172263415798e-05	0.0011089191417102	0.0169931202719268	0.0512913652345118	0.00263080414762	0.0002887661365761	-0.0016481211460626	-0.0013042309153257	2.716303312098698e-06	1.7010182804913131e-06	-0.0004339543497686	-1.9685904153000163e-06	1.8831637768308842e-07	3.8753482232110905e-12	0.0017641447579981	-0.0010617887190742	1.1273952839534425e-06	3.112206727172175e-06	0.0	0.0	0.0	0.0	0.0	0.0	0.0	0.0	0.0	0.0	0.0	0.0	0.0	0.0	0.0	0.0	0.0	0.0	0.0	0.0	0.0	0.0	0.0	0.0	0.0	0.0	0.0	0.0	0.0	0.0	0.0	0.0	0.0	0.0	0.0	0.0	0.0	0.0	0.0	0.0	0.0	0.0	0.0	0.0	0.0	0.0	0.0	0.0
564.2902810175333	1.3790610225883029	1.901809304022296	318423.5212508467	778.849125934892	5.485948769443098	30.095633900954244	606605.9609695452	550.8556293872518	0.7000665227208174	0.4900931362344167	303441.9244276254	589.7674702775191	540.7572494523085	1.413854	26.612772	0.149257153107645	0.1111786408210765	0.0740057899	0.0166233827	0.0204632688	-0.0176743921	0.012632561	0.0090729372	0.0060807552	-0.0670675763	0.0452110405	0.0630917963	-0.0107872048	0.0177485034	0.0343176426	-0.0403044883	-0.0638254611	-0.0688407181	0.0101103811	0.0025298646	0.0836251539	0.0077945162	-0.0464350827	0.0271386753	-0.1213001046	-0.0782681118	-0.0715817961	-0.0235361727	0.0650522749	-0.0036743644	0.1688686761	0.0997543221	-0.0926766717	0.1101305739	0.1087024873	-0.0254353409	-0.0785048259	-0.0730624335	0.0959627581	0.030250561	-0.0322645123	-0.0234398071	-0.0432318075	0.0086176687	0.0042888005	0.0892793865	-0.0132584302	0.0272980259	-0.0174463846	-0.0323323444	0.0683070182	-0.1889175885	-0.0146085384	-0.1003267814	0.0033481499	-0.0084349801	-0.0557864885	-0.1121343029	-0.0220153463	-0.0722625174	-0.0245004202	-0.0755598508	-0.0525854984	-0.0055975794	-0.0997743875	-0.0500523755	0.0647844721	-0.0301259549	0.0696200176	-0.0188793939	-0.0180886717	-0.0012509739	-0.0563215815	0.0449475561	0.0866097334	0.0708537308	-0.0320742555	0.0050038018	-0.0462787192	0.1126764889	0.0519969519	-0.1319726291	-0.0565924076	0.1204339914	-0.0961666609	0.0646534479	-0.0088860635	0.0244320431	-0.0790108051	-0.0170235869	-0.1367838988	0.0786492527	-0.1117190506	-0.0215762093	-0.0720893294	0.0977162852	-0.0504001182	0.0730361538	0.0624439746	0.0461895421	-0.0391877915	-0.0022083305	0.143288059	-0.05099175	-0.1025257012	0.0132048832	0.1366323694	-0.0580774927	0.0179930714	0.0485224247	0.0623361798	0.0156251124	0.156395492	0.0130477507	-0.079063892	0.009490526	-0.0171188629	0.0539207169	0.0750808293	-0.0643969816	-0.0420055797	0.0139311549	-0.0099914168	-0.0198984116	0.0620721648	0.0233519484	-0.0047195994	0.0207100739	0.0383456911	-0.0502939996	0.0717419349	-0.0414344008	-0.0534101195	0.0862808277	0.0549744086	0.010926614	-0.0356536332	-0.073970466	0.0154547865751339	0.011743202855655	0.000137902813309	0.0002388504280829	-0.0199135991366858	0.0133868384236564	0.000179207442981	0.0003965514305766	-0.0911323753766168	-0.1081254956485436	0.0116911228092432	0.0083051098417845	-0.0014679934439734	0.0001801277020891	2.155004751548884e-06	3.244598905993555e-08	-0.0005737956543119	-0.0001398413045433	3.2924145290722144e-07	1.9555590456371983e-08	0.0017640814410348	-6.331696330002384e-08	4.009037841536566e-15	3.111983330603417e-06	0.0	0.0	0.0	0.0	0.0	0.0	0.0	0.0	0.0	0.0	0.0	0.0	0.0	0.0	0.0	0.0	0.0	0.0	0.0	0.0	0.0	0.0	0.0	0.0	0.0	0.0	0.0	0.0	0.0	0.0	0.0	0.0	0.0	0.0	0.0	0.0	0.0	0.0	0.0	0.0	0.0	0.0	0.0	0.0	0.0	0.0	0.0	0.0
563.3667879407717	-0.923493076761588	0.8528394628265841	317382.1377547024	775.6683475233943	-3.180778411497613	10.117351303049276	601661.3853496732	550.1701528216721	-0.6854765655797337	0.4698781219589869	302687.19705582206	589.4735304145867	547.7263759931944	1.065174	20.04962	0.1478713609591035	0.0672968773190835	0.087298071	0.0523776718	-0.05202266	-0.0673856946	-0.0273132719	0.1386487391	-0.018473798	-0.0248483751	0.0261014677	-0.0253265384	0.0003723189	0.1025251972	-0.0314420663	-0.0285062682	-0.0450387145	-0.020045639	0.0053221064	-0.0163476924	0.0490065544	0.0390833311	-0.0776155079	-0.1321257465	0.1010697428	-0.0330231535	-0.0826444553	-0.0528734369	-0.0497840814	-0.0588782997	-0.0559745905	0.1898474375	-0.0720433733	0.1349380653	0.0874463043	-0.1265964698	0.1659831947	-0.0030258046	0.021453745	0.0635151448	-0.1864314934	-0.1527991683	-0.003236093	-0.1088703718	-0.075322422	0.1206353077	-0.046424855	0.0242103096	0.1175441455	-0.0617935398	-0.0328604392	0.0554575623	-0.0498300732	0.0473032594	0.0203041464	-0.0512277357	-0.139393993	-0.124751318	0.0162767948	0.0191067218	0.0765350197	0.0665270276	0.0247275387	0.0836732029	-0.0617023902	-0.0620214293	0.0362693121	-0.0306217618	0.00777573	-0.0412795908	0.0545902106	-0.0031681942	-0.0982690484	0.0193785209	0.0391656021	0.1647117848	-0.0845431699	-0.0559213262	0.0001685585	0.1274761238	-0.0490547721	0.0006268235	0.0163501018	-0.1759656592	-0.0840901839	0.0708748307	-0.0788456034	0.0515290969	-0.2187112321	0.0242939719	-0.0757345975	-0.095397628	0.0483027278	0.0166826086	-0.1589311229	0.0872374872	0.128322974	0.0458764201	-0.0376276	0.0205152283	-0.0404654664	0.0110780511	0.018624943	-0.0032784994	-0.0485930373	-0.0035439443	-0.0907727407	0.168094479	-0.0185777092	0.0461167261	0.0734001314	0.006569677	0.1965164759	-0.0086043156	-0.0596703821	-0.0046802449	-0.0026441795	0.013514635	0.0611851186	-0.1374337701	-0.0284970031	-0.0401115699	-0.0164220777	-0.0028107755	-0.0226116163	0.0027792528	-0.0120101071	0.0189906608	0.0582955876	-0.023659763	0.0143710822	-0.000225525	-0.0538113867	0.0855890129	0.0525376406	0.0065647827	-0.041022665	-0.0785207032	0.0033286464755093	-0.0121261400996246	0.0001470432737157	1.1079887358920486e-05	-0.0571426086429767	-0.0372290095062909	0.0013859991488194	0.0032652777225243	-0.0712376431981738	0.0198947321784429	0.0003958003684519	0.0050748018084303	-0.0005037200456896	0.0009642733982838	2.537338844295328e-07	9.29823186637788e-07	-0.0004318262532339	0.000141969401078	1.8647391298202832e-07	2.0155310842446033e-08	0.0012978946569017	-0.0004661867841331	2.1733011770036157e-07	1.6845305404139818e-06	0.0	0.0	0.0	0.0	0.0	0.0	0.0	0.0	0.0	0.0	0.0	0.0	0.0	0.0	0.0	0.0	0.0	0.0	0.0	0.0	0.0	0.0	0.0	0.0	0.0	0.0	0.0	0.0	0.0	0.0	0.0	0.0	0.0	0.0	0.0	0.0	0.0	0.0	0.0	0.0	0.0	0.0	0.0	0.0	0.0	0.0	0.0	0.0
562.3065620942042	-1.060225846567505	1.1240788457297826	316188.6697742031	775.3291071696453	-0.3392403537490054	0.1150840176117503	601135.2244244794	549.1408057256576	-1.029347096014476	1.0595554440734347	301555.62451302446	588.0758337320331	534.5218247910277	1.318572	24.819288	0.1482760386510859	0.0905013719543766	0.0880905564	-0.0491544659	0.0881303406	0.036775177	0.0731058386	-0.0128065624	-0.0260392374	-0.0314351957	0.1204254294	0.011633265	-0.0615123932	0.0598945282	-0.0724213398	0.0385415558	-0.0549142826	0.0076101366	1.372e-06	-0.0385258719	0.1025179077	0.0794303232	-0.0248445978	-0.02759296	0.0060286588	-0.0998574509	-0.0483436503	0.1141256671	-0.039710532	-0.0779509442	0.0255007532	-0.1077720831	0.0389984716	0.0782235932	0.0838224665	-0.0940898797	0.0299913148	0.0368616065	-0.0874276852	-0.0856850574	0.0287466116	0.0070075149	-0.0433853606	-0.0266015604	-0.0785120603	-0.0451613553	0.0021636865	-0.0918272046	-0.0687512972	0.005103421	0.0096733115	-0.1096691794	0.0255071299	0.0091060799	-0.1129655187	0.1740495056	0.1245086305	0.0234575854	0.0282074791	0.0511555219	0.0208181924	-0.001018273	-0.1813499026	-0.0003426932	0.0404081576	-0.0485617225	0.0509446876	0.0905226877	0.0465182359	0.0224258486	0.0295496941	0.0208742323	-0.0726019351	0.0476403331	0.1431799212	-0.1068055981	0.0360076915	0.0371998864	-0.0319851266	0.0515274921	0.0143379326	-0.1068185564	0.0357914558	-0.0680869285	0.0390328723	0.0346385637	-0.0646682552	-0.0397651036	0.0170085196	0.0418576369	0.0612290608	-0.0241453625	-0.0077977995	0.0033261319	-0.0119157603	-0.0352890557	0.0160904152	0.1002061383	-0.0217729769	0.0505817606	0.0140377819	0.0784472373	-0.0266652626	0.0592549324	0.1427307098	-0.0446590715	0.1019264855	0.0247589265	-0.0766303883	0.0365694397	0.0839256006	-0.0256134965	0.0896034246	-0.0161956621	-0.0230873099	0.0080449366	-0.1369509513	-0.0311181019	0.0982069877	-0.0989366556	-0.0217710718	-0.0176572674	0.0605685264	-0.0799203303	0.0927248085	-0.0027098579	-0.0434271356	-0.0407084292	0.0387525325	-0.0305654414	0.0132415876	-0.0410657176	-0.0205164819	0.0848780435	0.0500538442	0.0021897309	-0.0462448462	-0.0826318208	0.0109055939978901	0.0075769475223808	5.741013375691256e-05	0.0001189319804468	0.0169255765811442	0.0740681852241209	0.0054860960623946	0.0002864751426041	-0.0225636805136346	0.0486739626845392	0.0023691546434159	0.0005091196783213	-0.0007977060778616	-0.0002939860321719	6.363349866573371e-07	8.64277871122362e-08	-0.0004325432036136	-7.169503797000115e-07	1.8709362299231625e-07	5.140178469519906e-13	0.0013623305387509	6.443588184919984e-05	4.1519828696840415e-09	1.8559444968133172e-06	0.0	0.0	0.0	0.0	0.0	0.0	0.0	0.0	0.0	0.0	0.0	0.0	0.0	0.0	0.0	0.0	0.0	0.0	0.0	0.0	0.0	0.0	0.0	0.0	0.0	0.0	0.0	0.0	0.0	0.0	0.0	0.0	0.0	0.0	0.0	0.0	0.0	0.0	0.0	0.0	0.0	0.0	0.0	0.0	0.0	0.0	0.0	0.0
563.8767780964737	1.5702160022694898	2.4655782937831785	317957.02087645984	775.0677535275379	-0.2613536421074514	0.0683057262428297	600730.0225582243	549.8878036988984	0.7469979732408092	0.5580059720258767	302376.59665679827	588.2715978554992	543.9962992114635	1.513044	28.479818	0.0904400792784408	0.043656039780321	0.0196186046	0.0360183121	-0.0739511092	-0.074604903	0.0168207616	0.0728054009	-0.0188580316	-0.0042891326	-0.0190716516	-0.0905051371	0.0586827344	0.0873936076	-0.0042498733	0.0704206472	-0.0260435837	-0.0672854257	-0.0140717963	0.0117342787	-0.0089718321	0.0115817989	-0.134071017	-0.0080101652	0.0218388783	-0.0123054061	0.120098573	-0.0455823429	0.0074895205	-0.1014009679	0.0067430408	-0.0593765673	0.0130752935	0.0513652252	-0.1408761554	-0.1201962775	-0.1057953551	-0.0085851027	-0.0268546297	-0.0254669781	0.0699956672	-0.0430203633	0.0272055739	-0.0752116612	-0.0552776036	0.0859045878	-0.0735139041	-0.0413956515	-0.0609478872	0.1422405213	-0.0216149909	-0.0213981122	-0.0800298079	-0.0596521562	0.0586203469	0.0883139199	-0.0518566017	-0.0069190486	-0.1104181533	0.0676675844	0.0366158299	0.0359041192	0.0235645504	-0.0229266153	-0.1049380555	-0.0355446129	-0.0227412176	-0.0448260058	-0.0603154824	0.0397705981	0.0072619107	0.0622643252	-0.0781282793	0.0327867149	-0.0441149191	-0.0070780851	-0.0800923299	0.0598023161	-0.06831538	0.0250626338	-0.002015869	-0.1002617636	0.1965728446	0.0316930993	0.0133676907	0.1057560809	-0.059998361	-0.0286219693	0.0840101511	0.0570244394	0.1070913358	-0.0682598354	-0.100493948	0.0312466639	-0.0195765291	-0.0483982692	0.1502762113	-0.0685221595	0.0232257306	-0.0463714739	0.0818577444	0.0018154694	0.0208877655	-0.0977044353	-0.144413122	0.0153241874	0.0102194829	-0.1517622705	-0.0090877831	0.0170719958	0.0540201994	-0.0250107878	0.1317902294	-0.0424207668	0.0368758341	0.0317899969	-0.017491551	-0.047363124	0.1028508269	-0.0778810702	-0.0800311505	0.0636120482	0.0780347281	0.0374336128	0.0352934633	-0.0493941573	-0.1041289953	-0.0564375148	0.0354153462	0.0474489293	0.0608417085	0.0030797919	0.0017811725	0.0841480788	0.0475252429	-0.0021897309	-0.0513014829	-0.0862808277	0.0032636754580153	-0.0076419185398748	5.83989189700822e-05	1.0651577495251376e-05	0.0371380792124824	0.0202125026313381	0.0004085452626218	0.0013792369275926	-0.0218080869615917	0.0007555935520428	5.709216158888064e-07	0.0004755926569243	-0.0002691265474114	0.0005285795304502	7.242909852158054e-08	2.793963200109539e-07	-0.0007601325703601	-0.0003275893667465	5.778015245222524e-07	1.0731479320537289e-07	0.0009818981448439	-0.0003804323939069	1.4472880633381074e-07	9.641239668478926e-07	0.0	0.0	0.0	0.0	0.0	0.0	0.0	1.0	0.0	0.0	0.0	0.0	0.0	0.0	0.0	0.0	0.0	0.0	0.0	0.0	0.0	0.0	0.0	0.0	0.0	0.0	0.0	0.0	0.0	0.0	0.0	0.0	0.0	0.0	0.0	0.0	0.0	0.0	0.0	0.0	0.0	0.0	0.0	0.0	0.0	0.0	0.0	0.0
565.9120795512059	2.0353014547322346	4.14245201163515	320256.4817819704	780.8220736951713	5.754320167633409	33.112200591632586	609683.1107696275	549.9411591696083	0.0533554707099028	0.0028468062546753	302435.2785488125	589.2037502866149	543.4165790058173	1.353222	25.471504	0.3002981864160627	0.2385789304973408	-0.0035024744	-0.0070679363	0.1064426205	-0.0057409364	-0.0409286603	0.0276067828	0.0390072853	-0.0208422095	-0.0390792526	-0.0230826423	-0.0771361885	0.0069201498	-0.0140696421	0.0658439774	0.0216675938	-0.1365746719	0.0414819827	-8.33156e-05	0.0228589475	0.0245691078	-0.0434730551	0.0195897512	0.1070929602	-0.1111483246	0.0302119319	-0.0689313961	-0.0069359493	-0.0247263064	0.0039342677	0.0139544361	0.0168552964	0.079735226	-0.1161059171	0.0659788562	0.0593022989	0.1069666058	-0.0067868591	-0.0203051251	0.1696107653	-0.0480273723	-0.1817265743	0.0491838494	-0.0051635102	0.0030905494	-0.1031661046	0.1389914857	-0.0260514915	0.0792851779	-0.0387231536	0.0914504862	-0.0771870197	-0.0297766993	0.0844697581	0.049795543	-0.1455636818	0.1549929762	-0.0938287804	0.0197408448	0.0433411567	-0.0344506757	-0.0492757805	-0.0763579988	-0.0825221315	-0.0068682721	-0.0280045816	-0.0299492616	-0.0070006677	0.08532314	-0.0279484894	-0.0772956813	-0.0516918402	0.1097619325	0.0963574513	0.0765518332	0.0978458625	-0.0179894804	-0.0103775282	0.0646351969	-0.0900395782	-0.0298176069	0.1199140078	-0.0541678271	-0.0564411324	-0.0721605756	-0.061198295	0.0073575382	0.0211927727	-0.0991616231	0.0975543383	-0.0751308053	-0.1324627009	-0.0282483992	0.0588303204	-0.0241811914	0.0870775958	-0.0655773106	-0.0312953671	0.1091685017	0.0121856973	-0.1122983851	-3.70939e-05	-0.0362615015	-0.091786665	0.1214557301	0.0220606347	0.0797528054	-0.0750963538	0.0202800277	0.0312889677	-0.0102944722	0.1963101803	0.0107137218	0.0204246277	0.0458450499	-0.0034776585	-0.0359660038	0.0729567838	-0.0323643212	-0.0746039906	-0.0116948312	0.1460217128	-0.0763265014	0.0931370822	0.0461311923	-0.0514245161	-0.1264633203	0.0187072055	-0.036714466	-0.1118539917	-0.0905242068	0.0606759368	0.083399282	0.0449541001	-0.0065647827	-0.0561744736	-0.0894473172	0.003158115654017	-0.0001055598039983	1.1142872220159533e-08	9.973694484147222e-06	-0.2008182147978061	-0.2379562940102885	0.0566231978591108	0.0403279553945777	-0.0332744355558176	-0.0114663485942258	0.0001314771500843	0.0011071880615582	0.0002981990609673	0.0005673256083787	8.892267996177953e-08	3.218583459222622e-07	-0.0005028817344325	0.0002572508359276	2.5289003882583946e-07	6.6177992585449e-08	0.0007910749089992	-0.0001908232358447	3.6413507338242003e-08	6.257995116480926e-07	0.0	0.0	0.0	0.0	0.0	0.0	0.0	0.0	0.0	0.0	0.0	0.0	0.0	0.0	0.0	0.0	0.0	0.0	0.0	0.0	0.0	0.0	0.0	0.0	0.0	0.0	0.0	0.0	0.0	0.0	0.0	0.0	0.0	0.0	0.0	0.0	0.0	0.0	0.0	0.0	0.0	0.0	0.0	0.0	0.0	0.0	0.0	0.0
566.1654794692513	0.2533999180453747	0.0642115184654026	320543.3501426472	787.05680632687	6.234732631698648	38.87189098876795	619458.416385452	550.588068900852	0.6469097312436816	0.4184922003777723	303147.2216159694	588.730658740269	547.4285787880992	1.432848	26.970291	0.344153420988355	0.2865368153109798	0.0273697671	0.0371383048	-0.1277739549	0.0621224063	-0.0270256174	0.0029001012	0.085995491	-0.0278433927	-0.0945543006	0.0257456661	0.0828788513	0.1178946531	0.0275454851	-0.0068370271	0.0475364762	-0.0579711295	-0.09446005	0.0416708314	0.0839221547	0.0864957966	-0.1168382143	0.0221281197	-0.0186172634	-0.0234784848	-0.0276677402	-0.0402095001	0.0138676351	-0.1134467029	-0.0516478449	0.007129586	0.113321158	0.0768846145	-0.0866975975	-0.1006775188	0.0302347658	0.0661979738	0.1931925872	-0.0003365678	0.0075566052	0.0032280809	-0.010783574	0.0371130622	0.0202531624	-0.0732343341	0.1697128449	0.0508152968	-0.0330789383	0.0393955936	0.051895487	0.0129491751	-0.0081637892	0.1264829245	0.0180386707	-0.0755920213	0.0289737207	0.0184193618	-0.0539958972	-0.0683475583	-0.0283893452	-0.0550429702	0.0407209251	-0.0281664937	-0.159781925	0.0219299717	-0.0617960713	-0.0833054132	-0.0201833108	-0.0062017129	-0.0094982396	0.0926313673	0.0047409706	0.0607026375	0.0693188864	0.0554024334	-0.0689762398	0.0155667177	-0.1117981518	0.106910854	-0.0942901785	-0.1429546704	-0.0576013292	-0.0139131304	0.0413060447	0.0476298274	-0.0154961256	0.0304410563	0.0124667721	-0.0114339973	0.0668808657	-0.0310487106	-0.0153784635	-0.0160293009	-0.0816903701	-0.0318882001	-0.0622660073	0.0626054959	0.0310245802	0.1018532153	0.0094423571	0.1239191893	-0.1091554128	0.1055404931	-0.1050574837	0.045725469	-0.0547810685	-0.0137306832	0.0682863996	0.0232734303	0.0521547043	-0.0184471423	0.1199963134	-0.0209804951	-0.0038024888	0.0150755851	0.0090204218	-0.0640410564	0.1066053381	-0.0730284956	-0.1612650436	0.0855209903	-0.0190930675	-0.0193843545	-0.0337855945	0.0538705291	-0.0814513683	-0.0465589195	0.1059688196	0.0658765129	0.0590340234	-0.136201839	-0.0135974806	0.0826318208	0.0423427173	-0.010926614	-0.0608463743	-0.0921135811	0.0034255961512599	0.0002674804972429	7.154581640530912e-08	1.173470899152664e-05	0.0864789393173026	0.2872971541151087	0.0825396547626405	0.0074786069454457	-0.049955270206226	-0.0166808346504084	0.0002782502446342	0.002495529021377	-0.0001346565745621	-0.0004328556355294	1.8132393072798395e-08	1.873640012095608e-07	-0.0008680512546632	-0.0003651695202307	7.535129807223558e-07	1.3334877850551964e-07	0.0007909410302474	-1.3387875179998474e-07	1.7923520183521912e-14	6.255877133288186e-07	0.0	0.0	0.0	0.0	0.0	0.0	0.0	0.0	0.0	0.0	0.0	0.0	0.0	0.0	0.0	0.0	0.0	0.0	0.0	0.0	0.0	0.0	0.0	0.0	0.0	0.0	0.0	0.0	0.0	0.0	0.0	0.0	0.0	0.0	0.0	0.0	0.0	0.0	0.0	0.0	0.0	0.0	0.0	0.0	0.0	0.0	0.0	0.0
568.2477600751938	2.0822806059425147	4.335892521884326	322905.516830475	787.9402008669443	0.8833945400743914	0.7803859134332456	620849.7601422406	551.5825018226553	0.994432921803309	0.988896835966266	304243.25631693954	590.4421191505529	536.6395237673713	1.752663	32.990124	0.3837120166618009	0.200670840278644	-0.0864865708	-0.0092341144	0.053688284	-0.0445920982	-0.2131081109	0.0531598976	0.1045534271	0.0200349554	-0.160906047	-0.0198315113	-0.0539478905	-0.0185740356	0.127683495	0.0131129362	-0.0083797721	-0.113867052	0.0219166087	0.0627518714	-0.0066941955	0.0783634776	-0.0296630856	-0.0016077721	0.021707621	0.05080819	0.0040873652	-0.0785698307	-0.0052026193	-0.05603474	-0.1654189694	-0.0963334512	0.0642092905	0.1003758818	0.0462994798	0.137260878	-0.0451731386	-0.0316657393	-0.022285096	0.0918704346	-0.0387276605	0.1452918017	0.0936262002	-0.0741597155	0.0008311279	-0.0887741463	0.0998440767	0.0061893111	0.1617651326	-0.0229921456	0.036651719	0.1577942023	-0.0256378164	0.054913412	0.0181696072	0.0790489817	-0.0093342239	-0.0425641811	0.0361289354	0.0487517563	-0.0023644709	0.0712628448	0.1147514933	0.0138993217	-0.0034108978	0.06922154	-0.0432770125	-0.1668040113	0.0107737384	0.1334928629	-0.1126983293	-0.0143440495	0.0334263225	-0.0046619653	0.0163309686	0.0879830076	-0.0296381108	-0.0048573066	-0.0711865509	-0.0292782974	-0.1201596936	-0.0492963306	0.0980515044	-0.1527373037	0.0698409346	-0.0784290416	0.145504116	0.0156761362	0.1482992505	-0.0693721961	-0.0008991224	0.0909214226	0.0811823248	-0.0937003064	-0.0941182465	-0.2369778481	0.1122792115	0.0803756049	0.0916725322	-0.0753762211	0.0680136753	-0.0152386158	-5.82599e-05	-0.0285719013	-0.0080271166	-0.0225552004	-0.1156423752	-0.004689654	-0.0129101454	-0.0275017721	-0.1529676648	0.1805596987	0.0180850272	0.0048572512	-0.0888779142	0.0382020892	0.0159726278	-0.0920256549	0.0397000702	-0.1724632539	-0.1498044576	0.0033463908	0.0979180905	-0.0428316251	0.0558433555	0.0238430416	-0.0470151503	-0.0513085703	0.0492574189	0.0011135843	-0.0307280939	0.0578529627	0.1141727702	0.0818458668	0.039693432	-0.0152664406	-0.0653004608	-0.0942647084	-0.0079930260524463	-0.0114186222037062	0.0001303849330309	6.388846547508527e-05	-0.0765151467098519	-0.1629940860271545	0.0265670720798274	0.0058545676760301	-0.0475088596666708	0.0024464105395551	5.984924528046741e-06	0.0022570917468274	0.001874050239809	0.0020087068143711	3.512064301328171e-06	4.034903066100893e-06	0.0006333302160042	0.0015013814706674	4.011071625039266e-07	2.254146320463405e-06	0.0014179107030366	0.0006269696727891	3.930909705973964e-07	2.010470761785745e-06	0.0	0.0	0.0	0.0	0.0	0.0	0.0	0.0	1.0	0.0	0.0	0.0	0.0	0.0	0.0	0.0	0.0	0.0	0.0	0.0	0.0	0.0	0.0	0.0	0.0	0.0	0.0	0.0	0.0	0.0	0.0	0.0	0.0	0.0	0.0	0.0	0.0	0.0	0.0	0.0	0.0	0.0	0.0	0.0	0.0	0.0	0.0	0.0
568.6757285495319	0.4279684743380585	0.1831570150272454	323392.08424134087	783.9192783708074	-4.0209224961369046	16.167817719939837	614529.4350014075	551.8535617863366	0.2710599636812958	0.0734735039109054	304542.35365626606	590.3511991811102	562.628900001859	1.933628	36.396404	0.3459442969112064	0.1846039933005404	-0.0473161703	0.0366122723	-0.0786717856	0.0503089436	-0.1221366867	-0.158290545	0.062735773	0.0128394524	-0.1319625406	0.0598724243	-0.0533316673	-0.131780111	0.1002480026	-0.0286566456	-0.0069794065	-0.0379584149	0.0596960897	0.0149575953	-0.1281589795	0.0045737582	-0.0086925353	-0.1118090499	0.0707506596	0.0695279982	0.0155114567	0.0065388942	0.1035037273	0.0477641533	0.0339967182	0.0842582254	-0.0016384202	0.1252622597	-0.0348045731	0.077445221	-0.0395600121	0.0721387715	-0.042415061	0.0633152289	-0.1065689227	0.0004531147	-0.0332703618	-0.0503506419	0.1074172526	-0.0440643029	-0.026123143	0.0166905867	0.0620921219	-0.0628537266	-0.0590949091	-0.0091899024	0.0842146898	0.0966291453	-0.0345897394	-0.0710086899	-0.0459662699	0.1248173933	-0.0482658612	-0.1211933851	0.1029511096	0.1444045739	-0.0799763467	-0.0026539182	-0.0387334215	0.0726293199	-0.020891034	-0.0793314129	0.0414510993	0.0414153292	-0.0986149468	-0.0830587395	0.0704714067	0.0176847174	-0.087369553	0.1723471696	-0.0433320576	-0.1687280913	0.0731227979	-0.0599461456	-0.01957291	-0.0222919747	-0.0952283159	-0.0765233007	-0.1107046592	-0.019171227	0.0952548977	-0.0398553283	-0.0360498058	0.1244070287	0.0134103639	0.0331949247	-0.0037093565	0.0564478186	-0.0534937645	-0.0766448144	-0.0422157853	-0.0329179446	-0.0227451925	0.118322873	-0.0126464371	-0.1134020733	-0.1156975064	-0.0565300695	0.1878954071	0.0893099756	0.0155381755	0.0955329761	0.0080284355	-0.0475824779	-0.1667445007	0.1668447235	-0.0941676106	-0.0781473241	-0.0534919873	-0.0008270218	-0.0235169805	0.0724916603	0.0278183841	-0.0257722237	-0.1580448818	0.0519614326	-0.0078804314	-0.0667961797	-0.0245783477	0.104390809	-0.1774941857	-0.0288514597	0.0925599643	-0.0363358625	0.0201348083	-0.0254990815	0.03472599	0.0810415961	0.0370086157	-0.0195755225	-0.0695207885	-0.0958886693	0.0313798718053988	0.0393728978578451	0.0015502250857243	0.0009846963545232	0.0286275654792547	0.1051427121891066	0.0110549899264813	0.000819537505269	-0.0345384094649219	0.0129704502017489	0.000168232578436	0.0011929017283666	0.0026206186073189	0.0007465683675098	6.867641885026051e-06	5.57364327366397e-07	-5.708683325411634e-05	-0.0006904170492583	3.2589065309832836e-09	4.766757019065604e-07	0.0037500900195185	0.0023321793164819	5.4390603642259816e-06	1.4063175154492265e-05	0.0	0.0	0.0	0.0	0.0	0.0	0.0	0.0	0.0	1.0	0.0	0.0	0.0	0.0	0.0	0.0	0.0	0.0	0.0	0.0	0.0	0.0	0.0	0.0	0.0	0.0	0.0	0.0	0.0	0.0	0.0	0.0	0.0	0.0	0.0	0.0	0.0	0.0	0.0	0.0	0.0	0.0	0.0	0.0	0.0	0.0	0.0	0.0
567.0415904003106	-1.6341381492212577	2.6704074907402773	321536.16524371365	782.6203586930731	-1.298919677734375	1.6871923292055726	612494.6258408744	552.1253973584656	0.2718355721290209	0.0738945782747121	304842.4544082436	590.6495586001384	560.3079350931575	1.32854	25.006912	0.245717799420176	0.1254497230009831	-0.0552414739	0.0007527424	-0.0087039782	0.0867928033	-0.0967129734	-0.038568694	0.0475472836	-0.0068147142	0.0430434191	0.1214452466	0.0283792201	-0.0610270457	0.1571499333	-0.0541048823	-0.0579761736	-0.0033591173	0.0443348223	-0.0782636696	-0.1512688639	0.0476430658	0.0957193169	-0.0811911692	-0.0400465433	0.0075097066	0.1509536989	0.1265193109	0.1166281688	-0.0370575371	-0.0114928169	-0.043619946	0.0511127335	0.0210839842	-0.1043590661	0.0818572848	0.0724397057	0.1418167404	-0.0429450523	0.0345391626	-0.0535218575	-0.0579063246	-0.0162050762	-0.0906080351	-0.016300301	-0.0296557487	0.0348415674	-0.0970368272	0.0069956853	-0.0518961274	-0.0217850476	-0.118389173	0.0265292599	-0.0534700539	-0.1108939675	0.0386115154	-0.088584612	-0.0307223549	0.113483419	0.0376430291	0.0657782439	-0.0569157908	0.0337243837	-0.0593146013	0.0600049716	0.0854356637	0.1097333969	-0.0436414042	0.1216340264	0.0496606961	-0.0298845778	0.0202647279	0.1542091121	0.0061429652	-0.1578038251	0.0591620137	-0.0656586869	-0.0878213522	0.0807775322	-0.1677735341	-0.0091468566	-0.1062564354	-0.0445104528	-0.0216500413	-0.086300044	0.0061543889	0.0556670004	-0.018888378	-0.0654793636	0.0316069683	0.1436295092	-0.0107029371	0.0804767183	-0.0291787387	0.1087157263	0.1693658347	0.0496444942	0.0006902915	0.0642784557	0.0545893487	0.1140713182	0.0199487058	-0.0723728701	-0.0746347728	0.0475030441	-0.0385617403	0.0549250583	-0.0492526303	0.0984165614	-0.0603147791	-0.1374212291	0.1422250698	-0.1474133615	-0.1255590741	-0.0198652645	0.0300370898	0.0212864265	0.1461511474	-0.0071398992	-0.1031769152	-0.0382218731	0.0396687937	-0.0005774863	0.0012454122	-0.0048872502	0.0725472329	-0.0512874116	-0.1352904061	0.0424633426	-0.0376301106	-0.1131008581	0.0967939807	-0.1063164201	0.0802191885	0.0342906716	-0.023845182	-0.0734922499	-0.0969763818	0.0391121352293595	0.0077322634239607	5.9787897657520495e-05	0.0015297591221997	0.0419417437011162	0.0133141782218615	0.0001772673417234	0.0017591098646901	0.0280388896630228	0.0625772991279447	0.0039159183661482	0.0007861793335351	0.0015192301020824	-0.0011013885052365	2.3080601030732995e-06	1.213056639467092e-06	-0.0014255710534054	-0.0013684842201512	2.032252828307381e-06	1.8727490608030668e-06	0.0045220984670589	0.0007720084475404	5.959970430737384e-07	2.044937454577645e-05	0.0	0.0	0.0	0.0	0.0	0.0	0.0	0.0	0.0	0.0	0.0	0.0	0.0	0.0	0.0	0.0	0.0	0.0	0.0	0.0	0.0	0.0	0.0	0.0	0.0	0.0	0.0	0.0	0.0	0.0	0.0	0.0	0.0	0.0	0.0	0.0	0.0	0.0	0.0	0.0	0.0	0.0	0.0	0.0	0.0	0.0	0.0	0.0
564.6052796579053	-2.43631074240534	5.935610033559657	318779.1218175814	776.919471373041	-5.700887320032052	32.50011623570224	603603.8649985655	550.4897486835445	-1.6356486749211854	2.675346587771429	303038.96340567194	589.3383787659641	553.8702159390028	1.28717	24.228214	0.1383292096542374	0.0684515861902239	-0.0607161645	0.0061998789	-0.0080051717	-0.0586821178	0.00811375	-0.0863876464	-0.0192735406	0.0596823309	0.1238437563	0.0486763018	-0.0340547001	-0.0673063937	0.0800894368	0.0556973909	-0.0393867923	0.0487796569	0.0606498106	-0.0519392901	-0.2267196908	-0.0758435667	-0.0214513848	0.0435121579	-0.041523798	-0.0650342984	0.0742335526	0.1163449182	-0.0282800384	-0.0642269971	0.0516217269	-0.088627766	-0.1256810073	0.032682612	-0.0101600138	0.027769349	0.0339546728	0.0367336661	0.0784080755	-0.1233042378	-0.123431774	-0.0418745987	0.040205283	0.0479450674	0.0865571511	0.0495086879	0.0251808621	0.1048004937	0.0042871615	0.0516508629	-0.1509066919	-0.0382026576	0.0108269585	-0.0262565543	0.074256096	0.0689091731	0.1167905662	0.0329478655	0.0026361354	0.0159103831	0.0104138392	-0.00592795	0.0961132085	-0.066287556	0.0129352222	0.0722047798	0.1218432073	0.0952662105	0.0695996273	0.0894063039	-0.0431063772	-0.0562097128	-0.0122384266	-0.0691838106	-0.1547159569	-0.0362435187	-0.064036714	-0.0273559373	0.0790483753	0.017826139	0.0726768784	-0.0597299964	0.0269245955	0.062699806	-0.1694169549	0.0053724282	0.0763032237	-0.001706466	-0.0636120763	-0.04999872	0.1276064085	0.1091274352	0.0721166147	-0.0062600479	0.0023035862	0.0459910544	-0.0244747292	-0.0224569757	-0.0236144593	-0.0819382618	-0.0186492067	0.0261914698	-0.0452524704	-0.0505294337	-0.0462016001	0.0284733022	-0.1238611305	0.0186521623	-0.1014656884	-0.0451820664	-0.0894078611	0.0406849946	-0.1123566279	-0.0808651782	0.0206934497	-0.0043560685	0.046078262	0.1284770616	0.0532722289	-0.0168729031	0.0262543887	0.0336005811	-0.0214354774	0.1015752243	-0.0506126841	0.0817618585	0.0309801115	0.0114449523	-0.0684117464	-0.1297863048	-0.0094273566	-0.0121514587	0.1076138393	0.0793788282	0.0315420328	-0.0280668205	-0.077200628	-0.0975217631	0.0521307252136011	0.0130185899842415	0.0001694836851777	0.0027176125112959	0.0623539113905593	0.020412167689443	0.0004166565897819	0.0038880102657017	0.0719028071066105	0.0438639174435877	0.0019240432534978	0.0051700136698104	0.0011521228681679	-0.0003671072339144	1.3273871033554285e-06	1.347677211923554e-07	-0.0014278896454638	-2.3185920583999875e-06	2.0388688396227363e-06	5.3758691332754906e-12	0.0036708336022925	-0.0008512648647664	7.246518699857573e-07	1.347501933571973e-05	0.0	0.0	0.0	0.0	0.0	0.0	0.0	0.0	0.0	0.0	0.0	0.0	0.0	0.0	0.0	0.0	0.0	0.0	0.0	0.0	0.0	0.0	0.0	0.0	0.0	0.0	0.0	0.0	0.0	0.0	0.0	0.0	0.0	0.0	0.0	0.0	0.0	0.0	0.0	0.0	0.0	0.0	0.0	0.0	0.0	0.0	0.0	0.0
562.7712174285631	-1.83406222934218	3.363784261099608	316711.443166027	771.0661524577313	-5.853318915309728	34.261342324322655	594543.0114659693	549.9399015794106	-0.5498471041338462	0.3023318379243767	302433.8953491718	588.1293305285075	533.7750550113674	1.412268	26.582914	0.1743207787639571	0.0947969344171341	0.0153519061	-0.0732370973	-0.0397250536	-0.0179108756	-0.0266344075	0.0825764904	-0.0649315263	-0.0114519033	-0.0046323512	-0.0059822969	0.0511118605	-0.0193812973	-0.0359421713	0.0587527666	0.0629628241	0.0428355539	-0.0634698371	0.0592777341	0.0220376084	-0.0743838853	0.0307183539	-0.052006594	0.0159498928	-0.1240677032	-0.0387469711	0.0328293003	-0.0714342359	0.060526768	-0.0332363378	0.0055964142	-0.0797488198	0.0030246988	-0.0114103847	0.0221245261	0.0693993963	-0.0372498051	0.0303239758	0.0120807313	0.0091715613	-0.0594879221	0.1298810585	-0.0140365126	-0.045618015	-0.0024302051	-0.0905558338	-0.091684833	0.0003915785	-0.0954822745	0.1195750625	0.055061289	-0.0689360696	-0.0090412412	0.0726744074	0.0654742399	-0.0121920198	0.0015583777	0.0387428754	0.0823765135	0.1232225342	-0.0187006934	0.0220316479	0.1099969169	-0.0823305272	-0.0099601708	-0.0321730209	0.0506955906	-0.0823756965	0.004324636	0.0139761384	0.0328269379	-0.0679110547	-0.0124815291	0.0071685527	0.073307971	0.0022798103	0.0682826194	0.0710319614	0.0076120842	0.011370652	0.1064740932	-0.0272457354	0.0207410162	-0.1279327663	0.0688283502	-0.0826721741	0.0478150712	-0.0442253021	-0.0365767137	0.0300816972	0.0838609077	0.0488241478	0.0262648037	0.0559835523	0.0165016988	-0.0592220577	0.0609324164	-0.0396542414	-0.1055072441	0.0427679559	-0.0064777371	-0.0378426247	0.0609364362	0.0068138023	-0.1368633585	-0.0962482439	-0.0747138418	-0.0371856103	-0.0005486728	-0.0205938202	-0.0134983829	0.0377011154	-0.0850515624	-0.0579066863	-0.0699511594	0.0040676037	0.0713919669	-0.1542180353	-0.0385344481	0.0134182322	0.0388766802	-0.0798568631	0.0093840065	-0.013995343	-0.0759866987	0.0240429118	-0.034906374	-0.0347534644	-0.0117685008	0.0755348603	0.048677158	-0.0300233133	0.0785207032	0.0287651596	-0.0322319361	-0.080632648	-0.0975217631	0.0321338600072351	-0.0199968652063659	0.0003998746180815	0.0010325849589645	0.0050075551395849	-0.0573463562509743	0.0032886045752636	2.507560847598315e-05	-0.0004130854125463	-0.0723158925191568	0.0052295883108422	1.706395580585469e-07	0.0008012274678098	-0.0003508954003581	6.41965455172904e-07	1.231275819924713e-07	-0.0014289789203238	-1.0892748600001192e-06	2.041980754729773e-06	1.1865197206282793e-12	0.0038120822228236	0.0001412486205311	1.9951172801938716e-08	1.4531970873567718e-05	0.0	0.0	0.0	0.0	0.0	0.0	0.0	0.0	0.0	0.0	0.0	0.0	0.0	0.0	0.0	0.0	0.0	0.0	0.0	0.0	0.0	0.0	0.0	0.0	0.0	0.0	0.0	0.0	0.0	0.0	0.0	0.0	0.0	0.0	0.0	0.0	0.0	0.0	0.0	0.0	0.0	0.0	0.0	0.0	0.0	0.0	0.0	0.0
563.9913044675781	1.2200870390149705	1.4886123827723177	318086.19151504035	773.3396370516244	2.2734845938931585	5.16873219866954	598054.1942351382	549.5611327985011	-0.3787687809094677	0.1434657893916444	302017.4386827718	587.5948528953455	533.7560186193139	1.341705	25.254725	0.2036422829297129	0.1234468157109953	-0.0798012451	-0.122507844	0.029276812	-0.0066854728	-0.038498494	-0.057247549	-0.0393148069	0.0227801382	0.0512951218	0.0131512668	0.0301941711	-0.1082979943	0.0124443512	0.2015178134	0.0767213525	-0.0547202133	0.0064551519	-0.0716242962	-0.0970450825	0.109263739	-0.0100066128	0.0117565105	-0.1544616418	0.0304790944	-0.0166187896	0.0885337161	-0.0061220539	0.0019717071	-0.0120626289	-0.0517417789	-0.0445693495	-0.008439356	0.0881593393	0.1333331658	-0.0602406262	0.0186828267	0.1166203401	0.0817754911	-0.0064904742	0.0496452956	0.0921111756	0.00790293	-0.0547963573	0.0358982264	0.0010153951	-0.1564172674	0.0145162593	-0.0884534724	0.0420679884	-0.013862783	0.0516039976	-0.0679290955	-0.0623330487	-0.0905456069	-0.1783725546	-0.0634229039	-0.0267687394	-0.0752152047	-0.0382827554	-0.017298982	-0.0079470587	-0.060575343	-0.0467463847	0.06760162	-0.0099652328	0.0861718732	-0.0533403489	0.2224758972	0.0687310398	-0.0385902567	0.0085439543	0.055752446	-0.0050503846	-0.1331111625	-0.0792419425	-0.0332499143	0.0384224932	-0.0350224171	0.0325273411	-0.1075546011	0.0061311429	0.0934625513	-0.0215332422	0.0181661071	0.0690369415	0.0695855539	0.0104579245	-0.0065726779	-0.0290276145	0.0737778763	0.0763222603	-0.0930579596	0.0498766606	0.0714606337	-0.0438005046	0.0120280854	0.0481254122	-0.0694838809	-0.0701004692	-0.0289489239	-0.0665712419	-0.0646489559	0.1249970865	-0.1010254088	0.0179681425	0.0140970392	0.103644606	-0.0675525177	-0.1818136643	0.1421539453	-0.1283592902	-0.0976806303	-0.0354239307	-0.0537392578	-0.0470882549	0.0244288452	-0.0463937471	0.0522333738	-0.0501452065	0.0661682071	0.060059308	1.37118e-05	0.0486716221	0.0203676266	0.0056785369	0.0418308651	-0.1145311384	0.0282089728	0.0521517806	-0.0180515606	-0.1083881557	0.0776450055	0.0259625377	-0.0363321408	-0.083776024	-0.0969763818	0.032231632679796	9.777267256089878e-05	9.559495499700728e-09	0.0010388781452052	0.0242262035086895	0.0192186483691046	0.0003693564451352	0.0005869089364444	-0.0337260791983737	-0.0333129937858273	0.0011097555549745	0.0011374484180949	0.0028178594653002	0.0020166319974904	7.94033196618193e-06	4.066804613302122e-06	-0.0008670136060018	0.000561965314322	7.517125929922444e-07	3.158050145010243e-07	0.0042537422730556	0.000441660050232	1.950635999709331e-07	1.8094323325580224e-05	0.0	0.0	0.0	0.0	0.0	0.0	0.0	0.0	0.0	0.0	0.0	0.0	0.0	0.0	0.0	0.0	0.0	0.0	0.0	0.0	0.0	0.0	0.0	0.0	0.0	0.0	0.0	0.0	0.0	0.0	0.0	0.0	0.0	0.0	0.0	0.0	0.0	0.0	0.0	0.0	0.0	0.0	0.0	0.0	0.0	0.0	0.0	0.0
565.7179838785881	1.7266794110100818	2.981421788406123	320036.8372836545	780.6722701965086	7.332633144884198	53.76750883745433	609449.1934537706	549.3846115322287	-0.1765212662724025	0.0311597574464124	301823.45138841786	587.233162627699	548.0803624093215	1.338148	25.18778	0.2023255293900327	0.0854940402689782	-0.0049008125	-0.007377672	-0.0628605177	0.0001441969	-0.0636193185	0.0035655643	0.0254319215	-0.0037101539	-0.1201205427	-0.0163332401	0.0489545185	0.0094736113	-0.0518439098	0.1410761341	0.140274055	-0.001234644	-0.1675308804	0.0151756085	-0.0018166057	0.1852629786	-0.1762868666	0.0584334588	-0.017462329	-0.0391979148	-0.0184167639	-0.037756095	0.0356900706	0.1522391808	-0.0004061701	0.0357244505	-0.0453166268	-0.0374835051	0.0381756434	-0.0429507511	-0.0445616567	0.1955192638	-0.0649097348	0.0803457463	0.0472146845	-0.0364500793	0.0629450694	0.0426753128	-0.0566666759	0.194589631	-0.0170376163	-0.0378372679	-0.0568319861	0.1053960891	-0.0614577953	0.0991021412	0.1205405794	0.067164964	-0.0066489417	0.0099345971	0.2485433473	-0.0779858043	0.0123734463	0.0185512705	0.0144186956	-0.0773601241	0.0864900242	0.0319556888	-0.0011658192	0.0382323769	-0.1443452415	0.0128949098	-0.1010133248	0.1271896155	0.0386380193	0.0320209131	-0.0625817228	0.0932547829	0.1073324268	-0.0354582129	-0.168097012	-0.0339868055	0.0705695416	0.1186481511	-0.10125851	0.0688257364	-0.0743957946	0.1277230284	-0.0436730507	-0.0953624449	0.0033887869	-0.0641299193	-0.0196978391	0.0915154488	0.0345786893	-0.1190708321	0.1033605188	-0.0088459265	0.1400654671	-0.0129596138	0.0308706468	-0.0152623922	0.1102337482	-0.096137895	-0.1339416948	0.0217331605	0.0121366287	-0.0054001285	-0.0555430256	-0.0002008305	-0.1029218315	0.0219843164	-0.1114834223	-0.0105950501	-0.0393008711	0.0246575062	0.0172884151	-0.093454545	-0.0066633421	-0.0363609657	0.0042642271	0.1230687788	-0.0837758218	0.1468213812	-0.0105153415	0.1758282479	-0.0459785121	-0.029882939	-0.0393596426	0.0230160236	0.0408106621	0.0340206979	-0.0438030996	0.0011637553	0.080120954	0.0886852238	-0.1600023194	0.0767519312	0.0231366758	-0.0403591775	-0.0866195036	-0.0958886693	0.0808705580491278	0.0486389253693317	0.0023657450610834	0.0065400471591773	0.0634755686718051	0.0392493651631156	0.0015405126657075	0.004029147818209	-0.052144588894464	-0.0184185096960903	0.0003392414994249	0.0027190581509726	0.0017591142463949	-0.0010587452189053	3.0944829318694965e-06	1.120941438554832e-06	-0.0013460993089908	-0.000479085702989	1.8119833496655096e-06	2.2952311080846445e-07	0.00387119861172	-0.0003825436613356	1.4633965282804653e-07	1.4986178691382854e-05	0.0	0.0	0.0	0.0	0.0	0.0	0.0	0.0	0.0	0.0	0.0	0.0	0.0	0.0	0.0	0.0	0.0	0.0	0.0	0.0	0.0	0.0	0.0	0.0	0.0	0.0	0.0	0.0	0.0	0.0	0.0	0.0	0.0	0.0	0.0	0.0	0.0	0.0	0.0	0.0	0.0	0.0	0.0	0.0	0.0	0.0	0.0	0.0
567.196844977611	1.478861099022879	2.187030150203157	321712.2609525561	784.3405018388986	3.668231642389969	13.455923382231012	615190.0228248953	550.7778794874839	1.393267955255169	1.94119559514092	303356.2725327294	588.0184872747311	544.0615849662513	1.309771	24.653639	0.398823382779199	0.2376915705171694	0.0135886065	0.0649179269	0.0876506106	0.1047011846	-0.0195773119	0.0410715721	0.0750727007	-0.0001493197	-0.0266642104	0.0815446616	0.0516671213	-0.0020386384	-0.038965937	-0.0600621946	0.0235900736	-0.0052846501	-0.1075405633	0.1221398633	-0.0103969307	0.0169223426	-0.0939781193	-0.0230854311	-0.093749709	-0.0075684947	-0.1107343229	-0.0721804604	-0.0928138626	0.0620277438	-0.053769315	-0.1145958114	-0.0441114932	-0.0722782248	-0.092682506	0.004530806	0.1151848518	0.0547507962	-0.0738858677	-0.1134736737	-0.0144984651	0.072479401	-0.0318650932	-0.222675445	0.0042314698	-0.0025953513	-0.0921719622	0.0419354327	0.0120533483	-0.0724616576	0.0266409341	-0.0040130168	0.0414198716	-0.0393834332	-0.1112081751	-0.0567901157	0.0210278241	0.0791203818	-0.1092046524	-0.1092657061	0.0317105791	-0.0714324725	-0.0985269342	0.0239368022	-0.0141363863	0.0732283849	-0.1002220948	0.0631535376	0.0563029538	-0.0248375474	-0.0419440883	0.0682900158	0.0395163098	0.0471118618	-0.0025526568	0.0025051104	0.0402276268	0.0226831277	-0.1365729367	0.0926765164	-0.0525875159	0.0909187077	0.0443934839	0.0663185577	0.0390732193	-0.0840633632	-0.0022302445	0.0478838353	0.0006074116	0.0663302429	-0.0191527378	-0.2103088855	0.1491801498	0.2581355237	0.0711733516	0.0684741926	-0.1020467411	0.035943188	-0.103592262	-0.0325520369	0.0158670683	0.016608025	-0.087210345	0.0782419015	0.0138084391	-0.0893893292	0.1039085264	0.1428048689	0.0232198023	0.0152355394	0.1404903237	-0.1245303281	0.019351116	-0.0521856943	-0.0051228799	-0.0064353129	0.0902001418	0.1207950017	-0.1723994622	0.1058495202	-0.0028084425	0.1241839139	-0.0768576937	0.0047040462	-0.0158713841	0.0457194769	0.1497090939	-0.0248350401	-0.0884527717	0.0263527377	-0.0596271735	0.0073112841	0.0370038532	0.07584168	0.0202901034	-0.0443049362	-0.0891529079	-0.0942647084	0.0541057769662671	-0.0267647810828606	0.0007163535064134	0.0029274351011234	0.0627987401367278	-0.0006768285350772	4.5809686589487365e-07	0.0039436817627602	0.041522309972457	0.093666898866921	0.008773487943346	0.0017241022254488	-0.0018703391518587	-0.0036294533982535	3.4981685429755213e-06	1.3172931970094604e-05	-0.0027716688541739	-0.0014255695451831	7.68214823719766e-06	2.03224852815355e-06	0.0033719240692699	-0.0004992745424501	2.492750687387568e-07	1.136987192892168e-05	0.0	0.0	0.0	0.0	0.0	0.0	0.0	0.0	0.0	0.0	0.0	0.0	0.0	0.0	0.0	0.0	0.0	0.0	0.0	0.0	0.0	0.0	0.0	0.0	0.0	0.0	0.0	0.0	0.0	0.0	0.0	0.0	0.0	0.0	0.0	0.0	0.0	0.0	0.0	0.0	0.0	0.0	0.0	0.0	0.0	0.0	0.0	0.0
565.967382555765	-1.2294624218460513	1.5115778467315577	320319.07811702363	779.1553160272928	-5.185185811605834	26.88615190087845	607083.0064935904	550.8174602963509	0.0395808088669582	0.0015666404305626	303399.8745673221	589.1852455085204	556.0600117959153	1.531234	28.822199	0.3903373794891175	0.2003371030597279	-0.0054619684	0.0848573748	-0.0970446617	-0.088562847	-0.0659110823	-0.0353295997	0.0022940282	-0.0033140052	-0.0885191481	0.0245689269	-0.0730497515	-0.0684417339	-0.0156732623	-0.0404190142	-0.0394238842	0.0014356801	-0.0397637185	0.0263751829	0.0509016249	0.1067849755	-0.0114626672	0.047441316	0.0636466705	-0.0014050995	0.0878294591	0.0455704225	0.1163558609	0.091241151	-0.0270320833	0.1796255838	0.0222861882	-0.0421983796	0.011105232	-0.0528574311	0.043334451	-0.0688416811	-0.0420382095	0.0109260942	0.1004276194	0.0181590293	-0.1259490711	-0.0769977801	-0.0200597672	-0.035739197	-0.0917657354	0.0009984439	0.0785674785	-0.050233157	-0.0202664163	0.0068126106	-0.0010210539	-0.051649473	-0.0765919573	0.026579941	0.1163897288	0.0042632912	-0.2060488362	-0.0764766709	0.0536821913	-0.0025248602	-0.0742432241	0.0636883045	0.0375844914	-0.0240033251	-0.0447757993	-0.003902354	-0.0116110755	-0.0256979944	-0.1047879262	-0.0298344063	-0.0167819986	0.0589211001	0.0160997025	-0.0107850021	-0.0296019097	-0.0468130316	0.0625854847	-0.0285782419	-0.0517360532	0.0822916855	-0.1156287724	0.0581263863	0.1861713068	0.0888002002	-0.0558071894	-0.040128	0.0691592215	-0.0333087883	-0.0626388866	-0.0938126771	0.0076262733	0.0309584648	-0.0102686567	0.0620118193	-0.0349977248	-0.0033978668	-0.0189163791	-0.0541291458	-0.0106421375	-0.080924195	0.0643234823	0.0124792529	-0.0822022171	0.0799941728	0.1293668903	0.1517748375	-0.0077812799	0.0238082476	0.0119741849	-0.0442654326	0.0858696693	-0.0197899294	-0.0061880384	0.0089384457	-0.0658700453	0.0350506996	-0.0392697621	0.1390460153	0.0312303748	0.0501528586	-0.0280982971	0.1566674698	-0.021230966	-0.0196359597	-0.0516904803	-0.0650308194	-0.019139723	-0.07363021	-0.1565367294	-0.0150209972	-0.0179342399	0.0749144558	0.0174253687	-0.0481614706	-0.0913671679	-0.0921135811	0.0309474349364933	-0.0231583420297738	0.0005363088055679	0.0009577437291484	-0.0684985806912124	-0.1312973208279402	0.017238986456595	0.0046920555567105	-0.0292262293916465	-0.0707485393641035	0.0050053558221541	0.0008541724844531	0.0004578255264464	0.0023281646783051	2.096042126659233e-07	5.420350769307491e-06	-0.002763957294168	7.711560005900248e-06	7.639459923984491e-06	5.946815772460024e-11	0.0024051367622349	-0.0009667873070349	9.346776970439866e-07	5.784682845053779e-06	0.0	0.0	0.0	0.0	0.0	0.0	0.0	0.0	0.0	0.0	1.0	0.0	0.0	0.0	0.0	0.0	0.0	0.0	0.0	0.0	0.0	0.0	0.0	0.0	0.0	0.0	0.0	0.0	0.0	0.0	0.0	0.0	0.0	0.0	0.0	0.0	0.0	0.0	0.0	0.0	0.0	0.0	0.0	0.0	0.0	0.0	0.0	0.0
564.9580850802046	-1.0092974755604018	1.0186813941725998	319177.6378974917	779.8019547673115	0.6466387400187159	0.4181416600929925	608091.0886589201	550.8677885423012	0.050328245950368	0.0025329323404407	303455.32045348553	590.112909783737	553.0171590902554	1.451927	27.329424	0.2319656429166142	0.1191037114718363	0.0079013808	0.0163565376	-0.022997954	0.1045730658	0.0001152327	-0.0365534814	0.0034657944	-0.0385458657	0.029944496	0.0569341845	0.0236611289	-0.0137323101	0.0097625104	0.0088179918	-0.0997869322	0.0458449516	0.064364709	-0.064943416	-0.0897121945	-0.0571855146	0.0321753684	0.0868827551	-0.0822244641	0.0689255811	-0.1010969497	-0.0147414939	0.1128976132	0.0494512159	-0.1188411127	0.057765372	0.0799099588	0.0044438016	0.036114074	-0.0302311464	-0.0148245994	-0.0700548986	0.0782287577	-0.0718942907	0.0458026669	0.0776308746	0.0005606186	0.006507831	-0.0227301001	0.1591154538	0.0709764691	-0.093449934	-0.0869373044	-0.0136457073	-0.0835912621	0.0974704344	0.018262462	-0.0689536977	0.016229297	-0.0541381218	0.0088780909	0.0447995202	-0.0711450692	0.1292555262	-0.1826746878	0.0481507549	-0.056413189	0.0396612347	0.0081426729	-0.0497901869	0.0722136817	-0.0147967082	-0.0004843384	-0.0251307365	0.0502262639	0.024764596	0.0825972957	0.0149413845	-0.1612861934	-0.0766374751	0.0114301507	-0.0052337743	-0.0742824035	0.071791619	0.1153419773	-0.0811933066	-0.0864722852	0.0513050259	0.1501978352	0.005799419	-0.0322866253	-0.0307597842	0.0988155547	0.0048706079	-0.1206245114	-0.0288064204	0.0670455625	-0.0904432558	0.0179575082	-0.0492781805	0.0229761697	0.0106757738	-0.0472328744	0.0016890734	-0.1293011251	0.0797005444	-0.0444964003	-0.0861429534	0.0227691734	0.0700760941	-0.0100588077	0.0079112125	-0.0509101471	-0.0099876525	-0.024631858	0.0481198038	-0.1003465369	-0.0158653081	0.0127503516	0.0899454525	-0.0074996222	0.0260006834	0.0808526351	0.0268890877	0.0493705012	0.0779744543	0.0257366158	0.0528219027	-0.0677355059	-0.0355871278	0.0498034821	-0.0082360791	0.0015788859	0.0320925388	-0.0962026113	0.1496304549	0.1094847975	0.073970466	0.0145450358	-0.0519210142	-0.0932543571	-0.0894473172	0.0005628187715274	-0.0303846161649659	0.0009232248994923	3.167649695836117e-07	0.0307696155730212	0.0992681962642336	0.0098541747895544	0.0009467692425115	0.0076064986957433	0.0368327280873898	0.0013566498583595	5.785882240834453e-05	0.0003499047621371	-0.0001079207643093	1.2243334256622058e-07	1.164689136910348e-08	-0.0020250038459996	0.0007389534481684	4.100640576313171e-06	5.460521985599683e-07	0.0028678645977577	0.0004627278355227	2.141170497676153e-07	8.224647351071934e-06	0.0	0.0	0.0	0.0	0.0	0.0	0.0	0.0	0.0	0.0	0.0	0.0	0.0	0.0	0.0	0.0	0.0	0.0	0.0	0.0	0.0	0.0	0.0	0.0	0.0	0.0	0.0	0.0	0.0	0.0	0.0	0.0	0.0	0.0	0.0	0.0	0.0	0.0	0.0	0.0	0.0	0.0	0.0	0.0	0.0	0.0	0.0	0.0
563.5615417228935	-1.3965433573110886	1.9503333488497268	317601.61130908463	773.5777086924357	-6.224246074875737	38.74123920060602	598422.4713858389	550.0528823432572	-0.8149061990440032	0.6640721132403445	302558.1733741252	587.8892593275876	541.3024385531489	1.456414	27.413868	0.1419875469420354	0.0734628744627704	-0.0670873524	0.0042835718	0.0908765418	-0.0774896884	-0.0058694144	0.0326233747	-0.0347511379	0.0586280071	0.1768780563	0.02246703	0.0287833172	-0.0534453271	-0.0468368805	0.0520309349	-0.0172433643	0.0360401178	0.0641962882	0.1000491764	-0.0419169493	-0.0846870901	0.0179299246	0.1184489215	-0.091874256	0.0636714724	0.1153744329	0.0918994866	-0.1381511533	0.1091954579	0.0129795383	0.0946325838	0.0226024516	0.0825422156	-0.0028719717	0.043271382	0.0119868558	0.0940530403	0.0405182208	-0.0672101256	0.0742247252	0.0135747304	0.11615553	-0.0597088037	-0.0444047086	-0.0168786985	0.0064709408	0.0673053013	-0.0165212817	0.0483108781	0.0232867324	-0.0585242644	-0.0708926314	0.0328659451	0.0284030607	0.0627015679	0.0042491316	-0.0880526937	0.0744185721	-0.1284771562	0.0325519347	-0.0359774109	0.0087922685	-0.0473019208	-0.0201094859	0.0721046226	0.0312163867	0.1571001898	0.0452341649	0.0608535206	0.0424054167	-0.0045157333	-0.0144976625	-0.0683265829	-0.0649120336	0.0331226876	0.0320943879	0.068538443	-0.0466371836	-0.0101082298	-0.0098355179	0.1104512201	0.0074672875	0.1149386948	0.0677503699	0.1272843029	0.1114023944	0.1532970955	-0.0771301516	-0.0497745776	0.1070443895	-0.0958654813	-0.03231087	-0.0379391729	0.0223780831	-0.1026353537	0.0850098866	0.1613011914	0.0023324885	0.0293873858	-0.0803324959	-0.0485777271	0.1524612508	0.0089970537	-0.0331718556	0.0294511877	-0.0185481411	0.0406147807	-0.0014062658	-0.0204833134	0.025205496	-0.0944628029	0.0001400839	-0.042901214	0.0693678354	-0.0299309105	0.1041066871	0.0006781548	-0.0756436694	0.1042354856	0.0414190895	-0.0430921482	-0.0233357935	0.057876343	0.0854437829	0.000353334	0.0779430177	0.0246146256	-0.1265752187	-0.0005910005	0.0718229734	-0.0504927705	0.005840848	0.0730099218	0.0116516832	-0.0555759958	-0.0948077199	-0.0862808277	0.0218627319539734	0.021299913182446	0.0004536863015797	0.0004779790484912	0.0385321766440682	0.007762561071047	6.025735438173439e-05	0.0014847286369296	0.0666530449045907	0.0590465462088474	0.0034864946191935	0.0044426283950533	-0.0001368926583101	-0.0004867974204472	1.8739599899205795e-08	2.3697172855404807e-07	-0.001509193727579	0.0005158101184205	2.2776657073637964e-06	2.660600782650734e-07	0.0027929016070316	-7.496299072610015e-05	5.619449978601377e-09	7.800299386559694e-06	0.0	0.0	0.0	0.0	0.0	0.0	0.0	0.0	0.0	0.0	0.0	0.0	0.0	0.0	0.0	0.0	0.0	0.0	0.0	0.0	0.0	0.0	0.0	0.0	0.0	0.0	0.0	0.0	0.0	0.0	0.0	0.0	0.0	0.0	0.0	0.0	0.0	0.0	0.0	0.0	0.0	0.0	0.0	0.0	0.0	0.0	0.0	0.0
563.2599167216722	-0.3016250012212822	0.0909776413617385	317261.7337853051	769.1056636825623	-4.472045009873455	19.999186570334068	591523.5219085946	550.5170226140854	0.4641402708281248	0.215426191004405	303068.99218787736	589.0017618829493	550.6676757241718	1.409858	26.537554	0.0907585530559582	0.0481823769814731	-0.0073323811	0.0064414271	-0.0737934611	-0.0753916979	0.0736253536	-0.0260964446	-0.0905687785	0.0311883805	0.0352280783	-0.0359235463	-0.0271928007	-0.0690563074	-0.032687627	-0.0152990663	-0.0508674536	0.0409657757	0.040538136	0.015588856	-0.005774027	-0.0342135773	-0.0077163127	0.0935568715	0.1108860836	0.0187717836	-0.0611725653	0.0326773386	0.0488972317	0.0011270139	0.0983924103	0.1605241667	-0.0878143278	-0.0564970765	-0.0319422146	-0.0476275062	-0.0715071133	-0.1373733485	0.0024856544	0.1011408984	0.0656484131	-0.0479539789	0.0158386988	0.1040044888	-0.1155064836	-0.0628767222	0.0634331187	-0.0069715511	0.0233176793	0.0094234424	0.0170587463	0.0755935731	-0.0530990004	0.0042784714	-0.0171154216	-0.029613375	0.0668335153	0.082619828	0.0738506558	0.0224207419	-0.0259357985	-0.0991616647	-0.0276556131	0.1377845397	0.0183434809	-0.0399347769	0.0334255408	0.0465937277	-0.0637792835	-0.0778675971	-0.0444131367	-0.0452515119	-0.0502095672	-0.0811049782	-0.0167632283	-0.0281037756	0.0173622853	-0.0745481628	0.0697948545	0.0582512969	0.0228276346	-0.0019948174	-0.0238189929	0.0745115416	0.1203282338	0.0959546175	-0.0083686187	-0.0364737355	0.0058882011	-0.0114838986	-0.1047650709	-0.0061854238	-0.1151888694	-0.0570215533	0.0037624703	0.0434097435	-0.024618012	-0.1338571573	-0.0488928215	-0.0795363057	0.0117852153	0.0481343226	0.0782260085	0.1422293838	0.0622084444	0.0058665251	-0.1136682495	-0.0998996055	-0.0103858907	-0.003393767	0.0443729278	-0.1123759911	0.0104069171	-0.0399674581	0.0881185542	-0.0211938189	-0.0502369034	-0.043944162	0.0450356376	0.117975963	0.0400581736	-0.0558687624	-0.048839997	0.0687429159	-0.0459302091	-0.0493405906	-0.0206346845	0.0328446269	-0.0383938506	-0.0355645013	-0.0068090334	0.0257386271	0.0333738791	0.0720330383	0.0087479008	-0.0591190548	-0.0960216957	-0.0826318208	0.0099345822298744	-0.011928149724099	0.0001422807558405	9.86959240821362e-05	0.0485773150844153	0.010045138440347	0.0001009048062857	0.0023597555408105	0.0470725713916735	-0.0195804735129172	0.00038339494299	0.0022158269774241	0.0005173593964569	0.000654252054767	2.676607451022478e-07	4.280457511668415e-07	-0.0015073606608826	1.8330666963998349e-06	2.2721361619764287e-06	3.3601335134502045e-12	0.0024648909009231	-0.0003280107061084	1.075910233217967e-07	6.075687153453492e-06	0.0	0.0	0.0	0.0	0.0	0.0	0.0	0.0	0.0	0.0	0.0	0.0	0.0	0.0	0.0	0.0	0.0	0.0	0.0	0.0	0.0	0.0	0.0	0.0	0.0	0.0	0.0	0.0	0.0	0.0	0.0	0.0	0.0	0.0	0.0	0.0	0.0	0.0	0.0	0.0	0.0	0.0	0.0	0.0	0.0	0.0	0.0	0.0
562.2339283299162	-1.0259883917559591	1.0526521800179796	316106.9901652894	771.2429016909925	2.137238008430245	4.567786304678879	594815.613408742	550.0303779042096	-0.4866447098758044	0.2368230736501058	302533.4166174476	588.7214555861758	539.8884952532978	1.133092	21.328024	0.0985836699514205	0.056782317072793	0.0270880736	-0.0683040755	-0.0525527889	0.0125181876	-0.0013675576	0.090175106	-0.0792999209	-0.0303518355	0.050209713	-0.0131876911	0.0551967149	0.0478258714	-0.0888497792	0.0419665452	-0.009633999	0.0579844437	-0.0491854007	-0.1116280262	0.0570201603	-0.0627036832	-0.0744032499	-0.0720351801	-0.0171272948	0.0339597865	0.0589876988	0.0041517165	-0.0537271584	0.0293632931	0.0375593733	-0.0972924414	0.060039012	0.0905579459	-0.0494697271	-0.0100691818	-0.105735458	-0.1212551413	0.0279138268	-0.0017058406	0.0475315607	0.0880181159	0.0530066977	0.0453307311	-0.0487544649	-0.0438917899	0.015484604	-0.0014795489	-0.0409893956	0.0594661426	-0.0305540563	-0.1344385566	0.0463230935	0.115706278	0.0016727366	-0.0736214144	0.1050149898	-0.1109220844	0.0353348551	-0.086516131	-0.0456578389	0.0324872093	0.0883124225	0.027227453	0.0133373476	-0.0665877977	0.0148899644	0.0481519839	-0.0850251633	-0.0601497974	0.103101583	0.081435108	-0.0457594641	0.0537227084	-0.0573539622	-0.0994361594	0.0119809693	0.0120693773	-0.0314839797	-0.0225315666	0.0374696099	0.0036318414	0.0436664693	0.0247246056	-0.0487059424	0.0723257759	-0.0215922344	0.0351867457	0.0768446174	0.0585784262	0.0763054575	0.0289171846	-0.0920655436	0.0092035228	0.055947288	-0.1164104052	0.0008198506	0.0184927448	-0.0704921875	-0.0743879604	-0.0162209102	-0.0100305819	0.052581156	0.1166413045	0.0740457723	0.0251482258	0.0790916343	-0.0476330501	0.0722450704	0.0058738262	0.0323147157	-0.066944182	0.0377385457	-0.006930326	0.0115962917	-0.0408297733	0.0325791241	-0.0368212865	-0.0450308833	0.0233906847	0.0264404821	0.00874105	-0.0375395086	0.0228215669	0.0189456005	-0.1563644997	-0.0246595586	-0.025591012	0.0052880313	0.0456295554	0.0284504673	0.081614415	-0.0492486485	0.0710400341	0.0058362878	-0.0625430558	-0.0968919388	-0.0785207032	0.009513901075536	-0.0004206811543384	1.769726336154892e-07	9.051431367508505e-05	0.0381522835014322	-0.010425031582983	0.0001086812835061	0.0014555967363736	0.0248903575982595	-0.022182213793414	0.0004920506087767	0.0006195299013692	-0.0004613887773623	-0.0009787481738192	2.1287960387587802e-07	9.579479877544189e-07	-0.0015099924785366	-2.6318176539999634e-06	2.2800772852371045e-06	6.9264641639058705e-12	0.0021351560239826	-0.0003297348769405	1.087250890709668e-07	4.558891246749184e-06	0.0	0.0	0.0	0.0	0.0	0.0	0.0	0.0	0.0	0.0	0.0	0.0	0.0	0.0	0.0	0.0	0.0	0.0	0.0	0.0	0.0	0.0	0.0	0.0	0.0	0.0	0.0	0.0	0.0	0.0	0.0	0.0	0.0	0.0	0.0	0.0	0.0	0.0	0.0	0.0	0.0	0.0	0.0	0.0	0.0	0.0	0.0	0.0
562.3713944604364	0.1374661305201243	0.0188969370401758	316261.5853073757	771.8905543744803	0.6476526834877632	0.4194539984289007	595815.0279325425	549.2663572818861	-0.7640206223234145	0.5837275113354575	301693.5312417126	587.5155106454118	530.1591723851376	1.178539	22.183468	0.2545543068269744	0.1197124302270361	-0.0088498087	-0.1043325925	0.0763542897	0.0174531039	0.0139461425	0.0146213702	-0.0532994699	0.0149242102	0.0955691784	-0.0497315772	0.0922328056	0.0473983381	-0.0658749061	0.1371047926	0.030624498	-0.0042488062	-0.1108873193	-0.1102701424	-0.1284026688	0.0062753333	0.0948234321	-0.0405189527	0.0825584995	-0.1663891907	-0.0977372187	0.0474849835	-0.0918882105	-0.1046729918	-0.0086474088	-0.0344174192	0.0105963262	-0.0853107235	-0.0997697723	-0.0020018669	-0.0894104227	-0.0689693016	-0.1451689075	0.0142041722	-0.0472257472	0.0254430514	-0.0380096978	0.1054710967	0.1268403522	0.0469268401	-0.0203886499	-0.0984682491	-0.0116429447	0.028227309	-0.082815771	0.0502782385	-0.0477381389	0.053941307	0.0650027165	0.0165256919	0.0836852316	-0.0339164371	-0.0876265021	-0.104119582	-0.0876932403	0.056706824	-0.0480456707	0.0095482785	-0.0474765963	0.0215882567	-0.033940557	0.0956346821	-0.0480566091	0.103288061	0.1024251486	0.0805542726	0.0224775337	-0.0499043838	0.0316618559	-0.0770770376	0.1127478443	-0.0871050136	0.1010957503	0.0974673473	0.0391693582	0.1096176805	0.1318405477	-0.0398654977	-0.0320736399	0.0607711522	-0.1125828964	-0.0602071709	0.063583998	0.0684409665	0.0172840872	0.1207731047	0.0052637335	0.0687640302	-0.0443602479	0.0015601343	0.103419834	-0.1072593268	-0.0636392294	-0.0012898294	-0.0212305586	-0.0440092408	-0.0303401199	-0.0256550619	0.0826222327	-0.0361240682	-0.0006829753	0.0052776036	0.0064459486	-0.0210953185	-0.0799164355	0.0705872151	-0.0822696773	0.0081524726	-0.1032773995	-0.0396247854	0.0208010667	-0.0531143645	-0.0942123557	-0.1215145932	0.0620644249	-0.0915175602	0.0521758647	-0.0409717555	0.0278345891	0.0170081056	0.0329309508	0.000306588	-0.0883992557	0.0463015334	-0.0290928794	-0.0070869952	-0.0646679211	0.0700311314	0.0029194506	-0.0658411035	-0.0974153338	-0.073970466	0.01439628791654	0.004882386841004	2.3837701265209034e-05	0.0002072531057759	-0.0400514310303208	-0.078203714531753	0.0061158209665639	0.0016041171275765	0.0067669722478171	-0.0181233853504424	0.0003284570965606	4.579191340272681e-05	0.0009198279772586	0.0013812167546209	8.460835077476475e-07	1.907759723245492e-06	-0.0008410507840241	0.0006689416945125	7.073664213075533e-07	4.47482990657255e-07	0.0031518939769247	0.0010167379529421	1.033756064952892e-06	9.9344356417742e-06	0.0	0.0	0.0	0.0	0.0	0.0	0.0	0.0	0.0	0.0	0.0	0.0	0.0	0.0	0.0	0.0	0.0	0.0	0.0	0.0	0.0	0.0	0.0	0.0	0.0	0.0	0.0	0.0	0.0	0.0	0.0	0.0	0.0	0.0	0.0	0.0	0.0	0.0	0.0	0.0	0.0	0.0	0.0	0.0	0.0	0.0	0.0	0.0
563.7118619515799	1.3404674911434995	1.7968530948125478	317771.063304917	771.3547613304781	-0.5357930440021619	0.2870741860011025	594988.1678271989	550.1177701687594	0.8514128868732769	0.7249039039338874	302629.561055448	588.2795989213266	540.4365238335947	1.421405	26.754913	0.2110145026613858	0.1203345531215869	-0.0914207064	-0.0478517726	-0.0463280156	-0.1224345056	0.0070006299	-0.0435771495	-0.0631299409	0.0569332881	-0.0399811141	-0.1170194616	-0.0558797384	-0.0416451947	-0.0004773732	0.1086403484	0.0588550259	0.0279889462	-0.0292675382	-0.0366731439	-0.084615484	0.0156555533	-0.0020872748	0.0556889638	0.0341741135	0.0931806879	0.0052097823	0.0468396461	-0.0191182639	-0.0305257318	0.0191318613	-0.0199639838	-0.0257602965	-0.0574473156	0.0728575189	0.0945008013	-0.0604078838	-0.1460263746	0.0301310096	-0.0174242231	-0.142160425	0.0436776801	-0.0358962451	-0.1214937989	-0.0608332181	0.0721057611	0.0283139795	0.1349684337	-0.1214363172	0.0492333889	0.0621649378	0.0237465028	-0.0164600747	-0.0895488955	-0.0060054516	0.0602566858	-0.1175025867	0.0785107705	0.0432800182	-0.0594074073	-0.0389130252	-0.0262892691	0.0465220028	0.0084958763	0.013475092	0.0332065003	-0.0392588409	0.0217136278	-0.0920150286	0.1193825523	-0.0301672876	-0.0504251626	-0.0159038598	-0.0712380588	-0.0014407003	-0.1692033333	-0.0078668386	-0.0841046871	0.0213284524	-0.0636900148	0.021940196	-0.0219486349	0.0339043266	-0.0229621857	0.0204832779	-0.0304754317	-0.008628343	0.0196028004	0.0521693546	-0.0167373426	-0.0796344273	0.0258079399	-0.0305487947	-0.076087462	-0.1092199258	0.0079356573	0.0588832508	-0.0006898653	-0.0353328394	0.063526223	0.0678990427	-0.0171937881	0.1249660971	-0.115234709	-0.1197740102	-0.007504751	0.0741946941	-0.0418064745	-0.0733276087	-0.0630547023	-0.1499149698	0.0760574269	-0.1157511087	-0.0409193938	-0.0296398047	-0.0818940265	-0.0179155162	-0.0848955815	-0.0296231675	0.0096620591	-0.0004400849	-0.0542394555	0.0327654359	0.0340724501	-0.0003943349	-0.0923849815	-0.13020684	0.0526353495	-0.0887161759	-0.0330936213	0.0471867089	-0.0259830026	-0.0669362086	0.0690065559	0.0	-0.0690065559	-0.0975900073	-0.0690065559	0.0099638093760461	-0.0044324785404939	1.9646866011938947e-05	9.927749728218416e-05	0.0358456614647906	0.0758970924951114	0.0057603686492114	0.0012849114458483	0.0330639558259377	0.0262969835781206	0.0006915313453079	0.0010932251748595	0.0025581647150006	0.0016383367377419	6.544206709074101e-06	2.6841472662350982e-06	-0.00067410951546	0.000166941268564	4.54423638833716e-07	2.786938714979096e-08	0.0034343749315718	0.0002824809546471	7.97954897383372e-08	1.1794931170608808e-05	0.0	0.0	0.0	0.0	0.0	0.0	0.0	0.0	0.0	0.0	0.0	0.0	0.0	0.0	0.0	0.0	0.0	0.0	0.0	0.0	0.0	0.0	0.0	0.0	0.0	0.0	0.0	0.0	0.0	0.0	0.0	0.0	0.0	0.0	0.0	0.0	0.0	0.0	0.0	0.0	0.0	0.0	0.0	0.0	0.0	0.0	0.0	0.0
565.5393011025134	1.8274391509335144	3.339533850364605	319834.70109151927	779.3328073340726	7.9780460035945	63.64921803547017	607359.6245872068	550.1573003366453	0.0395301678859141	0.0015626341730885	302673.05511370575	588.8517150878906	545.49702051831	1.452428	27.338839	0.1797812946284684	0.1046551431083035	-0.0347071909	-0.0691345314	-0.0672457377	0.097740458	-0.0334302286	-0.0209363579	0.0026438054	-0.0003850733	-0.0817815055	-0.034062211	0.0973068384	-0.0083022393	-0.0001186777	0.11364191	0.0093222148	0.0330942316	0.0139514991	-0.0930246537	-0.0739104335	0.0305676011	-0.0333485014	-0.0323111992	-0.1042756361	0.092352181	0.01059269	-0.065230811	0.0548549014	0.0299819585	-0.0540217498	0.0365024448	0.0051753923	-0.0407414944	0.1185051949	0.003476414	-0.0268154194	-0.1071724517	0.0577782363	0.0347708368	0.1295416323	-0.0432826829	-0.0813579235	0.0565798947	0.177120158	0.0378485421	-0.104711778	0.032704047	0.016894188	0.056313476	-0.0133337696	-0.0136408339	0.0531594335	-0.0806736173	-0.127367443	0.0103650314	0.0664195656	0.132113981	-0.0025517385	0.021381335	-0.1268066697	0.0999862602	0.0001608742	-0.1485321911	0.0303261086	-0.034322787	-0.0267080984	-0.0714782096	-0.110578432	0.0780340108	0.0866002395	0.0274712205	0.0416360084	0.0269670215	-0.0402149718	-0.0735907191	-0.0713694975	-0.0884990381	-0.0078520369	-0.0313256281	0.1137586205	-0.0540024617	-0.0286378025	0.005021977	0.0943837618	-0.1579274975	0.0137202854	0.0711360973	-0.0467101554	-0.0663881651	-0.0222767437	0.100008369	-0.0542431515	0.024491018	0.0332116421	0.0123541343	-0.0216868824	-0.0416079441	0.0784970688	-0.0229172831	-0.0297770631	-0.0807068602	0.031445338	-0.0701078515	-9.68662e-05	0.1158578948	0.1467244442	0.1160287663	0.0059317418	-0.034863321	-0.1017925412	0.07254567	-0.0597946208	-0.0187281643	0.0215458351	0.0171084578	0.0008234966	-0.0719938691	-0.0098666158	0.1231994535	-0.0171261435	0.0493369934	0.0750609924	-0.0380101868	-0.0306297285	-0.0836276971	-0.0138417907	0.0573489635	-0.025004851	0.0708583885	-0.0222007426	0.1033497286	0.0208342491	0.0679665371	-0.0029194506	-0.0720330383	-0.0974153338	-0.0636567332	0.0100172125517588	5.340317571270008e-05	2.8518991762015193e-09	0.0001003445473071	-0.0482997507965876	-0.0841454122613782	0.0070804504046372	0.0023328659270124	-0.0233557648395148	-0.0564197206654525	0.0031831848799676	0.0005454917512387	0.0022242834787105	-0.00033388123629	4.947436993664484e-06	1.1147667994660543e-07	-0.0008160248311777	-0.0001419153157176	6.658965250985937e-07	2.013995683525446e-08	0.0031269163130611	-0.0003074586185107	9.453080209650827e-08	9.777605628887624e-06	0.0	0.0	0.0	0.0	0.0	0.0	0.0	0.0	0.0	0.0	0.0	0.0	0.0	0.0	0.0	0.0	0.0	0.0	0.0	0.0	0.0	0.0	0.0	0.0	0.0	0.0	0.0	0.0	0.0	0.0	0.0	0.0	0.0	0.0	0.0	0.0	0.0	0.0	0.0	0.0	0.0	0.0	0.0	0.0	0.0	0.0	0.0	0.0
565.616447095593	0.0771459930796254	0.0059515042482416	319921.9652250418	778.8860451265512	-0.4467622075214876	0.1995964700694728	606663.4712928799	550.7093903427824	0.5520900061370639	0.3048033748764233	303280.8326117191	588.7708149307014	536.2985723676265	1.416183	26.65662	0.3667779548123802	0.1759817213755409	-0.0868194897	-0.0262246821	0.1204814984	-0.0055653189	-0.0639689688	-0.0393901338	0.0102550932	0.0107803018	0.0287427676	0.0350851858	0.0377870721	-0.0359709641	0.0617571129	0.0538103739	-0.0272852956	0.0020214088	-0.0078490587	-0.0754238833	-0.0961353429	-0.0456695295	0.1174762377	0.1058408246	-0.0505059423	-0.0423563144	-0.0636396559	0.0280607486	0.1157138314	-0.0790163003	-0.0438731291	-0.0966357383	0.0107083376	0.0446536262	0.0601161424	0.0295851123	-0.0048374369	0.0286161064	-0.0736134258	-0.0515478119	0.0266558946	0.0835552808	-0.0337186718	-0.041988354	0.0188455619	-0.0846279295	0.0148225426	0.1405138578	-0.0306553311	0.0463120481	0.060810458	0.0508005619	-0.1287026405	0.0607411221	0.0489200255	-0.1628736345	0.0562724496	0.0694582282	0.0458643213	0.0289310265	-0.0399300872	0.1378945667	0.1172239619	0.0746655619	-0.0035347007	0.066788279	0.010942283	0.0256032114	0.0248953209	0.085708456	-0.0401317054	0.0229615197	0.1343085072	-0.0395358511	-0.0547936616	-0.0242826446	0.1174414949	-0.0430048486	-0.032212189	0.0060661034	0.0242976782	-0.0524720782	0.0095364395	0.0004678107	0.0017278048	-0.0079741055	0.0390670507	-0.0963418291	-0.0403379304	-0.0882776295	-0.0359499402	0.0816024829	0.0153801499	-0.0408309143	-0.0646406767	-0.088461626	0.0368690942	-0.0731574866	-0.0774885629	-0.0238818396	-0.0389267381	0.0096406493	-0.163434846	0.1487605831	-0.0449683775	-0.0719924858	0.0836377289	-0.1040049057	-0.122592677	-0.0444048777	-0.0668191678	0.0328884138	-0.0898512337	0.0262195595	0.0068080393	0.0302053492	0.1397141442	-0.1085712668	0.0108257394	0.0735080764	-0.0031545928	-0.023197613	0.0508493941	0.0276431101	0.030933106	0.0107918446	0.1038673335	0.0913528725	-0.1726163852	0.0208823194	0.1048388235	-5.46174e-05	0.0729676955	0.0669113075	-0.0058362878	-0.0749144558	-0.0968919388	-0.0579509162	-0.0232023032599499	-0.0332195158117087	0.0011035362307643	0.0005383468765666	0.0691610868857139	0.1174608376823015	0.0137970483890279	0.0047832559392132	0.0541019092242152	0.07745767406373	0.005999691271363	0.0029270165817052	0.0005677901932332	-0.0016564932854773	3.2238570353179465e-07	2.74397000483138e-06	-0.000765920322751	5.010450842669997e-05	5.86633940802996e-07	2.5104617646812484e-09	0.0020607155618723	-0.0010662007511888	1.136784041835562e-06	4.246548626942669e-06	0.0	0.0	0.0	0.0	0.0	0.0	0.0	0.0	0.0	0.0	0.0	0.0	0.0	0.0	0.0	0.0	0.0	0.0	0.0	0.0	0.0	0.0	0.0	0.0	0.0	0.0	0.0	0.0	0.0	0.0	0.0	0.0	0.0	0.0	0.0	0.0	0.0	0.0	0.0	0.0	0.0	0.0	0.0	0.0	0.0	0.0	0.0	0.0
564.517378404384	-1.0990686912090268	1.2079519879959233	318679.87052055844	774.9926229270108	-3.893422199540396	15.158736423873975	600613.5655912879	550.9094938925647	0.200103549782284	0.040041430635471	303501.27046096174	588.6012884892702	546.188480355869	1.531711	28.831173	0.2449576050118772	0.1491845461249321	-0.0604022519	-0.0208721465	-0.1136548617	-0.0777977057	-0.0330911254	-0.0642824106	-0.0197335565	0.0887243442	-0.0384250881	-0.0591323059	-0.0559602981	-0.0569097718	0.050722266	0.0223310657	0.083931018	0.0727433194	-0.0745764445	0.0868049843	-0.0823959445	0.0753118758	0.0730781657	0.0171656423	0.0981841327	0.0222755818	-0.0015672699	-0.1104876875	0.0091519344	-0.1620888495	0.0640452919	0.0057758707	-0.259443567	0.0521535622	0.0683952056	0.0276597335	-0.0740075815	-0.039663897	-0.0524135657	0.0218387262	-0.0400381145	-0.0800970781	0.0462722007	0.0582099888	0.1743648973	0.0295854789	0.0416621344	-0.0284792001	0.0720889179	-0.0306247849	-0.0138575528	-0.0090020348	7.5688e-05	-0.0004748975	0.0064547164	-0.007973223	-0.1091402366	-0.0129983986	-0.009045427	-0.0434161192	-0.0373101369	-0.0404536445	-0.0684191376	-0.116682927	0.144691563	0.0816534147	-0.0438656619	0.0165319241	-0.0439316875	0.0419681492	-0.0691589751	-0.0317017155	0.023130748	-0.1261674405	0.017136902	-0.0411082154	-0.0869569132	-0.0103638844	0.1051604469	0.0391120056	-0.0579505203	0.0177113724	-0.0112939189	-0.0915839094	-0.1032345257	-0.0227874948	0.0863225297	-0.0323239106	-0.0400978075	-0.0843376146	-0.1218730504	0.1629522529	-0.131943424	0.1204439737	-0.0460080301	0.0236813393	-0.0339051991	-0.1368970408	0.0521728875	-0.0868035754	0.0474245614	0.1228696503	0.0017715508	-0.1222951539	0.1812765971	-0.0187373203	0.0394268901	0.0215679443	-0.0282856419	-0.0572665299	-0.1284217907	0.0346561676	-0.0534064626	0.0136658887	-0.0502650585	-0.0673212159	0.0734218667	-0.1889605916	-0.0431298477	0.0908095975	-0.0342804019	-0.1261784236	-0.005544083	0.0504198091	-0.1166146578	-0.041486901	-0.0220578112	0.1579728605	-0.0572880298	-0.0446967168	0.0146935249	-0.0420552281	0.0404204777	0.0658411035	-0.0087479008	-0.0776450055	-0.0960216957	-0.0519210142	-0.0187184325072138	0.0044838707527361	2.01050969272422e-05	0.0003503797155271	0.017717061105273	-0.0514440257804409	0.0026464877884986	0.0003138942542079	0.0221834862790899	-0.0319184229451253	0.0010187857233039	0.0004921070634945	0.0031800031781825	0.0026122129849492	1.01124202132508e-05	6.82365667873773e-06	-0.00043890218574	0.000327018137011	1.926351286473495e-07	1.0694086193414517e-07	0.0022637101505835	0.0002029945887112	4.120680304602933e-08	5.124383645854773e-06	0.0	0.0	0.0	0.0	0.0	0.0	0.0	0.0	0.0	0.0	0.0	1.0	0.0	0.0	0.0	0.0	0.0	0.0	0.0	0.0	0.0	0.0	0.0	0.0	0.0	0.0	0.0	0.0	0.0	0.0	0.0	0.0	0.0	0.0	0.0	0.0	0.0	0.0	0.0	0.0	0.0	0.0	0.0	0.0	0.0	0.0	0.0	0.0
564.1599185789553	-0.3574598254286911	0.1277775267955103	318276.4137310135	780.103433203027	5.110810276016196	26.12038167743274	608561.3664951496	550.526646850306	-0.3828470422587315	0.146571857766259	303079.5888922415	589.725089034063	541.859817259101	1.286183	24.209639	0.1383710221596156	0.0759054008299671	-0.0224357535	-0.0723288462	-0.034617128	0.0351167739	-0.0374299905	-0.0099068605	0.0085535348	-0.0429821142	-0.0458854216	0.0483039071	0.0755124853	-0.0273125482	-0.0378037671	0.0159276379	-0.0605755028	0.0695234653	0.0258013495	-0.0410477417	-0.018497306	-0.0555622011	0.0716391093	-0.0319275962	-0.0242765106	-0.0985992725	0.0060192786	-0.049426802	0.003918987	0.0553828448	0.0280196183	0.0736991262	0.0547122957	-0.1320405461	0.0045687868	0.0772787216	-0.0077811639	-0.0468753692	0.0381612021	0.0136748871	0.0416495382	-0.0544754453	-0.0424520906	0.1354241108	0.0645877082	-0.0630853368	0.0772367823	0.0540570821	0.0208086878	-0.0360996901	0.0457092304	-0.0061286611	-0.0319472659	-0.1305866688	-0.0445027086	0.0084920492	0.0044497925	0.0091149421	0.019268302	-0.0151585185	0.0922258283	-0.0952322085	-0.0414148392	0.1015267189	-0.1155114769	-0.072292194	0.0069110048	-0.0227695614	-0.0532432885	-0.0288927261	0.0610167305	0.0276515491	0.060328121	0.0292245507	-0.0627469831	0.0041470806	0.0200903586	-0.0437389509	0.0562536243	0.0414387693	0.0433418693	0.0976283893	-0.0804743456	-0.0054797624	0.0503305276	-0.0422388946	-0.0705392465	-0.0008196967	0.0565974035	-0.1341873386	-0.070582154	0.1414498937	-0.0174932537	0.0207317607	0.1239223182	0.1010395541	-0.1127419433	-0.0466898818	0.0020488563	0.0751366153	0.0050284594	0.0012238128	0.0612530279	0.1179868069	0.0299501759	0.0166224112	-0.0482986938	-0.0658162363	-0.0332552921	-0.0122144457	-0.0008920596	-0.0848305512	0.0593739985	-0.0174999077	0.0509591786	-0.0567705519	-0.0086766108	-0.2118451701	-0.0512610172	0.1960439785	-0.0759305583	-0.046229711	-0.031037403	-0.0309235768	0.0042291266	-0.1059973181	0.0709401812	0.0413936514	0.0098065248	0.0452981868	-0.0193762969	0.0947809166	0.0157541632	0.0647561645	-0.0116516832	-0.0802191885	-0.0948077199	-0.0456007488	-0.0124672907737561	0.0062511417334576	3.907677297177653e-05	0.0001554333392373	0.0127471416151649	-0.0049699194901081	2.470009973815637e-05	0.000162489619357	0.0007776805726251	-0.0214058057064648	0.0004582085179429	6.047870730385034e-07	0.0019309268568226	-0.0012490763213598	3.728478526398805e-06	1.5601916565819795e-06	-0.0005560376713935	-0.0001171354856535	3.09177892008706e-07	1.3720721999281312e-08	0.0015150388530052	-0.0007486712975783	5.605087118175756e-07	2.295342726115312e-06	0.0	0.0	0.0	0.0	0.0	0.0	0.0	0.0	0.0	0.0	0.0	0.0	0.0	0.0	0.0	0.0	0.0	0.0	0.0	0.0	0.0	0.0	0.0	0.0	0.0	0.0	0.0	0.0	0.0	0.0	0.0	0.0	0.0	0.0	0.0	0.0	0.0	0.0	0.0	0.0	0.0	0.0	0.0	0.0	0.0	0.0	0.0	0.0
565.2569414170719	1.0970228381165723	1.2034591073493397	319515.409820183	776.7415485918283	-3.3618846111986613	11.302268139014377	603327.4333088315	550.0207817707586	-0.5058650795473341	0.2558994787054306	302522.8603797165	588.9436474682756	540.6218855525739	1.085153	20.425688	0.1328205522027065	0.0717272573251446	-0.0033926995	-0.0164710901	0.0414161	-0.0428205871	-0.0354403457	-0.0530276756	-0.0121404386	-0.0151123124	-0.0254575803	0.0235080611	-0.0952400838	-0.0615249151	-0.0487255216	0.0732980903	0.0296584321	-0.018125665	0.0806198371	0.0724126027	0.0178712236	-0.0211020986	-0.062038645	-0.1021292722	0.0560380142	-0.025031055	0.0634519505	0.1344538818	-0.0875893359	-0.0018795797	0.0243339981	-0.0822004733	0.1090228205	-0.0304650341	0.015161935	-0.0235161312	-0.1081443683	0.0746311165	0.0407957882	0.0027779842	0.0857045874	0.0658858913	-0.0298059627	0.0035856101	-0.0661691697	-0.0035785427	0.1147883676	-0.0075759922	0.198713901	-0.116949228	-0.0929749419	-0.0442701526	0.0455260537	0.0021474078	0.022387439	-0.0440068142	-0.0725893916	0.0916528879	0.0198866121	-0.027650332	0.0305349596	0.0587531268	-0.0527016507	-0.0164827642	-0.0055185605	-0.0239150158	0.0022268511	0.0581999179	-0.0379813962	0.0556365963	0.0010735801	-0.0929417135	-0.0430468996	0.0725456828	0.0068991946	-0.0498625758	-0.0009608595	0.0303218241	-0.0269723199	0.0060839219	0.0698649879	0.0171337289	-0.0556393	-0.093380278	0.0303974991	-0.0055013315	0.0704071127	0.0135174204	0.2020063751	0.0681684947	0.1109472966	-0.0467154656	-0.0815614331	0.0520815925	0.0515034273	0.0056915029	-0.0714777707	0.1046528214	-0.0065788434	0.1669818451	-0.0236292807	0.0059912667	-0.068286105	0.0895245263	0.0617176693	0.0573617544	-0.117423864	-0.012902165	-0.0384505515	0.0160421321	0.0001365381	-0.0445991023	0.1088189042	0.0375650053	0.0682402106	0.0077684782	-0.0296325993	-0.1143032973	0.0880790404	0.1906143953	-0.0635113089	0.0218798377	-0.0100651909	-0.0218118097	0.0128350765	-0.0223367424	0.0859887243	0.0906261963	0.0248649979	-0.038537253	0.0254835618	-0.0001006007	0.0312610493	0.0636567332	-0.0145450358	-0.0826318208	-0.0932543571	-0.0390254656	-0.0188557978198105	-0.0063885070460544	4.081302227748674e-05	0.0003555411114215	0.0023046295968924	-0.0104425120182724	0.0001090460572517	5.311317578872426e-06	-0.0625599158672045	-0.0633375964398296	0.0040116511227747	0.0039137430733117	0.0017210533672458	-0.0002098734895768	2.962024692908106e-06	4.4046881627143216e-08	-0.0013061182114606	-0.0007500805400671	1.7059447823090369e-06	5.626208165873525e-07	0.0016081235573323	9.308470432710012e-05	8.664762179663653e-09	2.586061375647091e-06	0.0	0.0	0.0	0.0	0.0	0.0	0.0	0.0	0.0	0.0	0.0	0.0	0.0	0.0	0.0	0.0	0.0	0.0	0.0	0.0	0.0	0.0	0.0	0.0	0.0	0.0	0.0	0.0	0.0	0.0	0.0	0.0	0.0	0.0	0.0	0.0	0.0	0.0	0.0	0.0	0.0	0.0	0.0	0.0	0.0	0.0	0.0	0.0
566.1573280440048	0.9003866269329137	0.81069607795963	320534.1200979268	781.5987015996113	4.85715300778304	23.591935341015837	610896.5303421983	550.3376867661782	0.316904995419577	0.1004287761218821	302871.56947514805	588.143403243479	538.9539965232467	1.125852	21.191763	0.0720991499582463	0.0459947274111445	-0.0384289554	-0.0201965398	-0.0750621658	-0.0004090904	-0.0986431997	0.0465731727	0.0310062741	0.0343446209	-0.0748238785	-0.0337679189	0.0297898467	0.0954495177	-0.0151550714	0.0574899859	0.0725562409	0.0549151935	-0.0195069121	0.0195228935	0.0429206735	0.017576159	-0.0400318511	0.0122880459	0.0097787804	-0.0485121124	0.0937148262	-0.0484315323	-0.0052588089	-0.0638860337	-0.0554599221	0.0638251607	0.0679466334	0.0554388327	0.031601079	0.1217056017	0.0808902252	0.0390351099	0.0686750188	0.0268423713	0.0038098793	0.0660437018	-0.0791317606	-0.0226281538	0.0118714689	-0.0859959404	0.007490532	0.060700353	-0.0467595817	0.0304998183	-0.0570994	0.0009823866	-0.0089098241	-0.0240204497	0.064350367	-0.0198659121	-0.0215716553	0.0384200399	-0.0059266872	0.05095528	0.0147032272	0.0958420259	-0.0666094013	0.0346534515	0.0182738087	0.043110929	-0.0915844057	0.00414808	-0.0671245242	0.0196584261	0.0205264342	0.0105349939	-0.032114576	0.0355008914	-0.0382238381	0.0602883613	-0.0594109402	0.0105017538	-0.0247389316	0.0581234346	-0.1057933486	-0.0447272843	0.0175240939	-0.1227797192	0.0596252305	0.0248994911	0.0152826702	-0.0213747087	-0.0604830606	-0.155678492	0.0230268068	-0.0229079441	-0.0299105984	-0.1013612241	0.0761472359	-0.0318840306	-0.0541830137	-0.03378571	-0.1203999042	0.0724156392	0.0141097522	-0.0187265355	-0.022219722	0.0266849428	0.0323878566	0.0185025726	0.0478699121	-0.0429877257	-0.1056102211	-0.0051240533	-0.0505467792	0.0198712517	0.0675846238	0.0562975099	0.0119526467	0.0084611046	0.1431116903	-0.1042416799	-0.0006050326	0.0621938955	-0.0749221155	0.0318811348	-0.0545244116	-0.0072917509	-0.022243928	-0.058122806	0.039265361	0.0715354723	0.039239215	0.0265998044	0.0692914634	-0.0414086808	0.0552043656	0.0625430558	-0.0174253687	-0.0848780435	-0.0913671679	-0.0322319361	-0.0189628583752039	-0.0001070605553933	1.1461962521142635e-08	0.000359589997758	0.0054457169581638	0.0031410873612714	9.866429811138923e-06	2.9655833188432788e-05	-0.027345209001993	0.0352147068652115	0.0012400755796027	0.0007477604553626	0.0012578853684475	-0.0004631679987982	1.5822756001543028e-06	2.1452459511082202e-07	-0.0010969891670475	0.0002091290444131	1.203385232619568e-06	4.37349572171364e-08	0.0016076946970163	-4.288603160000973e-07	1.839211706397033e-13	2.584682238814333e-06	0.0	0.0	0.0	0.0	0.0	0.0	0.0	0.0	0.0	0.0	0.0	0.0	0.0	0.0	0.0	0.0	0.0	0.0	0.0	0.0	0.0	0.0	0.0	0.0	0.0	0.0	0.0	0.0	0.0	0.0	0.0	0.0	0.0	0.0	0.0	0.0	0.0	0.0	0.0	0.0	0.0	0.0	0.0	0.0	0.0	0.0	0.0	0.0
565.9074404603344	-0.2498875836703291	0.0624438044725957	320251.23116836697	777.4736435671887	-4.125058032422658	17.016103770854688	604465.26644164	551.3753352733927	1.0376485072144987	1.0767144245244775	304014.7603478462	589.3923530524658	534.9425268752126	1.392223	26.205616	0.2080406614596335	0.12574885325163	-0.0368184217	-0.056031351	0.0612651198	0.0539926655	-0.0795539624	-0.0799400257	0.0017680418	0.0027102719	-0.0419194542	0.0349800896	-0.0300500761	-0.1218311767	0.0363013991	0.006989452	-0.0052582431	0.0364040249	0.0389221139	0.028435391	-0.0240302259	0.1485151356	-0.0475804286	-0.0150733171	-0.1229449519	0.1410401059	-0.0454266598	-0.0571259123	-0.1045486907	-0.006275414	0.046585631	-0.0883661545	0.0823252894	-0.1225366576	0.0145260257	0.0039664224	-0.0351715964	-0.0734107832	0.0775256046	0.1137246843	0.0988678442	0.0071284155	-0.1264539233	-0.0447492759	0.0460654527	-0.0302636618	-0.0404397837	-0.0408986938	0.0562669047	-0.1546753214	-0.0449270518	-0.0325383964	-0.0874499091	0.0078073174	0.0353372094	0.193046358	-0.1394331943	-0.0874852664	0.1361265393	0.0630640352	-0.090115328	-0.0329494099	0.0112969608	0.0050087288	0.0451946194	0.026758061	-4.45386e-05	0.0015321008	0.008062208	0.0578845837	-0.0450031299	-0.0221341074	0.0582810052	-0.0129013919	0.0892148221	-0.0302891971	-0.0716595611	-0.0513856573	-0.0729700484	-0.0272869364	0.031210376	-0.0164209712	0.0460107693	-0.0198087669	0.1001216178	-0.197834443	0.1123176553	0.1681990447	0.0198518796	0.1063229621	-0.0728350968	0.1689510494	-0.0910589217	0.0816455518	0.063616117	0.046508602	-0.1284030266	0.0590561863	0.0738401435	0.0877019142	0.1039658587	-0.1199228611	-0.0183941011	0.0203892449	-0.0542497001	-0.0656594438	-0.0084794861	-0.077124828	0.149260197	-0.0365839798	-0.1181218855	0.0795525334	-0.0719679941	-0.0120756909	-0.0564185006	-0.029128397	-0.0980525383	-0.1325243867	-0.0524043613	0.0061383552	-0.0700775975	-0.0788399048	0.0592217982	-0.094073626	0.0398718573	0.0114599949	-0.0142873666	-0.0392551761	0.0283399408	0.0086158103	-0.0944949832	-0.1182383499	-0.0741840722	0.0614153816	-0.0202901034	-0.0869533332	-0.0891529079	-0.0252581525	-0.0179465964042577	0.0010162619709461	1.032788393591454e-06	0.0003220803224973	0.0016320895624772	-0.0038136273956866	1.4543753913131356e-05	2.663716339947018e-06	-0.0105264175819073	0.0168187914200857	0.0002828717448323	0.0001108054671086	0.003122212936193	0.0018643275677455	9.748213618930911e-06	3.4757172798558515e-06	-0.0013790284295311	-0.0002820392624835	1.901719409455012e-06	7.954614558229298e-08	0.0031891674802455	0.0015814727832292	2.501056164094713e-06	1.0170789217055433e-05	0.0	0.0	0.0	0.0	0.0	0.0	0.0	0.0	0.0	0.0	0.0	0.0	0.0	0.0	0.0	0.0	0.0	0.0	0.0	0.0	0.0	0.0	0.0	0.0	0.0	0.0	0.0	0.0	0.0	0.0	0.0	0.0	0.0	0.0	0.0	0.0	0.0	0.0	0.0	0.0	0.0	0.0	0.0	0.0	0.0	0.0	0.0	0.0
566.719580854262	0.8121403939275069	0.6595720194487261	321171.0833236304	780.9653368111117	3.491693243923009	12.191921709657588	609906.8573004932	552.3812905407826	1.005955267389936	1.011945999989558	305125.0901395005	588.606042314284	558.0918138928561	1.68223	31.66437	0.5582623016717467	0.2999432886222967	0.0173737427	0.1031358272	-0.073190977	0.1289393956	0.0754547062	-0.0997716078	0.0414036816	0.0721566839	0.0001806762	0.0236049675	0.0123947844	0.0928537796	0.0207085954	-0.2063251775	0.0385600522	0.0183654566	-0.0276985972	0.1029767697	-0.0470815941	-0.1801603356	0.033332923	-0.0618914231	-0.0316240491	0.0120231308	0.0396396045	-0.0190137188	-0.0575557684	-0.0502736306	-0.0990098395	0.055528082	0.1684068451	-0.0733290216	0.0153643943	-0.0433237618	0.0061030201	0.0406496056	-0.0328015315	0.0700526491	0.030830339	-0.0602175269	-0.0533011536	-0.077985103	-0.0254702652	0.0109381411	0.0225926918	-0.0886988596	-0.018332969	0.0451060397	-0.0464800525	0.0614058955	-0.0989639602	0.0316905766	-0.1141431355	0.004796005	0.0758402784	-0.0273426597	0.0315546328	-0.0144214417	0.0510819148	-0.0944433563	0.0052583692	0.0162536421	-0.0087490238	0.1125101468	-0.0931781709	0.0482890586	0.0924359321	-0.187493879	-0.0071715698	0.0715719057	0.0340886466	-0.0805287188	-0.0809937113	0.1375245061	-0.0612377218	0.064999793	-0.0028170945	-0.0038640617	0.1145960794	0.0422279492	-0.0021638101	-0.0442687041	0.1102200907	-0.0323078998	0.0781693859	0.0520691171	-0.0022530269	0.0434519965	0.0938536716	-0.0243503076	0.0306024809	0.0014714255	0.0553552533	0.1165303557	0.089367171	0.0272039606	0.0530217219	0.0098389591	0.1191560634	0.0042189117	-0.0415469138	0.1076294396	-0.0871654352	-0.0746127215	-0.0009677262	0.0808081362	0.005752272	0.0123651171	0.1393878286	-0.1623088996	-0.0895113578	-0.0087757234	0.0335649589	0.0053787669	-0.0054380307	-0.0768884671	-0.0657611867	0.083875882	-0.0521027514	-0.00968234	-0.1212196889	-0.0147754147	-0.0157757215	-0.0100399359	0.0501028821	-0.047154751	0.1053715372	0.015475633	0.0265105593	0.1133823519	0.1905720856	0.0602739627	-0.0231366758	-0.0888535104	-0.0866195036	-0.0181431151	0.030113673668481	0.0480602700727387	0.0023097895594645	0.0009068333418117	0.176923810142199	0.1752917205797217	0.0307271873037992	0.0313020345952328	0.0526379583087788	0.0631643758906861	0.0039897383816598	0.0027707546549167	-0.001477096652384	-0.004599309588577	2.181814520484019e-06	2.115364869157633e-05	-0.0015243487675258	-0.0001453203379947	2.3236391650574256e-06	2.1118000634893894e-08	0.0024988787042452	-0.0006902887760003	4.764985942719928e-07	6.244394778530169e-06	0.0	0.0	0.0	0.0	0.0	0.0	0.0	0.0	0.0	0.0	0.0	0.0	1.0	0.0	0.0	0.0	0.0	0.0	0.0	0.0	0.0	0.0	0.0	0.0	0.0	0.0	0.0	0.0	0.0	0.0	0.0	0.0	0.0	0.0	0.0	0.0	0.0	0.0	0.0	0.0	0.0	0.0	0.0	0.0	0.0	0.0	0.0	0.0
566.3629476761829	-0.3566331780790506	0.1271872237067638	320766.9885004547	782.327653509546	1.3623166984343698	1.8559067868331216	612036.5574457523	551.0651465949662	-1.3161439458164068	1.7322348861091807	303672.7957917316	591.6062569948706	546.7365559079269	1.80187	33.916348	0.5456835210522498	0.2914611341289898	0.0111051907	0.0458505171	0.1291349345	-0.0338431923	-0.1081717068	-0.0693598416	0.0175497553	-0.081825295	0.0499017959	0.1468479142	-0.110692115	-0.0292374612	-0.0172380212	-0.0408201243	-0.0964607624	0.013509051	0.1664621268	0.1096660023	0.134372537	0.0045333548	0.0813164066	0.0871114097	0.0638529146	-0.0374257757	0.0387617634	-0.0488527475	-0.0826479361	0.0244956772	-0.048529919	-0.0487296258	0.0551251348	-0.0879921154	0.1028046923	0.0147568122	-0.0316666694	-0.0555258293	-0.0528373033	-0.1154441296	-0.0326701111	0.0209771507	-0.0024978665	0.0354189955	0.0470045301	0.0584486013	0.0856896976	0.0541924462	0.0232349357	-0.0322902325	0.0813066033	-0.186947079	0.1975303256	-0.0395463074	0.026005406	0.085889232	-0.0358424345	-0.0935358177	-0.0372320218	-0.0410399512	0.1147774716	-0.0022604838	0.0157934387	0.0581198574	0.0192452236	-0.0894680528	0.1336745204	0.0218952054	0.0711084149	-0.0271081651	-0.0654635964	-0.1528936126	-0.0116145985	0.1011977846	0.0158103536	0.009287374	0.0772787368	0.1360523737	-0.0199873063	0.0160658006	-0.0162961866	0.0899039679	-0.1368951512	-0.0342528042	0.0702540376	-0.0199703283	-0.0141174995	0.0292131821	0.1119618593	-0.0784585721	-0.0567415906	0.0312834858	0.026570744	0.0177769512	0.024849223	0.0781211117	0.0389813874	0.1410859398	0.062922185	0.0356042245	-0.046543993	0.1135487213	0.0725588944	-0.0469520311	-0.0229512139	-0.0263392278	0.0094447967	-0.0538412132	0.0602754138	0.0374777324	0.018566943	0.0151379614	0.104139287	0.0926423123	0.0129921795	0.0892150178	0.0026172351	-0.0195196694	0.1060258492	0.1327187924	0.0043834376	-0.0300160099	0.0365689475	0.0001109113	0.0829690272	0.0893348879	0.1136274066	0.0116191657	0.0138437445	-0.0816589299	-0.0530864645	-0.0426334563	0.0232135558	0.0591190548	-0.0259625377	-0.0905747485	-0.083776024	-0.010926614	-0.0002063032829084	-0.0303199769513894	0.0009193010023327	4.256104453878333e-08	-0.0656174785817569	-0.2425412887239559	0.0588262767358773	0.0043056534954273	-0.0787516648099639	-0.1313896231187427	0.0172632330632852	0.0062018247103409	9.04760160503628e-06	0.001486144253989	8.185909480345508e-11	2.208624743664629e-06	-0.0022159915786423	-0.0006916428111164	4.910618676613593e-06	4.783697781691343e-07	0.0018480131241875	-0.0006508655800576	4.236260033038461e-07	3.4151525071692445e-06	0.0	0.0	0.0	0.0	0.0	0.0	0.0	0.0	0.0	0.0	0.0	0.0	0.0	1.0	0.0	0.0	0.0	0.0	0.0	0.0	0.0	0.0	0.0	0.0	0.0	0.0	0.0	0.0	0.0	0.0	0.0	0.0	0.0	0.0	0.0	0.0	0.0	0.0	0.0	0.0	0.0	0.0	0.0	0.0	0.0	0.0	0.0	0.0
564.6721416503744	-1.690806025808456	2.858825016910185	318854.6275560205	771.3733194190336	-10.954334090512477	119.99743536656378	595016.7979115384	550.9448585860226	-0.1202880089435893	0.014469205095613	303540.23720237246	588.7337910761422	554.1962839823308	1.760184	33.131691	0.2086019686877234	0.1280427967622204	0.0677637272	0.0497587408	-0.1291245799	0.0124273881	0.0185914491	0.0254121058	-0.0666828617	0.0300792355	0.0648286738	-0.0111431784	-0.0043196772	-0.0334279785	-0.0563542239	-0.0724184768	0.0333440514	0.0519820452	0.045226485	0.1151008268	0.1353606149	-0.0537536417	-0.0002661833	0.0234050512	0.0221567217	0.0143362551	0.1270491546	-0.0202913349	0.0466525234	-0.0091605335	-0.0100188422	-0.0057149786	-0.1196586004	0.0056780149	-0.0534262394	-0.1168110879	0.0502751921	0.0900828591	-0.0660336509	0.0514283794	-0.012668799	0.1250275113	0.0064026078	0.055785155	0.0352167409	-0.0840024417	0.1022755252	-0.0318948181	-0.0389694435	0.0671256303	-0.0164561005	-0.0487131856	-0.0954743727	-0.0943996795	-0.0457501685	0.0721406846	-0.0516902269	0.0583294703	-0.2188796605	-0.0531460753	0.0075002509	0.1597282722	0.0385876658	0.0333067654	-0.0578113374	0.0132983598	0.0019414705	0.0859659152	-0.0026955016	-0.1187829481	0.035422088	-0.0296166596	-0.0999529086	-0.0093446704	-0.0529087131	0.1222118787	-0.078582718	0.1151194926	-0.0094834567	-0.0023324871	-0.0824452849	0.012876615	-0.0959451275	-0.0659827758	0.0470084629	0.1331081339	0.0185319876	-0.0780562218	-0.0249457029	-0.0176577618	-0.0090840474	-0.0526856527	-0.0266134899	0.0581672329	0.0784166885	-0.0769394909	-0.0339545777	-0.0328712921	0.1476842226	0.0266672639	0.0852874786	-0.0573812114	-0.064769419	0.1021591984	0.0983740257	0.0007468181	-0.0072736141	0.0195402564	-0.0040276415	0.0359587119	0.0717583945	-0.066043938	0.085403125	0.0682360121	0.0097422276	0.0192474488	0.102334298	-0.0063306394	0.0517505735	0.0359201528	-7.90468e-05	-0.0208041541	-0.0769439618	-0.0071184519	-0.1011950023	0.0444523312	0.0386279038	0.0461362291	0.1274278772	-0.0390407783	0.0725685143	-0.0381631841	0.0899654058	0.0579509162	-0.0287651596	-0.0921135811	-0.080632648	-0.0036490069	-0.0002943881079744	-8.808482506600002e-05	7.758936406907826e-09	8.6664358116747e-08	0.0431244112217825	0.1087418898035394	0.0118247985980451	0.0018597148432254	-0.0165166000785532	0.0622350647314107	0.0038732032821228	0.0002727980781548	-2.977011079081048e-05	-3.881771239584676e-05	8.862594964971306e-10	1.506814795646675e-09	-0.0016960327155643	0.000519958863078	2.876526972264413e-06	2.703572192933664e-07	0.0020399751352678	0.0001919620110802	3.684941369799315e-08	4.161498552510878e-06	0.0	0.0	0.0	0.0	0.0	0.0	0.0	0.0	0.0	0.0	0.0	0.0	0.0	0.0	1.0	0.0	0.0	0.0	0.0	0.0	0.0	0.0	0.0	0.0	0.0	0.0	0.0	0.0	0.0	0.0	0.0	0.0	0.0	0.0	0.0	0.0	0.0	0.0	0.0	0.0	0.0	0.0	0.0	0.0	0.0	0.0	0.0	0.0
563.2533127188173	-1.4188289315571865	2.0130755370237075	317254.2942887217	774.4510733056738	3.0777538866402665	9.472568986729266	599774.4649443103	550.4484819884694	-0.4963765975531942	0.2463897265984857	302993.53132341034	590.4230042583029	537.287888661995	1.481173	27.879902	0.1242028486544952	0.0582802018495515	0.0537274051	-0.0710018008	0.0798389514	0.0324626175	0.0143065228	-0.0286047488	-0.0505217753	-0.0834594678	0.088111298	0.0882988262	0.0498146097	-0.0465133245	-0.0606580129	-0.0485098289	-0.0318903855	0.0563413669	0.0487255678	-0.0103407112	0.0569893753	0.0282460005	0.0384701548	-0.0162928642	-0.1185706997	-0.0649574604	0.0255157662	-0.0708298428	-0.0657930455	-0.0876332467	0.063312516	0.1175584311	-0.0369980225	0.011344226	0.0583443351	0.0177876101	-0.0236640332	-0.0182910403	-0.0442472739	0.1519623755	-0.066965279	0.0653741977	-0.0141264348	0.1182966399	-0.0410943503	-0.0761861711	0.0053204214	-0.0026596103	-0.1549516248	0.0335102565	0.0122645292	0.0313839657	0.0693097174	0.0932581356	-0.0545910332	0.0011818611	-0.0416150494	-0.0440107134	0.0413544989	0.0410848422	0.144998485	0.0246518774	0.0623347143	0.0312771005	0.095779195	-0.0952418741	0.0983109197	0.0410549626	0.045842483	-0.0651237651	0.086145825	-0.0286700784	0.0415438788	0.0314526651	0.0912279677	0.0017038278	-0.0287625982	-0.0065669805	0.0092570679	0.0397971369	-0.0661992783	0.0924984354	0.0375930165	-0.0131692989	0.0134389953	0.04269945	0.0114976046	-0.0982764334	-0.0720100103	-0.094954874	-0.0579901267	0.0208279506	-0.0724351992	-0.0360682015	-0.1105528011	0.0550903801	0.006256112	0.0409302004	0.0518867192	-0.0523521029	0.0306553553	-0.1127784948	0.0845184508	0.0195064894	0.0074409978	-0.070824882	-0.0504202243	-0.0415877914	0.086730777	0.0346046098	0.0252934445	-0.0525822065	0.0353505705	0.0594249749	-0.007358305	-0.0062408066	-0.0852773622	-0.0597015446	0.0702250393	0.0002723572	0.0370240798	-0.0713543686	0.0096383548	-0.0395992115	0.0625919799	-0.0080950316	0.1590453939	-0.0161723657	0.0081692915	-0.0207410993	-0.0907752527	0.0976292996	-0.0028495701	0.0567698085	-0.0315420328	-0.0934669092	-0.077200628	0.0036490069	1.905758010423142e-05	0.0003134456880786	9.82481993750867e-08	3.6319135942919727e-10	0.0052686803887667	-0.0378557308330158	0.0014330563569017	2.7758993038974822e-05	-0.0093502678677879	0.0071663322107653	5.13563173550523e-05	8.742750919938687e-05	0.0006726513814506	0.0007024214922414	4.524598809674006e-07	4.933959527626499e-07	-0.0021846914281411	-0.0004886587125768	4.7728766361932e-06	2.387873373772158e-07	0.0024262417289023	0.0003862665936345	1.492018813580001e-07	5.886648927066822e-06	0.0	0.0	0.0	0.0	0.0	0.0	0.0	0.0	0.0	0.0	0.0	0.0	0.0	0.0	0.0	0.0	0.0	0.0	0.0	0.0	0.0	0.0	0.0	0.0	0.0	0.0	0.0	0.0	0.0	0.0	0.0	0.0	0.0	0.0	0.0	0.0	0.0	0.0	0.0	0.0	0.0	0.0	0.0	0.0	0.0	0.0	0.0	0.0
563.8258478214095	0.5725351025922691	0.3277964437003401	317899.58667153126	770.8213782865838	-3.629695019090036	13.174685931607018	594165.5972236288	550.3062980371877	-0.1421839512817087	0.0202162760020793	302837.0216593941	588.6939303601816	550.9195468931025	1.348497	25.382566	0.2634950546216162	0.1400946022497549	0.0333595523	0.0688519275	-0.0469612275	-0.0454874168	0.1568559718	-0.0507658128	-0.0662997027	0.0239837877	0.0461499466	-0.0642073766	-0.0815685823	-0.0172710529	-0.0789556513	-0.0010009422	0.073875652	0.0146940095	0.0431031391	-0.0172433788	0.0727175023	-0.0912507039	-0.0973467516	0.2073584029	-0.0774173133	0.0126215179	-0.0513945712	-0.0937681265	0.1075136719	0.0268184612	0.106763257	0.0954625939	0.0679452044	-0.0694877483	-0.0379594327	-0.1370645022	0.0904368641	-0.0836405355	-0.0952096111	0.0428143585	-0.0847550329	-0.0025558054	0.0160443096	-0.0172210966	0.0554209817	0.0074941937	0.0344250174	-0.0637992708	-0.0523030299	-0.1329452285	-0.0150652642	-0.0362882552	0.0400886005	-0.0218999614	0.0599530157	-0.0335550328	-0.0582292145	0.0892603169	0.016374794	-6.77935e-05	-0.0042677021	-0.0134107971	0.0715263123	-0.1329513286	0.0403879074	-0.0244743489	-0.0429951042	0.0669764736	-0.0341966673	-0.0816246777	0.0219722065	-0.0466543036	-0.1053426979	-0.0029122574	-0.0484421118	-0.0154522689	0.0196812727	0.06256357	-0.0564264746	0.0618660688	-0.0705449191	-0.0278281229	0.0026956047	0.1667090466	0.1069193999	-0.0408615726	-0.0356466082	-0.1280423491	-0.1085727658	0.1233854702	-0.0714442475	-0.0049761521	-0.0061499509	0.0084301524	-0.0640288052	-0.0071456794	-0.0197671064	-0.0252423904	0.0318125219	0.1080420788	0.1033086528	-0.0509044996	0.0781645059	-0.1085702816	0.0614514392	-0.0016464148	0.0347956164	-0.010055326	0.0665439862	0.0277729915	0.1035497711	-0.1030918632	-0.0219805503	0.0208256304	0.0484994312	-0.0011509211	-0.0498856017	0.0442549439	0.0446619984	0.0216247418	0.0417774204	-0.0390941951	-0.0308102326	0.0004401525	-0.0001673147	-0.0018152617	-0.0553478415	0.0197337212	0.0762606886	-0.0555915637	0.139917663	0.0525181879	0.0563390375	0.0555759958	-0.0342906716	-0.0946320074	-0.0734922499	0.010926614	0.0009231249198364	0.0009040673397321	8.173377547704002e-07	8.521596176229598e-07	0.0999263268279833	0.0946576464392166	0.0089600700294117	0.0099852707933329	0.0165436219452246	0.0258938898130125	0.0006704935296484	0.0002736914270665	-0.0010300100926783	-0.0017026614741289	1.06092079101916e-06	2.899056095482799e-06	-0.0023452600665969	-0.0001605686384557	5.500244779974096e-06	2.5782287655549345e-08	0.0034038006369107	0.0009775589080084	9.556214186265757e-07	1.1585858775833687e-05	0.0	0.0	0.0	0.0	0.0	0.0	0.0	0.0	0.0	0.0	0.0	0.0	0.0	0.0	0.0	0.0	0.0	0.0	0.0	0.0	0.0	0.0	0.0	0.0	0.0	0.0	0.0	0.0	0.0	0.0	0.0	0.0	0.0	0.0	0.0	0.0	0.0	0.0	0.0	0.0	0.0	0.0	0.0	0.0	0.0	0.0	0.0	0.0
563.5455903266862	-0.280257494723287	0.0785442633485732	317583.63237665326	773.503115489301	2.6817372027171587	7.191714424437251	598307.0696716548	550.2780420145857	-0.0282560226020223	0.0007984028132859	302805.92352340615	589.0249347821658	535.8297580682431	1.139458	21.447851	0.12833620266234	0.0641552954450245	0.0443781346	-0.0372411409	0.0317447611	0.0492536723	0.0748449854	0.0133042711	-0.03893913	-0.0233772167	0.0853870506	-0.0430278057	0.0402869665	0.0059261805	-0.1150140515	-0.0129196837	0.0699576078	-0.0044466238	0.0367449409	-0.0080031666	0.0880620616	-0.0634629853	-0.0130547222	0.009708229	-0.0881212593	-0.0331773506	0.0549297757	-0.1096826326	-0.1703988028	0.0091268067	-0.0288817121	0.155206787	0.0845046233	-0.1355322239	-0.0250205172	-0.0535486387	-0.0372615281	0.1257550711	-0.06562298	0.0534786866	-0.0931720507	0.1239506833	-0.0073086892	-0.0550796229	0.0286517681	-0.0322799608	-0.0611115484	0.0843316246	0.0629452526	0.0342891913	-0.0131515689	0.0627116121	0.0210161927	0.0774573508	0.0959461633	0.0469353616	-0.0782362863	-0.0511975122	0.132460737	-0.0397510401	-0.0795779674	-0.0060849898	-0.0873740367	-0.0195896532	-0.0410395877	-0.0403348636	-0.0270035968	0.0443131135	0.0087031506	-0.0588515507	0.1482734733	0.001752885	0.0244850771	0.0175886397	0.0263936779	0.003645432	0.0333318346	0.1202102183	0.0117227035	0.0767817047	-0.0324617547	0.1268733463	0.1205134144	-0.0066385711	0.1326396568	-0.0392118078	0.0601597208	0.000576461	-0.0222730758	0.0425265863	0.0894505098	-0.0395319925	0.0326414681	0.0339448446	-0.0519220453	-0.1049800663	0.0087392238	-0.0636976437	0.009255382	0.096554604	0.1080020063	-0.1480972388	0.0748434697	-0.0721948636	-0.0663887872	0.065436986	-0.0634998967	0.0609638376	-0.03054099	0.034667193	0.0661081136	-0.1021275433	0.0383931205	0.0511389515	-0.0196823922	-0.013365998	0.0808463109	0.0056270504	-0.0285176972	-0.0325694009	0.0058170887	-0.0388385076	0.0259150949	-0.0096890801	0.0536280576	-0.0116008697	0.0749261903	0.0030723189	0.064569549	-0.0403521821	0.0462202124	0.0506137157	-0.001016341	0.0543697455	-0.0370086157	-0.0956065293	-0.0695207885	0.0181431151	0.0003269171621411	-0.0005962077576953	3.554636903360576e-07	1.0687483090239028e-07	0.0599514282824884	-0.0399748985454949	0.0015979925137226	0.0035941737531103	0.0203463417473344	0.0038027198021097	1.4460677893357985e-05	0.0004139736224993	-0.0002131885608245	0.0008168215318538	4.544936246642153e-08	6.671974148999884e-07	-0.0018558271608151	0.0004894329057818	3.444094450819035e-06	2.395445692620163e-07	0.0030308075434055	-0.0003729930935052	1.3912384780257917e-07	9.18579436516368e-06	0.0	0.0	0.0	0.0	0.0	0.0	0.0	0.0	0.0	0.0	0.0	0.0	0.0	0.0	0.0	0.0	0.0	0.0	0.0	0.0	0.0	0.0	0.0	0.0	0.0	0.0	0.0	0.0	0.0	0.0	0.0	0.0	0.0	0.0	0.0	0.0	0.0	0.0	0.0	0.0	0.0	0.0	0.0	0.0	0.0	0.0	0.0	0.0
563.9335953911735	0.3880050644872881	0.1505479300677846	318021.10001081583	773.7294832405795	0.2263677512785307	0.0512423588188987	598657.3132357342	551.2129401110728	0.9348980964871316	0.8740344508152621	303835.7053458932	589.8220483113549	540.2957698407646	1.171575	22.052393	0.1236356807647279	0.0618347347522357	0.017058587	0.0340158247	0.0066862675	-0.0787862525	0.1041926924	-0.0414166471	-0.0306079375	0.0017153288	0.0131839207	-0.0831080558	-0.0768868225	0.0294184422	-0.02994184	-0.1064098203	0.0179618381	-0.0149994835	-0.0130197321	0.0845088624	0.0610113451	-0.024061837	0.0430449569	0.0011922231	0.0732487412	0.0307378029	-0.0590847227	0.0050145583	-0.0827044767	-0.0474316923	-0.0145286522	0.0043298664	-0.0647365362	-0.1057196813	0.0310062504	0.1072563703	-0.0243193355	0.1089336611	-0.0230616668	-0.1247249484	0.0032673227	0.0029552245	-0.0206520775	0.0282989561	0.0887610541	0.014031338	-0.0023897509	-0.0408284689	-0.0295077018	-0.0361879054	-0.101407604	0.0902442579	-0.0673396383	-0.0102595058	-0.0960555673	-0.1192175256	-0.0309232219	-0.1752813723	0.0317233488	0.0601518598	-0.0867413941	-0.1117748656	-0.025044175	-0.1086794367	0.0423651321	-0.0297213293	-0.0290973144	-0.0008156667	0.0220612482	-0.0983517009	-0.0564929646	-0.0241528614	-0.0459015527	-0.0677643168	0.0984721886	-0.0202344079	0.0062559071	0.0860202275	0.0729027216	-0.0012573484	0.053225694	0.0494656873	0.0810901659	-0.0013239787	-0.0085942134	0.008415522	0.0273116051	0.0415066029	0.0668113226	-0.0686970811	-0.0439227064	-0.0856574591	0.0922699705	-0.047613828	-0.012548659	0.003845714	-0.0338486437	-0.0814438359	0.0004547976	0.0467809221	0.0045008542	-0.0205409781	-0.0294159708	-0.149361405	0.0647460568	0.0053371032	-0.0046572622	-0.0484981896	0.0763706009	0.0290998778	0.0956824077	-0.1095900617	0.0259062973	0.05236832	0.0216128722	-0.0151655306	-0.0700005255	-0.0510549635	-0.0036239235	0.0337974267	0.0470696496	-0.1409920368	-0.0054479619	-0.029805353	0.0493076538	0.0235953029	-0.1076780021	-0.0605215516	0.0386167612	-0.046289655	0.0763736077	0.0141128982	0.0459916826	0.0531513274	-0.039693432	-0.0963885124	-0.0653004608	0.0252581525	-0.0178550894332403	-0.0181820065953813	0.0003305853638344	0.000318804218669	0.038586559628456	-0.0213648686540324	0.000456457612604	0.0014889225839603	0.0246420589976636	0.0042957172503291	1.8453186694775858e-05	0.0006072310716443	-0.000383156949011	-0.0001699683881865	1.4680924757541804e-07	2.8889252982716755e-08	-0.0025139368831974	-0.0006581097223822	6.319878652700257e-06	4.331084066941078e-07	0.0022630238886746	-0.0007677836547308	5.894917404719377e-07	5.121277120711908e-06	0.0	0.0	0.0	0.0	0.0	0.0	0.0	0.0	0.0	0.0	0.0	0.0	0.0	0.0	0.0	0.0	0.0	0.0	0.0	0.0	0.0	0.0	0.0	0.0	0.0	0.0	0.0	0.0	0.0	0.0	0.0	0.0	0.0	0.0	0.0	0.0	0.0	0.0	0.0	0.0	0.0	0.0	0.0	0.0	0.0	0.0	0.0	0.0
564.7516649807037	0.8180695895301824	0.6692378533140811	318944.443098477	780.4059007636994	6.676417523119881	44.5745509430222	609033.369946801	551.4047156167686	0.191775505695773	0.0367778445848694	304047.16040440946	590.7068380871116	537.7859293294791	1.163073	21.892363	0.2001103512281337	0.1010948825515876	0.0388422597	-0.0321599927	0.0176442867	0.0902073267	0.0700950875	0.0176330157	0.0253514875	-0.0576462919	0.0245498489	-0.0102120085	0.0526467173	0.0484718645	-0.0258874788	-0.0760103543	-0.0624337382	0.0199945401	0.0115487351	0.0036610671	-0.0654419825	-0.0530187013	0.0529019875	-0.035300308	0.0138915804	0.0139896582	-0.1005279376	-0.1074009077	0.0398502341	0.1651106546	0.0107932078	-0.1141823192	-0.0347536897	-0.009602138	-0.0134628077	-0.0233842751	-0.0664012557	0.0752840014	-0.1270790342	0.082357618	0.0690791702	0.0190618849	0.0397049729	-0.0073401154	0.0316506033	0.0750275966	0.0129831504	0.0691848242	0.014612022	-0.0911264116	0.102416851	0.0554628498	-0.0130383665	0.0791916014	0.0270200824	0.0950310272	0.0693455965	-0.0380614093	0.0540867128	0.0370577304	0.0290205651	0.0151742517	0.0466659504	0.0376428742	0.2091945563	-0.0684897596	0.0253359511	-0.0509512244	0.0385273129	-0.0657117093	0.0490276446	0.0390232711	0.080454815	0.0092182777	-0.006103078	-0.0048533638	0.0256515702	-0.0061315274	-0.0546388294	-0.054618538	0.0640234254	0.0829573245	-0.0114656686	-0.0048654871	-0.0479620289	-0.1384406517	-0.0246313685	-0.1062405389	0.0445108522	0.0152068796	-0.067027969	-0.0976079391	-0.0170455466	0.0349895756	0.0365754553	-0.1500135328	0.0525005804	-0.0732752817	0.18303594	0.0051969487	0.0456904086	0.0864703746	0.0074207216	-0.0908014727	0.0338674226	-0.1112685892	-0.0033918531	-0.1030957939	-0.1094750649	0.0223615359	0.0718326572	-0.0778291173	0.0019142601	0.0020873399	0.0150014859	-0.029737731	-0.0255527424	0.0358788455	-0.0350138329	0.0228876968	-0.0246540205	-0.0800526139	-0.0203750101	-0.2064347286	0.0983766995	0.0435520118	-0.0370807828	-0.068766071	0.1034786139	0.0494110589	0.0627171982	0.1304194687	0.0012910709	0.0519210142	-0.0423427173	-0.0969763818	-0.0608463743	0.0322319361	0.0338505715266848	0.0517056609599251	0.0026734753753027	0.0011458611926832	0.0649657412090363	0.0263791815805802	0.0006958612208612	0.0042205475308394	0.0197263025706675	-0.004915756426996	2.416466124955345e-05	0.0003891270131095	9.386525287174508e-05	0.0004770222018827	8.810685696676647e-09	2.275501810890624e-07	-0.0019098424440817	0.0006040944391156	3.647498161215961e-06	3.64930091370512e-07	0.0035241022928888	0.0012610784042142	1.5903187415754333e-06	1.2419296970744095e-05	0.0	0.0	0.0	0.0	0.0	0.0	0.0	0.0	0.0	0.0	0.0	0.0	0.0	0.0	0.0	0.0	0.0	0.0	0.0	0.0	0.0	0.0	0.0	0.0	0.0	0.0	0.0	0.0	0.0	0.0	0.0	0.0	0.0	0.0	0.0	0.0	0.0	0.0	0.0	0.0	0.0	0.0	0.0	0.0	0.0	0.0	0.0	0.0
565.0782950915052	0.3266301108014886	0.1066872292821927	319313.47958352225	777.0318942701961	-3.374006493503316	11.383919818202545	603778.5647131292	551.0406261759067	-0.3640894408619033	0.1325611209471333	303645.77169633535	589.637280206532	545.2563302219867	1.520148	28.613537	0.1947674106474867	0.0940463629980237	-0.0115689037	0.0457174938	0.026757366	-0.0888347176	0.0597039746	-0.0708623547	5.43655e-05	0.0191382201	0.0363182643	-0.0424496789	-0.1315650205	0.0156228126	-0.0133504144	-0.0425210112	-0.0221210185	0.0292532305	0.1071201732	0.0123074475	0.0334630016	-0.1063185601	0.050924681	0.074597583	-0.0116101712	0.0688775738	0.080903835	-0.0028386221	-0.0243761593	-0.1660408167	-0.0768609546	0.0261461121	-0.0318942352	0.0336690799	-0.0142073665	0.0027754001	0.0188919119	-0.0246335774	0.0347020852	0.0174453508	-0.0163557675	-0.1102127661	-0.0862973687	-0.1058477585	-0.1088236444	-0.0413604588	-0.1805021751	-0.0468618056	0.0156601389	0.0182407258	0.1599384721	0.0939613059	-0.0114934283	0.0008108293	0.0420579602	-0.1080835283	0.0588104154	0.0671222374	0.0017141037	-0.0186527136	-0.1367235201	0.0346995192	-0.0278125133	-0.0483349783	-0.0235535195	-0.0119517713	0.0325719558	0.0322607947	0.0294094732	-0.0383804576	-0.0305647686	-0.0752659468	-0.0388179099	-0.0457881837	-0.0523753669	-0.0486025767	0.0523052464	0.0792730456	-0.0240636946	-0.0523907401	0.0361485056	-0.0446794968	0.0240271887	-0.0450084368	0.1229661904	-0.0274494942	0.1106887313	0.0502226189	-0.0680259558	-0.116280588	0.0377262602	-0.1268457201	-0.0215036682	-0.0318869613	-0.2230179134	0.1018157535	0.0613098503	-0.0310604944	-0.0448032572	-0.1164234149	-0.0065872461	-0.0673501693	-0.1033880206	-0.0476396699	-0.1127509164	0.0523699663	0.108186876	-0.0061457925	0.0102016004	0.0160067983	-0.0130499423	0.0211754081	-0.0574127786	0.103419588	0.0080428926	0.0669451434	0.056757153	-0.033268139	0.1231380891	-0.093172591	0.1083288124	0.0368919961	0.1273440644	0.2062972023	-0.0372351411	-0.0299900486	-0.0104017648	0.0164398451	-0.0681726296	-0.0428827529	-0.0457011689	-0.0972841829	0.0982122292	0.0506790813	-0.0449541001	-0.0973689537	-0.0561744736	0.0390254656	-0.0001995035728299	-0.0340500750995147	0.0011594076142825	3.9801675571895206e-08	0.0218395628243399	-0.0431261783846964	0.0018598672620686	0.0004769665043582	0.0267895103898609	0.0070632078191933	4.988890469711477e-05	0.0007176778669284	-0.0002772217125488	-0.0003710869654205	7.685187790848948e-08	1.377055359050288e-07	-0.0026758466817036	-0.0007660042376219	7.160155463984168e-06	5.867624920547086e-07	0.0024506345090496	-0.0010734677838392	1.1523330829406431e-06	6.005609496944774e-06	0.0	0.0	0.0	0.0	0.0	0.0	0.0	0.0	0.0	0.0	0.0	0.0	0.0	0.0	0.0	1.0	0.0	0.0	0.0	0.0	0.0	0.0	0.0	0.0	0.0	0.0	0.0	0.0	0.0	0.0	0.0	0.0	0.0	0.0	0.0	0.0	0.0	0.0	0.0	0.0	0.0	0.0	0.0	0.0	0.0	0.0	0.0	0.0
563.8741611590822	-1.2041339324230194	1.4499385272125245	317954.0696228586	778.9169279351291	1.885033664933076	3.553351917931023	606711.5806238991	551.2086924981634	0.1680663222566636	0.0282462886768807	303831.02268553484	590.2803470660133	536.6045521877318	1.399375	26.340246	0.2715875279355747	0.1493437971261718	0.0548895493	-0.0871051169	-0.0297241282	0.0374355708	0.0308207338	0.036217269	0.0053681827	-0.0412564631	0.0025833948	-0.0165684503	0.0749584343	0.0542528408	-0.0206629291	-0.042524685	-0.0297817388	-0.0108781839	0.0010959193	-0.0749598545	0.089399351	-0.0526845635	0.1027535952	-0.0361062082	0.0054299967	0.0424391761	-0.0123263704	0.0513902454	0.028495655	0.0796016093	-0.1004160277	0.0377858159	-0.1257012638	-0.0229293608	-0.0028592659	-0.0125759611	0.014820712	-0.012864929	0.0132056986	-0.1168185694	-0.0291371224	0.0239448611	-0.1156483975	-0.0014374628	-0.0127084072	-0.0164584634	0.0405449603	0.0206395251	0.1741713657	0.1402417292	0.0975883256	0.04391069	0.0997415302	0.0555806706	0.1264597835	0.0054194624	0.0119969685	0.0180223491	0.0451481965	0.1449355707	-0.0067170971	0.0770773748	-0.0243565682	0.0259559334	-0.0053785762	-0.0565385211	0.0259307347	-0.0636557401	0.0048732324	-0.0616923604	0.085582617	0.0215034012	0.0159876101	-0.0045913323	-0.0076507407	0.0419128537	0.053464629	0.0460787345	-0.0622248418	-0.0787646441	-0.0121871846	-0.023016007	-0.1433111336	-0.0885101653	-0.1065022371	0.0619412314	-0.1200541291	0.030545667	-0.0330817049	-0.0969873527	-0.0715784368	0.0677805743	0.0557580152	0.0243787616	0.0057353668	-0.1238194814	0.0688745254	-0.0551080458	-0.0597354961	0.0644388109	0.0116459288	-0.0440008317	-0.0851536481	-0.0504478649	-0.0575107195	0.0538010339	-0.1307209646	0.04405136	0.0334323466	0.0258622599	-0.0227807632	-0.0218363034	0.0113589691	0.0512081437	-0.0689366944	-0.0861375099	-0.015264776	-0.000620338	-0.0471288881	-0.0869782844	0.0592188605	0.1461887333	0.0814427685	0.0248750687	-0.0821584688	-0.1457461479	-0.01270444	0.061991899	0.1104856524	-0.0302044293	-0.0718161555	-0.0742928643	0.0943483416	0.0494258066	-0.0475252429	-0.0975654375	-0.0513014829	0.0456007488	0.0113234778719686	0.0115229814447985	0.0001327791013771	0.0001282211511169	0.0645321119072548	0.0426925490829149	0.001822653747197	0.0041643934672104	-0.0155376306999954	-0.0423271410898563	0.0017915868728406	0.0002414179677694	0.0019549409022566	0.0022321626148054	3.821793931315848e-06	4.98254993893488e-06	-0.0038029841297479	-0.0011271374480442	1.4462688291114392e-05	1.2704388267838167e-06	0.00259223157256	0.0001415970635103	2.0049728394768222e-08	6.7196645257768895e-06	0.0	0.0	0.0	0.0	0.0	0.0	0.0	0.0	0.0	0.0	0.0	0.0	0.0	0.0	0.0	0.0	0.0	0.0	0.0	0.0	0.0	0.0	0.0	0.0	0.0	0.0	0.0	0.0	0.0	0.0	0.0	0.0	0.0	0.0	0.0	0.0	0.0	0.0	0.0	0.0	0.0	0.0	0.0	0.0	0.0	0.0	0.0	0.0
564.6648394165576	0.7906782574754061	0.6251721068443445	318846.38087332674	776.7001267705098	-2.216801164619369	4.914207403457791	603263.0869253259	550.614999508639	-0.5936929895243566	0.3524713658103677	303176.8776838985	589.7200505905475	538.9080835714127	1.407712	26.497164	0.2597213097886371	0.131854927464951	-0.0009676637	0.0156778452	0.0609913997	-0.1100726197	0.0553804606	-0.0785596236	-0.006299955	-0.0049057216	-0.0159239126	-0.052303545	-0.129320403	0.0238804594	-0.063683628	-0.0337838011	0.0072911753	0.0730453296	0.0834422013	0.0353227957	-0.096811674	-0.0760706134	-0.1321051658	-0.0416473731	0.0983122069	0.0405244199	0.0027127958	-0.008531823	0.0249253696	-0.0027407597	0.0218549415	-0.1344812673	-0.0313957693	0.0164302578	0.1307234558	0.1124455484	-0.0026171685	-0.0258517078	-0.0409691362	0.0080349409	0.0072964271	-0.065843742	-0.0483499767	0.0894343408	-0.1134004466	-0.0589941584	0.0545346295	0.0444437521	0.0079538634	-0.0266506111	0.0085323365	0.0823290154	0.0887122276	0.010663849	0.0727531147	-0.0079155547	0.0483559398	0.055557726	-0.0107433091	0.0517949716	-0.0594644477	-0.0289278257	-0.0087935792	0.1112213132	0.0293889505	-0.053188258	-0.0003446566	0.0389828657	0.0044288504	-0.0208261456	-0.0541820618	-0.1045161911	-0.0377331226	-0.0334651505	-0.0005140765	-0.0045226925	-0.0051962775	-0.1113961978	-0.001775147	-0.0328659458	0.0840263772	0.020843386	-0.0229618361	-0.0305487019	-0.0902688473	-0.1798994903	0.0331159073	-0.0136109817	0.0454293175	-0.1286701098	0.0212019368	-0.0667564598	-0.0173308396	-0.0648785595	-0.0560901848	-0.0644826781	0.0440571892	-0.0086803086	-0.0672581188	0.0058455806	-0.0353413893	0.1018888108	0.0491234356	0.1114192332	0.0882988704	-0.0650464167	-0.050233957	-0.0789259613	0.0388621231	0.0208470588	-0.0420468579	0.0447945859	-0.0623005453	0.0459593948	-0.015389594	0.0009827422	-0.1169111021	0.0057294123	0.0607649504	-0.0095302377	0.033353925	-0.0638961576	0.048749437	0.0222958565	0.0177376591	-0.0207627045	-0.0775266229	0.0259052182	-0.0340189386	-0.085916604	-0.0806646088	0.0167476811	-0.0761330198	0.0481614706	-0.0500538442	-0.0975654375	-0.0462448462	0.0519210142	0.0300495241933163	0.0187260463213477	0.0003506648108292	0.0009029739042447	-0.0268614651371308	-0.0913935770443856	0.008352785924968	0.0007215383093132	-0.0108730074007965	0.0046646232991989	2.1758710523429227e-05	0.0001182222899377	0.0009921544854106	-0.0009627864168459	9.843705229203723e-07	9.269576844631592e-07	-0.002363979960517	0.0014390041692309	5.588401253725957e-06	2.0707329990639123e-06	0.0030891822489572	0.0004969506763972	2.469599747716349e-07	9.543046967272263e-06	0.0	0.0	0.0	0.0	0.0	0.0	0.0	0.0	0.0	0.0	0.0	0.0	0.0	0.0	0.0	0.0	0.0	0.0	0.0	0.0	0.0	0.0	0.0	0.0	0.0	0.0	0.0	0.0	0.0	0.0	0.0	0.0	0.0	0.0	0.0	0.0	0.0	0.0	0.0	0.0	0.0	0.0	0.0	0.0	0.0	0.0	0.0	0.0
565.3165307408864	0.6516913243287945	0.424701582205418	319582.77992891154	781.9631279941543	5.263001223644551	27.69918188008404	611466.3335424021	550.7370984138698	0.1220989052308141	0.0149081426585633	303311.3515693285	590.4304506876513	534.7017150306092	1.522485	28.657522	0.2113300285139851	0.1069754061612735	0.0277475888	-0.0898544583	-0.0419296041	0.0936677801	-0.0161348228	0.0204720108	0.0352026913	-0.0610174761	-0.0398149569	-0.0211176222	0.0596047418	0.0319921327	-0.0269813677	0.0136457	0.0143918819	0.0300587886	0.0506045841	-0.1082924187	0.0454786142	0.0032077398	-0.0622345141	-0.1355411975	-0.0287383009	-0.0158436666	0.0344664462	0.022447819	0.034612012	-0.0352565938	-0.1707807163	-0.0281049029	-0.0670597942	0.0749866166	0.0941106084	0.0727069345	0.0437638172	-0.0197442491	0.1237115275	-0.1039479129	-0.0650407462	0.0726152274	0.0709156098	0.0310310715	0.0863057464	0.0025249428	0.0119027842	0.0146697228	-0.0687083668	-0.0070686092	-0.0001232376	0.0128630011	-0.0281630862	0.1157367303	0.0010519209	0.0144491343	-0.0149759051	0.0184100212	-0.0126703734	-0.0084795155	0.1197649277	-0.0580662146	0.008885233	0.1189940493	0.1239373014	-0.0830508096	0.0147508357	-0.0760993858	-0.0378243553	-0.0250658736	0.1068897646	-0.0078989379	0.0100039745	0.0622344025	-0.0272904504	-0.0523504726	-0.0187004303	-0.0559545475	-0.0482402121	-0.0525734036	-0.0122091431	-0.0817260897	-0.0297995823	-0.094213555	-0.0915420122	0.0471591635	-0.0298229687	0.0642255476	0.030963268	-0.1737033628	0.0772178416	0.0551494557	0.1081482494	-0.025634247	-0.084107939	-0.0966548918	-0.0351798454	0.0314005111	-0.0125248876	-0.0956430439	-0.0914148895	0.0475434121	-0.0346547359	-0.0544035485	-0.0112266029	-0.1078300948	0.043385849	0.0926236438	0.033355551	0.0099377845	-0.0797365623	0.0800207845	-0.0656699329	0.0818467248	-0.0243627527	-0.0047002382	0.0310888801	-0.0153888617	0.0818676734	-0.0525179018	0.0112038942	0.137935746	0.1059314311	0.0426809911	-0.0825455459	-0.1031864398	-0.0566428716	0.0236917339	0.002101851	0.118169332	-0.0342239702	-0.0480916044	-0.008122367	0.0468863562	-0.0525376406	-0.0973689537	-0.041022665	0.0579509162	-0.0063198911914099	-0.0363694153847262	0.0013227343754267	3.9941024671260446e-05	0.055075947817798	0.0819374129549288	0.0067137396417465	0.0030333600280288	-0.0010131978821164	0.0098598095186801	9.721584374465472e-05	1.0265699483251585e-06	0.0010192049966274	2.705051121680005e-05	1.0387788251502586e-06	7.31730157090225e-10	-0.0033887524714235	-0.0010247725109065	1.148364331257888e-05	1.0501586991096128e-06	0.0024777374579675	-0.0006114447909897	3.7386473242843805e-07	6.13918291061525e-06	0.0	0.0	0.0	0.0	0.0	0.0	0.0	0.0	0.0	0.0	0.0	0.0	0.0	0.0	0.0	0.0	1.0	0.0	0.0	0.0	0.0	0.0	0.0	0.0	0.0	0.0	0.0	0.0	0.0	0.0	0.0	0.0	0.0	0.0	0.0	0.0	0.0	0.0	0.0	0.0	0.0	0.0	0.0	0.0	0.0	0.0	0.0	0.0
564.831030422822	-0.4855003180643962	0.2357105588406298	319034.09292850684	781.7415083919662	-0.2216196021880705	0.0491152480739986	611119.7859429467	551.1333750453564	0.3962766314865575	0.1570351686623329	303747.99708888546	587.5530819710781	531.3323497602099	1.665294	31.345591	0.288721853314187	0.1431794288427483	-0.0267766372	-0.0515960326	0.1176816696	-0.0461528391	-0.0310630212	-0.018109053	0.0580831064	0.0204371623	0.0947095134	-0.0012157379	0.0311255925	0.0486670315	-0.0172854834	-0.0636781859	0.0675024863	0.0275312623	-0.0859491272	0.1457656995	0.0614081295	0.0342774069	0.1783475663	-0.0082109261	0.0371213791	-0.0046573685	-0.0050852413	0.1088984124	0.0557460171	0.1682798738	0.0541655554	0.0094604593	0.0059416656	0.1055027696	-0.0707062183	0.0308762521	-0.0496409471	0.1807071411	0.0919858172	0.035515826	-0.0493165967	0.0403911424	0.0930308752	-0.0185302459	0.0269297927	-0.0818201328	-0.1242273723	-0.0481685726	-0.0773264209	-0.0028105613	0.0075921125	-0.0160620192	0.067073596	0.0609284017	0.0955023173	0.0266337364	0.0224097956	-0.0521487552	0.0799064299	0.1558390989	-0.0202384802	-0.0388260079	-0.1908241548	0.0217174179	0.047052718	0.1266632161	-0.0686120732	0.1294269125	0.1136818951	0.0087109215	0.0172438248	0.0497025443	0.0815225517	-0.1145018186	0.1066585879	0.0929299338	0.0189154963	0.0725827921	0.0392108389	-0.0875402196	-0.0901412468	0.0584247931	-0.1539267566	0.0217374772	-0.0711536341	0.0415958685	0.0034619935	0.0562212491	-0.0267513288	0.0934754605	0.0309324876	-0.0492149448	0.020636253	-0.0320250244	0.0337443419	-0.1400639575	-0.0860429829	0.0913117729	-0.0900075386	0.0163523452	-0.1190111011	-0.0340132411	-0.0293965669	-0.1718420987	0.002260463	-0.0328779863	0.000755085	-0.077398714	-0.0543354937	-0.0029248089	-0.0444298685	0.0162376897	-0.024207651	-0.0031581468	-0.0806775243	-0.1009168507	0.0525883243	0.0517319845	-0.2050857282	-0.0450230314	-0.0191204191	-0.1725532056	-0.0522914544	-0.1977370561	0.1618900499	0.1601826584	0.0306795074	-0.0412955016	-0.0111048565	-0.0623368137	0.162156385	-0.1283388843	-0.1729021959	0.0456007488	-0.0549744086	-0.0969763818	-0.0356536332	0.0636567332	0.0241569264252632	0.030476817616673	0.0009288364120399	0.0005835570943155	0.0235762333499423	-0.0314997144678557	0.0009922320115564	0.0005558387789709	0.0140291097357518	0.0150423076178681	0.0002262710184705	0.0001968159199777	0.0015364295112356	0.0005172245146082	2.360615642995665e-06	2.675211985116881e-07	-0.0017280311946239	0.0016607212767996	2.986091809593303e-06	2.757995159214894e-06	0.0045338519387955	0.0020561144808279	4.227606758270595e-06	2.055581340291971e-05	0.0	0.0	0.0	0.0	0.0	0.0	0.0	0.0	0.0	0.0	0.0	0.0	0.0	0.0	0.0	0.0	0.0	1.0	0.0	0.0	0.0	0.0	0.0	0.0	0.0	0.0	0.0	0.0	0.0	0.0	0.0	0.0	0.0	0.0	0.0	0.0	0.0	0.0	0.0	0.0	0.0	0.0	0.0	0.0	0.0	0.0	0.0	0.0
565.1788691339136	0.3478387110916401	0.1209917689338934	319427.15411548945	778.2423054032537	-3.499202988712568	12.24442155621497	605661.0859193712	550.8317604414914	-0.3016146038650049	0.0909713692646438	303415.62831107253	590.0024033563983	548.7262997068663	1.865847	35.120583	0.2213064140423162	0.1110755862934	0.0339003573	-0.0402173185	-0.1206236784	0.0362669933	0.0529158937	-0.0227079569	0.0045504657	0.0167725183	-0.0668178993	-0.0482024076	-0.0264209405	-0.0149113374	-0.0269649456	-0.0225636899	0.103896592	0.0565278416	-0.0719454792	-0.0122351971	-0.040674547	0.1373301337	0.0438751469	-0.0153667963	0.0565561171	-0.0276889242	0.001268197	-0.0994582557	0.0372534709	-0.0109024327	-0.0034576971	0.0154004987	-0.002657831	-0.0395508576	-0.0350251753	0.0572261456	-0.0147413762	-0.0734961242	-0.0512781682	-0.1177718738	-0.012755167	0.0045679894	0.0198539953	-0.0173703794	-0.0147932635	0.0133339548	0.01449496	-0.0435606573	0.0461932791	0.0892137444	0.088044317	-0.1474129649	0.0015366667	-0.1114796627	-0.0281439095	-0.1616677336	0.0197075209	0.0954616735	0.0446807668	-0.0545908345	0.041908652	-0.0423687985	-0.067469981	0.1838070244	0.1792455099	-0.0348311106	-0.0442409791	-0.059820636	-0.0427585697	-0.0329085955	0.0152721471	-0.0496233852	0.0327708938	-0.0512318874	0.076149082	-0.0907527654	-0.1400149579	0.008920044	0.1046516035	0.0187645955	-0.0808434135	0.0005580196	-0.0137805006	0.0407593296	-0.1151720857	-0.0229119222	-0.0970815026	-0.1072773239	0.0852450198	0.0530539062	-0.0497546193	0.0791191923	0.0397429471	0.0419075788	0.0694093212	0.0390177108	0.0648402803	0.07341453	-0.0464277299	-0.0553419786	0.0280586773	0.0930602836	-0.0303617235	0.0559214319	-0.0164496717	0.0356609162	0.129398264	0.0520279467	0.0726708964	0.0018796143	-0.0463254309	0.0134548697	-0.1216682715	-0.0045977987	-0.023122176	-0.0784949202	-0.101775326	0.0992035803	-0.0414952062	0.0040499335	-0.0001936829	0.0052549292	-0.0857883127	-0.119529812	-0.0942636171	0.0066309907	-0.1298917777	0.0267442452	0.0787615605	0.0021842572	0.0275315681	0.0080508815	-0.0231046971	0.0443049362	-0.0573619671	-0.0963885124	-0.0301569707	0.0690065559	0.0848055145273889	0.0606485881021257	0.0036782512387813	0.0071919752942551	0.0899417678226228	0.0663655344726805	0.0044043841658445	0.0080895215990585	0.0386902429128568	0.024661133177105	0.0006081714895789	0.0014969348966558	0.0013856971076197	-0.0001507324036159	1.9201564740656024e-06	2.2720257499826592e-08	-0.0021067798750715	-0.0003787486804476	4.438521442006285e-06	1.434505629407983e-07	0.0053969940205401	0.0008631420817445	7.450142532784012e-07	2.912754445774559e-05	0.0	0.0	0.0	0.0	0.0	0.0	0.0	0.0	0.0	0.0	0.0	0.0	0.0	0.0	0.0	0.0	0.0	0.0	1.0	0.0	0.0	0.0	0.0	0.0	0.0	0.0	0.0	0.0	0.0	0.0	0.0	0.0	0.0	0.0	0.0	0.0	0.0	0.0	0.0	0.0	0.0	0.0	0.0	0.0	0.0	0.0	0.0	0.0
565.414733458556	0.2358643246424208	0.0556319796390252	319693.82081201	780.5941590458514	2.351853642597689	5.531215556200018	609327.2411364999	550.5973998603471	-0.2343605811443012	0.0549248819942946	303157.49673297495	588.9778030373925	539.2961847215922	1.494363	28.128178	0.3708071305409839	0.1800713831054671	-0.0229398374	-0.0206669332	0.1037837939	0.0600255944	0.0667663258	-0.036605952	0.0331863827	-0.0005270582	0.0190618289	0.0356537622	0.0429721544	0.0233274109	-0.0267442577	-0.0559279533	0.0338885137	0.0768696022	-0.1198437768	-0.0678275397	-0.1062438823	0.0861443166	0.0970357437	0.0289850182	-0.0054078807	0.0791437573	0.056488223	0.0276853798	-0.1068479509	0.1307876139	0.0594544707	0.0403437719	-0.0575229286	0.0166697176	0.0534415641	0.0600941408	0.0587532167	-0.041415138	-0.0428003659	-0.0048153554	0.0925008196	0.0652667102	0.0343547076	0.0400137349	-0.1621775755	-0.0400511207	-0.0448604242	0.0583833942	0.026119608	-0.0102147911	-0.0987578914	0.0205417093	-0.0176357852	-0.052262597	0.1007441112	-0.018798068	-0.008599955	-0.0132592754	-0.147747744	-0.0168969237	-0.0624384304	-0.0209907935	0.0284126172	-0.0155969168	-0.0575336771	0.0255377739	0.0004969617	0.0456384682	0.041094044	-0.0185643429	0.0131195244	0.0376791704	0.0919224419	0.0120323317	0.0018514158	-0.1902690416	-0.0265624537	-0.0833030588	0.0489294716	-0.0799800864	-0.0700565493	0.1642648739	0.0284461354	0.0071692982	-0.0387915073	-0.021978893	0.0453562005	-0.0163352925	-0.0819688479	-0.0392915079	-0.1032003416	-0.1170327315	-0.0306996658	-0.0578892746	0.0341469926	-0.0508029378	0.074015163	0.0655840307	-0.0847767729	-0.0834899142	-0.1021683435	-0.0606672002	0.0367895655	0.0815959502	-0.0356656309	0.076244521	-0.0729389538	-0.0328513166	0.0340923854	-0.0149680749	-0.0038113545	-0.0005844236	-0.1764458222	0.0268236741	0.0375064856	0.0098426032	-0.0269629257	0.0877798153	-0.0080890608	-0.0554097018	0.1033696768	0.026751031	0.0044206765	-0.0285194903	0.0741655374	0.035416279	0.0285967311	-0.0090964364	-0.1208122941	0.0534588489	-0.0519410226	0.0857362655	0.0464929623	0.0429992082	-0.0596981788	-0.0956065293	-0.0245523541	0.073970466	0.0401083019951613	-0.0446972125322275	0.0019978408081511	0.001608675888935	0.0925262440743921	0.0025844762517693	6.679517495959501e-06	0.0085611058425139	0.1098379625236489	0.0711477196107921	0.0050619980058158	0.0120643780113465	-0.0001171792461565	-0.0015028763537762	1.3730975729805622e-08	2.2586373347396457e-06	-0.0040842496365192	-0.0019774697614477	1.6681095093407217e-05	3.910386657440024e-06	0.0038297856928401	-0.0015672083276999	2.4561419424122293e-06	1.4667258453082726e-05	0.0	0.0	0.0	0.0	0.0	0.0	0.0	0.0	0.0	0.0	0.0	0.0	0.0	0.0	0.0	0.0	0.0	0.0	0.0	0.0	0.0	0.0	0.0	0.0	0.0	0.0	0.0	0.0	0.0	0.0	0.0	0.0	0.0	0.0	0.0	0.0	0.0	0.0	0.0	0.0	0.0	0.0	0.0	0.0	0.0	0.0	0.0	0.0
565.4329055383965	0.0181720798404967	0.0003302244857293	319714.37066559325	780.088203920418	-0.5059551254333883	0.2559905889523157	608537.6058957836	551.6054823639196	1.0080825035724956	1.0162303340089909	304268.6081739324	589.3342709359218	546.3409096125723	1.193979	22.474098	0.2108439919560247	0.1266047246758893	-0.0072601749	0.0353282126	-0.0387979043	0.0102643901	0.1392416874	-0.0549008975	0.0341510939	0.0600556995	-0.02442339	-0.0877260132	-0.0440222292	0.0765128296	0.0228281595	-0.0699588128	0.1176929612	-0.0285271038	-0.0577338851	-0.0374920708	-0.0041149121	-0.0081067686	0.0422709963	0.0954611462	0.1431820661	-0.064182022	-0.0321556975	-0.0474848469	0.1194874932	-0.0870807804	-0.0047266716	-0.0940380626	0.0916251677	0.067224285	-0.0814002663	-0.0056869677	0.1414385384	0.0522183389	0.0497764374	-0.0970610495	-0.0507629024	-0.0526229698	0.0532839328	-0.0923983403	0.0513795297	-0.0176415559	-0.0310955088	-0.0920822791	0.0092528854	-0.0429782502	0.0207653327	0.0576872401	0.0340412609	0.0670391214	-0.0610692925	0.0520983211	0.0247323643	0.0438199453	0.0950794907	-0.0087330832	0.1216714186	0.0522568091	-0.0196217778	-0.0320377158	-0.0138962532	0.0425225429	-0.0774634548	-0.0433915184	-0.0172786729	-0.1098633306	-0.0418175851	-0.0180654699	-0.0135751977	-0.06347172	-0.025975696	-0.0409416726	0.0819172607	0.0695081975	0.0328713273	0.0059769228	-0.1137905391	-0.0503453331	0.050688053	0.0045988428	-0.005438404	-0.0683634081	-0.1027538328	-0.1309411748	0.0051762136	0.0138855469	0.0956598402	-0.0237929232	0.0110218251	-0.144880257	-0.0425186965	0.0206104609	-0.0567551703	0.0260841694	-0.0332747183	-0.0717953772	0.048416336	0.1145914763	-0.0864809478	-0.1096659244	0.0252611063	-0.0453023648	0.0104044984	0.1486579479	-0.0380572355	-0.0080547598	0.0443732713	-0.0551857512	-0.1232470386	0.0256274458	0.0558672527	-0.0277991524	0.0096672581	0.1104469035	-0.0713003052	-0.0067548328	0.0732342361	-0.101122837	-0.0991050408	-0.1787342665	-0.0141220904	0.1214318587	-0.1464648793	0.0179420635	0.0119834555	-0.016009639	0.1472060094	-0.0223249892	0.1011840529	0.0416838572	-0.0619809526	-0.0946320074	-0.0188598464	0.0785207032	0.0544668442420004	0.0143585422468391	0.0002061677354542	0.0029666371216823	0.0927743673136802	0.0002481232392881	6.156514187482275e-08	0.0086070832304536	0.1508450441664521	0.0410070816428032	0.0016815807448595	0.0227542273495788	-2.9950203606213865e-05	8.722904255028614e-05	8.97014696053666e-10	7.60890586423963e-09	-0.0017820818167282	0.0023021678197909	3.175815601513282e-06	5.2999766704812455e-06	0.0045449937270407	0.0007152080342006	5.115225321850866e-07	2.0656967978839316e-05	0.0	0.0	0.0	0.0	0.0	0.0	0.0	0.0	0.0	0.0	0.0	0.0	0.0	0.0	0.0	0.0	0.0	0.0	0.0	0.0	0.0	0.0	0.0	0.0	0.0	0.0	0.0	0.0	0.0	0.0	0.0	0.0	0.0	0.0	0.0	0.0	0.0	0.0	0.0	0.0	0.0	0.0	0.0	0.0	0.0	0.0	0.0	0.0
565.0814825113963	-0.3514230270002372	0.1234981439060094	319317.08187727747	779.554566869774	-0.5336370506439607	0.2847685018199851	607705.322727521	551.1592521317508	-0.446230232168773	0.199121420101397	303776.52121043083	588.0901836735187	536.1637231679008	1.154674	21.734272	0.2929689474415212	0.1470044304726604	-0.0107403635	-0.012678481	0.0177394405	0.0725279648	0.0835983619	0.0017175262	0.0390171921	0.058654982	-0.0013221237	-0.0573737992	0.1015225667	0.0672078813	0.0014334441	-0.0192804881	0.105987334	-0.0960369512	-0.0222644094	-0.1149557658	-0.0559089808	-0.0185151201	0.1469312144	0.0808430282	0.0026754999	0.0548169018	-0.0004483086	0.0914423935	-0.1406373476	0.025318776	-0.0301678923	-0.048629148	0.1475329272	-0.035248388	0.020823758	-0.0601002892	-0.0453383662	0.055517876	-0.0266083369	0.0918296312	-0.0066632272	-0.1779099082	-0.0373011446	0.0838810768	0.0958851982	-0.0582558099	-0.023836263	0.0020204976	-0.0319505014	-0.0564493985	0.0218839079	0.0619243506	0.0983963741	-0.0404627699	-0.0582483495	-0.0625123743	-0.0776036606	-0.0551360743	-0.0487696399	0.0455091856	-0.0001734351	-0.0165130996	-0.001998108	-0.0378104876	-0.0596943807	0.0932197329	-0.0850837912	-0.0091046988	0.0140586761	0.0015126406	0.0449922589	0.0186207145	0.0668678754	-0.0105254517	-0.0327482101	-0.0826795667	0.1651279809	0.0630311438	0.0839840276	-0.0545536817	0.0489388579	0.0489535011	0.0481856518	-0.0371864543	0.043855075	-0.0620329525	0.0482803267	0.1206410699	-0.1134615635	0.1537185091	0.0898161128	0.022243368	0.0717051845	-0.1404138136	-0.0973848725	0.0849133159	0.0114132547	-0.0768112933	0.066800587	0.003382654	0.0249224479	-0.0115517345	-0.0344200215	-0.0354774162	-0.0475394545	0.0719306603	-0.0825476303	-0.068433478	0.1065077994	0.0020536268	-0.0038799675	-0.0175895469	-0.1283451622	0.0795716114	-0.0413820202	0.0131454012	0.1035797568	-0.0135185153	-0.0555901319	-0.1606409863	0.1069035535	0.0309139915	-0.046165911	0.0890034372	-0.0535494743	-0.0133699946	0.052282513	-0.032490763	-0.0519703291	0.0632301259	-0.0960344512	-0.0628701974	0.0978698804	0.0403591775	-0.0642082451	-0.0934669092	-0.0130998254	0.0826318208	0.0036988182597781	-0.0507680259822223	0.0025773924621315	1.3681256518867893e-05	0.0922549454766965	-0.0005194218369836	2.69799044735518e-07	0.0085109749649082	0.1093745152006775	-0.0414705289657746	0.0017198047727011	0.0119627845753832	0.0004138413069023	0.0004437915105085	1.7126462729860367e-07	1.9695090479942842e-07	-0.0039818594724463	-0.002199777655718	1.5855204858310325e-05	4.839021734596618e-06	0.0031843434801365	-0.0013606502469042	1.85136909440046e-06	1.0140043399487837e-05	0.0	0.0	0.0	0.0	0.0	0.0	0.0	0.0	0.0	0.0	0.0	0.0	0.0	0.0	0.0	0.0	0.0	0.0	0.0	0.0	0.0	0.0	0.0	0.0	0.0	0.0	0.0	0.0	0.0	0.0	0.0	0.0	0.0	0.0	0.0	0.0	0.0	0.0	0.0	0.0	0.0	0.0	0.0	0.0	0.0	0.0	0.0	0.0
566.0666171657654	0.9851346543690624	0.970490287238852	320431.4150694932	777.6008867930217	-1.9536800767523343	3.816865842299008	604663.1391412937	551.1981840921104	0.038931960359605	0.0015156975374418	303819.43814644	589.3787515362385	548.2786596052435	1.223723	23.03397	0.1342854549685514	0.0823382248181443	-0.004167798	0.0504295979	-0.0015918512	-0.0525177166	0.0470696752	-0.1012497927	0.0147665426	0.0017913335	-0.0927056961	-0.0483767946	-0.0323762358	-0.0729698724	-0.0205622438	-0.0673552025	0.0563855735	-0.0077762237	0.0145049405	-0.0238662052	-0.1495984652	-0.0077503731	-0.0797790889	-0.0280671339	0.0740817861	0.081371591	-0.0428360521	0.1782426518	0.04225425	0.0677098877	0.0620995902	0.1095219299	-0.0543667596	0.045718086	-0.026993309	-0.0766417258	-0.1283665213	-0.0753030938	0.0927630731	0.0193245743	0.0580435729	-0.0105265563	0.0774758733	0.0294142227	0.1061712173	-0.0301681042	-0.0620629845	-0.0253155388	-0.0529255162	0.0251813124	0.1007395512	0.0120675047	0.0939609378	-0.0157790904	-0.0955855259	0.021973176	-0.0491457742	-0.0706787607	-0.0494870011	-0.0169157005	0.0767416923	-0.0632966043	0.1160390253	-0.0404722107	0.0664308667	-0.0245868758	-0.0695838653	-0.0683311943	-0.0231671378	-0.0350816612	-0.0478374023	-0.0995829763	0.0353524415	-0.0486792273	0.0012977687	-0.0368221384	0.0073210483	-0.1721520688	0.0511793922	-0.0341220576	0.0926553042	0.0560109693	-0.1055378182	0.1139883855	-0.0751315996	0.0879963819	-0.0094517255	0.0317720934	-0.0157499789	0.0757657821	0.1108526902	0.0187518574	-0.0908719194	0.0129009171	-0.0334977711	-0.0030255422	-0.02426196	-0.001660169	0.0411217472	-0.0816861872	0.0050299632	0.064899803	0.0389575829	-0.1073944422	-0.0641641908	0.1249328789	0.0283868554	-0.006547573	0.0165323338	0.0174349768	0.0155917415	-0.0366287069	-0.0985396025	0.0174972514	0.0275509005	-0.0239358186	-0.0895088649	0.106613253	-0.0233278486	0.0337655581	0.0560257999	0.035783745	-0.0795513552	-0.0261632825	4.9346e-06	0.0183561708	-0.0865295974	-0.009301964	0.0075645404	-0.0792133937	-0.0660193958	-0.0622312352	-0.0616147497	0.0390254656	-0.0663780624	-0.0921135811	-0.0072929104	0.0862808277	0.0607761737487351	0.0570773554889569	0.0032578245096127	0.0036937432955364	0.0931319800397432	0.0008770345630466	7.691896247785008e-07	0.0086735657061231	0.0711488366045998	-0.0382256785960777	0.0014612025041306	0.005062156950188	0.0004167895369081	2.9482300058000094e-06	1.7371351807606844e-07	8.692060167099523e-12	-0.0039657065234555	1.6152948990800185e-05	1.5726828230177507e-05	2.6091776109939274e-10	0.0039273500275493	0.0007430065474128	5.520587294982894e-07	1.5424078238891487e-05	0.0	0.0	0.0	0.0	0.0	0.0	0.0	0.0	0.0	0.0	0.0	0.0	0.0	0.0	0.0	0.0	0.0	0.0	0.0	0.0	0.0	0.0	0.0	0.0	0.0	0.0	0.0	0.0	0.0	0.0	0.0	0.0	0.0	0.0	0.0	0.0	0.0	0.0	0.0	0.0	0.0	0.0	0.0	0.0	0.0	0.0	0.0	0.0
566.40767073517	0.3410535694046075	0.1163175372036234	320817.64946764073	781.1584746885491	3.5575878955273765	12.656431634402908	610208.5625777405	550.9034466174764	-0.2947374746339619	0.0868701789536053	303494.6074950148	589.1477832065782	548.5664325857315	1.081267	20.352541	0.1317130802167481	0.0704465320344659	0.0122979473	0.0153995121	0.0078767089	0.112197094	0.0430602345	-0.0383248075	0.0496749437	-0.0326460718	-0.0094815532	0.0241876109	0.0738345231	-0.0124689109	-0.0146057352	-0.0600272987	0.0215867626	0.0256898721	-0.0009960258	-0.008339988	-0.0444579706	-0.0702272019	0.0011843711	0.0546961798	-0.0655422926	-0.0154967789	0.0069954468	0.0659024205	-0.0091159392	-0.0932590276	0.1281972348	0.0664438858	0.0735904117	0.0714032911	-0.0468929861	0.0623292935	0.0614269048	-0.0119621765	0.0121465815	-0.1349762857	0.0424943125	0.0886569119	0.0872288651	-0.0632061719	-0.0879455202	0.1639320124	0.0931518693	0.0061032289	0.0403520793	-0.0130362037	0.0259701935	0.0026798749	-0.046961813	0.1163914519	-0.0412188808	0.0719004817	-0.0867619775	0.1177614415	-0.0353903089	0.0217819394	0.0788799122	-0.0947302889	0.0026890667	-0.1759086211	0.0531945008	-0.0075823304	-0.0144844192	-0.0167645374	0.0345021209	-0.0452565534	0.0506334549	-0.0016909583	0.1028001595	0.0424136244	-0.0524042008	-0.0200081	0.0212899141	0.0053268892	-0.0797299289	0.0050804148	-0.0086316214	0.0131387626	-0.0064594758	0.0892632664	-0.0317352563	0.0383055204	0.0747976185	-0.0293242401	-0.044923961	-0.0098954345	0.0744859656	0.0009347308	-0.1271112024	0.0132054085	-0.0158199085	0.0670250237	-0.0309570899	0.1182286264	-0.1403228105	0.1212061116	0.0594568878	0.1220880229	0.0318662113	-0.0271993477	-0.0423933842	-0.177073284	-0.1051578173	0.1633104439	-0.0544992024	0.0218992007	0.0447579705	-0.0427759353	-0.0706148325	0.0382359132	0.0740052197	0.0311410552	0.0229955512	0.130155595	-0.0085106019	0.0308312401	0.0378050568	0.0675270517	-0.074995929	-0.0324103894	0.0331718816	-0.0038000781	0.009642168	-0.0648618621	0.0405438695	0.0082067817	-0.1002641172	0.0503127172	-0.0215875212	0.0376830199	-0.0684884625	-0.0905747485	-0.0014598886	0.0894473172	0.0656056866933596	0.0048295129446245	2.3324195282295653e-05	0.0043041061265072	0.0561342669042943	-0.0369977131354489	0.0013688307772529	0.0031510559208825	0.0851012794065795	0.0139524428019797	0.0001946706601425	0.0072422277566367	-0.000529809048461	-0.0009465985853691	2.806976278311502e-07	8.960488818227813e-07	-0.003760963810633	0.0002047427128224	1.4144848784891095e-05	4.191957845391661e-08	0.003560023099047	-0.0003673269285023	1.3492907240293386e-07	1.2673764465748209e-05	0.0	0.0	0.0	0.0	0.0	0.0	0.0	0.0	0.0	0.0	0.0	0.0	0.0	0.0	0.0	0.0	0.0	0.0	0.0	0.0	0.0	0.0	0.0	0.0	0.0	0.0	0.0	0.0	0.0	0.0	0.0	0.0	0.0	0.0	0.0	0.0	0.0	0.0	0.0	0.0	0.0	0.0	0.0	0.0	0.0	0.0	0.0	0.0
566.3264800383237	-0.0811906968463063	0.0065919292543888	320725.6819925978	777.867919278432	-3.2905554101170083	10.827754907050313	605078.4998425572	551.4642616761934	0.5608150587169121	0.3145135300836535	304112.83190606907	589.5378224590037	548.969554693935	1.15182	21.68055	0.1222799929799329	0.0737112202440613	0.0116009668	0.063225195	0.0221756646	-0.0937131996	-0.0080787873	-0.0789815105	0.0168754965	-0.0006952483	-0.0251782698	-0.0322663179	-0.09189917	-0.0325575556	-0.0177354118	-0.0813507714	-0.0226452646	-0.0449006641	0.0798408945	-0.0589671236	-0.0432447663	-0.0523301214	-0.1463572306	0.0580380663	-0.0132735357	0.1023702374	-0.0905660547	0.0688739959	0.0720366157	0.0638024512	0.0390839372	-0.1030110378	-0.0994310003	-0.0835561533	-0.083542733	-0.039560245	-0.0697760242	0.0385648487	0.035410932	0.1162717179	0.0571264703	-0.1639752358	0.055285233	0.0186621029	0.0101539272	-0.0701591321	0.0020548436	-0.0377763763	0.0510355199	-0.0245539001	0.0267272562	0.0015532566	-0.0049835122	0.1679089294	-0.0399316201	0.0102759032	0.0023616126	-0.0477272692	0.0186387676	-0.0634611697	0.1405574008	0.1127509898	-0.0953478608	-0.060549189	-0.1119942099	-0.0382880963	-0.0168995587	-0.0263886023	0.0296028391	-0.0583123477	-0.0712884522	-0.1022258455	-0.0267840513	-0.0051971392	-0.0290720657	0.0171713993	0.0868557797	-0.0863889567	-0.0458889304	-0.0454749757	0.1048507373	-0.0742389447	-0.0851099301	0.1304442956	-0.0372945356	-0.081766714	0.0244851159	0.0922865994	-0.0496872363	0.0884689589	0.0342707976	-0.021410143	-0.003718508	0.1372703949	-0.0368427222	-0.0594410437	-0.0249802959	-0.1347284539	0.0641456384	0.0160396161	-0.0245620648	0.0287248925	0.0173779667	0.0737275146	0.030032829	0.0156156304	-0.1246291356	0.0102060189	0.0451055291	0.0457380461	0.0073139839	-0.0048498456	-0.0114328187	0.0718560398	0.0273464206	0.0241164387	0.0017353096	0.1438643902	0.058156561	0.0439693354	0.0431804788	0.0342615679	-0.0667427334	0.0159219301	-0.0234415825	0.0419246772	-0.0139320878	0.017075911	0.0148115517	-0.0696828563	-0.0544975909	-0.1127926835	-0.0752239887	0.0363321408	-0.070537556	-0.0888535104	0.0043783591	0.0921135811	0.0565294982348234	-0.0090761884585362	8.237719693486574e-05	0.0031955841706809	0.0407597391489673	-0.015374527755327	0.0002363761036993	0.0016613563354918	0.0230796355375417	-0.0620216438690377	0.0038466843082177	0.0005326695765457	3.139605559613961e-05	0.0005612051040571	9.857123069958896e-10	3.149511688197849e-07	-0.0038959700231648	-0.0001350062125317	1.5178582421398732e-05	1.8226677422181525e-08	0.0035400817576953	-1.9941341351699827e-05	3.9765709490501344e-10	1.2532178851167046e-05	0.0	0.0	0.0	0.0	0.0	0.0	0.0	0.0	0.0	0.0	0.0	0.0	0.0	0.0	0.0	0.0	0.0	0.0	0.0	0.0	0.0	0.0	0.0	0.0	0.0	0.0	0.0	0.0	0.0	0.0	0.0	0.0	0.0	0.0	0.0	0.0	0.0	0.0	0.0	0.0	0.0	0.0	0.0	0.0	0.0	0.0	0.0	0.0
565.2555761339395	-1.0709039043841813	1.1468351724252837	319513.86635051185	779.6438960799252	1.7759768014931296	3.154093599441768	607844.6046946852	551.0412168590301	-0.4230448171632588	0.178966917328695	303646.4226774806	589.2993409454907	546.2409607858831	1.36771	25.744207	0.1467620883601533	0.0723646436996652	0.0688659068	-0.0442738318	-0.064451786	0.0726180718	-0.0517866699	0.0255401422	0.0201771557	-0.0506907121	0.01209154	0.0177035452	0.0550743163	0.0136437324	-0.0418021679	-0.0609650406	0.0107666591	0.0412143318	0.0087553505	-0.1265566926	0.1319149108	0.0407399521	0.0039936383	-0.0360414299	-0.0335868328	0.07501604	0.0032577313	-0.0261766395	0.0730866016	0.0282611713	-0.1427558519	0.0512990723	-0.0849885117	0.0213924029	0.0510421151	0.023646065	0.0301897076	-0.0455026834	0.0395709133	-0.0262040684	-0.0234500973	-0.0070486688	-0.1360574075	0.0110203782	0.0125210113	0.000408384	0.0565740592	0.0473014229	-0.111636528	0.1588763727	-0.0001197132	-0.1016919874	-0.0519204775	-0.0489589658	-0.0218935572	0.0677973221	-0.0590843659	-0.1534162661	0.0374951361	0.003812248	-0.0254407329	0.0668025326	0.1540000007	-0.0967149352	-0.064000917	-0.0644769086	-0.0116916764	-0.0230157291	0.0076625135	-0.0881155977	0.093059018	0.0232021374	0.0442575523	0.0432211825	0.0062788653	0.0038049633	-0.0316846982	-0.017693541	-0.0013317501	0.01379026	-0.0240826248	-0.0919869432	-0.0937743698	-0.0816880292	-0.0346258597	0.0422158571	-0.017247835	0.1246860018	-0.0510694723	-0.0769903854	-0.0647560767	0.0094138636	0.1086036563	-0.0334292917	0.0510316276	0.0105075137	0.0405078948	-0.062099984	0.0387320834	0.0327732719	0.0837243723	-0.0330693251	0.0794138583	-0.029214527	-0.1262981048	-0.0067074479	0.0816282052	-0.0300623605	0.0916571572	0.04758724	-0.0145525431	-0.0015185429	0.0245262989	0.0867462465	-0.0290432942	-0.0001364907	0.0175845196	0.0193610294	-0.0143679559	-0.0469071174	0.0317953564	0.0608777636	-0.0782734553	0.0384800821	-0.038684957	-0.1074801946	0.0338970519	-0.0529983916	0.0997021874	-0.0005051715	-0.1313076569	-0.0111882974	-0.0557130691	0.0349731308	-0.0725235089	-0.0869533332	0.0102009335	0.0942647084	0.0154172708508042	-0.0411122273840192	0.0016902152404752	0.000237692240487	0.0277562377610962	-0.0130035013878711	0.0001690910483443	0.0007704087346505	0.0053271480858967	-0.017752487451645	0.0003151508107208	2.837850672907287e-05	0.0008020596931561	0.0007706636375599	6.432997513856574e-07	5.9392244225715e-07	-0.0037308245153098	0.000165145507855	1.3919051564036603e-05	2.727303876468588e-08	0.0029780134603779	-0.0005620682973174	3.159207708492813e-07	8.868564170191955e-06	0.0	0.0	0.0	0.0	0.0	0.0	0.0	0.0	0.0	0.0	0.0	0.0	0.0	0.0	0.0	0.0	0.0	0.0	0.0	0.0	0.0	0.0	0.0	0.0	0.0	0.0	0.0	0.0	0.0	0.0	0.0	0.0	0.0	0.0	0.0	0.0	0.0	0.0	0.0	0.0	0.0	0.0	0.0	0.0	0.0	0.0	0.0	0.0
564.8950837050728	-0.360492428866678	0.1299547912701968	319106.45559416123	778.366461267433	-1.2774348124921744	1.6318397001669167	605854.3480259863	550.57905078153	-0.4621660775001146	0.2135974831918419	303137.2911594906	589.5822358947495	539.0298364941939	1.492922	28.101061	0.0426462559772632	0.0224938089624421	0.0307627367	-0.0019463949	0.1327486894	-0.058055529	0.0042615162	-0.090731342	0.0093958163	-0.0436391498	0.0897206014	0.0308241404	-0.0836333797	-0.0376177512	-0.055896263	-0.0382666752	0.0005554693	0.0334396862	0.0318231575	-0.0244636302	0.0189111283	0.039184627	0.0447422797	0.0399855865	-0.0317247355	-0.00208954	-0.031321616	0.1234579614	0.0197790364	0.0660741451	-0.0234812025	-0.1087581968	-0.0666368275	0.0722541202	0.0582911387	-0.0923387461	-0.037589278	0.11878485	0.0790637242	-0.0213686822	-0.102801412	-0.0350411401	0.0783731152	6.88199e-05	-0.1071287856	-0.0092120087	-0.0121875609	-0.0674602922	0.1061939847	0.024897651	0.0685316664	-0.0171147831	-0.05428515	-0.0458501621	0.0200696604	-0.0489423193	-0.022033643	0.0101416122	-0.0407659976	0.1414850168	-0.1131765403	-0.0889698391	-0.0386225727	0.0877317032	-0.1081619635	-0.0385899137	0.0400057218	0.0708504497	0.0687056353	-0.0154043804	0.0182483808	-0.0843346867	-0.0240314666	-0.0261797756	0.0737906517	-0.0697327617	0.0009324941	0.0221499609	0.0023924674	0.0065739849	-0.0035573112	-0.0737334308	-0.0815053111	0.0322537419	-0.0959028713	0.0001180551	0.0395422978	0.0313424281	-0.023826522	0.0753604721	0.0118827127	0.0399871765	0.1064879718	-0.0861664258	0.0170108395	-0.0865303516	-0.0365673074	0.0625690636	0.0125230789	-0.0841529119	-0.0536054869	0.0557305265	-0.0469066078	0.1295519299	-0.0521431367	0.0517157338	-0.0207763677	-0.0358743504	-0.0516467449	0.0515987134	-0.0048665712	0.0012997397	-0.0302233534	0.0532615528	0.0053993864	0.025657645	-0.1298266056	0.0544682638	0.0596259185	0.0128250782	0.0567250765	0.0330684088	0.016853769	-0.0185160887	0.0563563118	0.0588715321	0.0847598822	0.0569624279	-0.019806906	-0.0598506178	-0.0966315916	-0.1349218754	-0.036499714	0.0336062939	-0.0744445435	-0.0848780435	0.0159869912	0.0958886693	0.0207089648476568	0.0052916939968525	2.800202535632583e-05	0.0004288612250614	0.0109276804931539	-0.0168285572679423	0.0002832003397204	0.0001194142009604	0.0025581909842884	-0.0027689571016082	7.667123430547036e-06	6.544341112094453e-06	0.0008031388071699	1.0791140137999958e-06	6.450319435822898e-07	1.1644870547795376e-12	-0.0039817817569125	-0.0002509572416027	1.5854585959681195e-05	6.2979537112836e-08	0.0030811180569786	0.0001031045966006	1.063055784019307e-08	9.493288481039584e-06	0.0	0.0	0.0	0.0	0.0	0.0	0.0	0.0	0.0	0.0	0.0	0.0	0.0	0.0	0.0	0.0	0.0	0.0	0.0	0.0	0.0	0.0	0.0	0.0	0.0	0.0	0.0	0.0	0.0	0.0	0.0	0.0	0.0	0.0	0.0	0.0	0.0	0.0	0.0	0.0	0.0	0.0	0.0	0.0	0.0	0.0	0.0	0.0
565.5739252906129	0.6788415855401126	0.4608258982586141	319873.8649686318	777.0515581613564	-1.3149031060765992	1.7289701783698883	603809.1240409919	550.5045553434879	-0.0744954380420495	0.0055495702890768	303055.2654539313	589.0209396988196	553.7304544987135	1.678326	31.590889	0.1760307589449225	0.0993130848473476	0.0581650951	-0.003443522	-0.113429118	0.0410617107	0.0186410803	0.013620897	-0.0034094497	-0.0237848183	-0.0259431681	-0.0537168396	0.0281388369	0.0191007148	-0.0663458857	0.0012466856	0.0907755912	-0.0279576369	-0.0513775923	-0.2009454049	-0.0438413903	-0.0173976593	-0.0404929312	-0.0375349486	0.0334951542	0.033711756	0.0836992547	0.0117208365	0.0658846245	-0.0482714158	0.1514710612	0.0347983559	-0.0950576562	0.0306647914	-0.1388024266	-0.0335392986	0.069968687	0.0286782917	-0.1419210161	-0.0492286808	-0.1752099658	-0.0466677677	0.0024689152	0.1039389245	-0.1217772175	-0.0323809748	-0.0599192978	-0.0214270041	0.0080553538	0.0101679962	-0.0105421878	-0.1715180472	-0.0288825181	-0.0181523318	-0.0188360342	0.0268093931	0.0349350738	-0.0079490627	-0.007489975	-0.0224570328	-0.0833252327	-0.0362543066	-0.0648360599	-0.0642949367	-0.0327640267	-0.0462778638	-0.0570956455	-0.0202607847	-0.053384247	-0.058084827	0.0808858812	-0.0051889808	-0.0277231982	0.0129457855	-0.0420373737	-0.0864976833	-0.0116200754	-0.0648536628	0.1135061085	-0.0211989079	-0.0770344733	-0.1115596844	0.0433764221	0.0640301476	-0.2038600005	0.1264382043	-0.0044482097	-0.1119914488	-0.0664152868	0.0511045683	0.0681045105	-0.0603469013	0.0216706066	0.0622515187	-0.0289119324	0.0591216889	0.0085633641	-0.0028253323	0.0077993456	0.0592678169	0.0820006968	-0.0736276374	0.0780358395	0.1165214721	0.0554190819	0.0138414605	0.052476265	-0.0479728923	0.055046314	0.0441320682	0.0152909373	-0.001185518	-0.0302656708	0.0743524439	0.0286226608	0.0369456535	0.0089728256	0.0627751666	0.0559862153	-0.0005597107	0.0353861079	0.1040142512	-0.067703898	0.0498195762	-0.0337994678	-0.0772895198	-0.0492242651	-0.0143187389	0.0544405106	0.0638091074	-0.0052682765	0.0218443046	-0.0796619237	0.0322319361	-0.0762989401	-0.0826318208	0.0217158196	0.0969763818	0.0203828590978076	-0.0003261057498492	1.0634496008470918e-07	0.000415460945001	0.0913863650007016	0.0804586845075477	0.006473599912685	0.0083514677080414	0.037016623151409	0.0344584321671206	0.001187383547416	0.0013702303895334	-0.0001278156673854	-0.0009309544745553	1.6336844829175202e-08	8.666762336945347e-07	-0.0041597142797404	-0.0001779325228279	1.7303222889076198e-05	3.165998267990127e-08	0.0029742543239537	-0.0001068637330248	1.1419857436017082e-08	8.846188783557281e-06	0.0	0.0	0.0	0.0	0.0	0.0	0.0	0.0	0.0	0.0	0.0	0.0	0.0	0.0	0.0	0.0	0.0	0.0	0.0	1.0	0.0	0.0	0.0	0.0	0.0	0.0	0.0	0.0	0.0	0.0	0.0	0.0	0.0	0.0	0.0	0.0	0.0	0.0	0.0	0.0	0.0	0.0	0.0	0.0	0.0	0.0	0.0	0.0
565.3728194107999	-0.2011058798129852	0.0404435748953548	319646.424928517	779.1101072380342	2.058549076677764	4.237624301090874	607012.5592004611	550.6490020401981	0.1444466967101334	0.0208648481904692	303214.3234478661	588.8066498514955	541.3950271626758	1.129018	21.251352	0.205296793640451	0.1396959278955886	0.0663192769	-0.0240232342	0.0392471	0.0407407984	-0.0132870615	-0.0210496647	0.0276158396	-0.0445948499	0.0524387663	-0.0034529173	0.0658252093	0.0105039971	-0.0392856875	0.0125555699	0.0623560233	-0.0883678218	0.0422719897	-0.0088928842	0.0960678276	-0.0378191919	0.0530810307	-0.0431372316	-0.0952697459	-0.0009670964	-0.0740494637	-0.0839404229	0.0535544292	0.0175318735	0.0487647253	-0.077456232	-0.0163440137	-0.00102139	-0.0466907909	0.0231848276	0.0695006435	-0.0062025855	-0.1423360189	0.1387038378	-0.0867003991	0.0184743495	0.0849409504	-0.0029331717	-0.0327732607	0.1676335526	-0.0767971846	-0.0411980851	0.0287396467	0.089701428	-0.0636389825	0.0032094496	-0.0415436385	0.0046861052	-0.0574271168	0.1010648391	-0.0110386694	0.1487378346	-0.0341214975	0.0582249029	-0.008124436	-0.0730945203	-0.0426581217	-0.0197182899	-0.0247347503	-0.0053213464	-0.0332471431	0.0219039975	0.0416576291	0.002425782	0.096467173	-0.0232989351	-0.0057302923	0.046625702	0.0038435406	0.0655230118	0.056557181	0.0375161028	-0.078875257	-0.0319321017	-0.0554421459	-0.0215252378	0.0726807662	0.0167712114	-0.0772489145	-0.0049054199	0.0706280761	-0.1201476381	-0.0507256559	0.113100609	-0.091143003	-0.0368305649	0.0694205976	0.0374225096	0.0841045195	0.08563488	0.026552799	-0.0152923402	0.0508994983	-0.0383384572	-0.0475489134	-0.0349554325	0.1282694465	-0.0568748556	-0.0023184828	-0.1132388873	0.0606766736	0.0309297747	-0.0867219691	0.0628742362	0.009097547	-0.0029658322	0.0370465542	0.0933287869	-0.0223670029	0.0401569577	0.0273842016	0.05268187	0.0151835272	-0.01948226	0.0219528511	0.0017758755	-0.0228827621	-0.0372403636	-0.0064708643	0.0549496046	0.0885676379	0.0454056631	0.0197404263	0.0241713845	-0.1080873902	-0.0536597129	-0.0750345245	0.0308503648	-0.0780850388	-0.0802191885	0.027366911	0.0975217631	0.0200642134293076	-0.0003186456684999	1.0153506205381048e-07	0.0004025726605368	-0.0432424160871676	-0.1346287810878692	0.0181249086972054	0.0018699065490557	0.0095672362702572	-0.0274493868811518	0.0007534688401511	9.15320098509249e-05	0.0002668990676462	0.0003947147350316	7.123511231041085e-08	1.5579972205106624e-07	-0.0039086458036585	0.0002510684760819	1.5277512018457197e-05	6.30353796820879e-08	0.0027620379350086	-0.0002122163889451	4.5035795736898135e-08	7.62885355442657e-06	0.0	0.0	0.0	0.0	0.0	0.0	0.0	0.0	0.0	0.0	0.0	0.0	0.0	0.0	0.0	0.0	0.0	0.0	0.0	0.0	0.0	0.0	0.0	0.0	0.0	0.0	0.0	0.0	0.0	0.0	0.0	0.0	0.0	0.0	0.0	0.0	0.0	0.0	0.0	0.0	0.0	0.0	0.0	0.0	0.0	0.0	0.0	0.0
565.6453663980877	0.2725469872877966	0.0742818602796543	319954.68052762694	778.0784159587569	-1.031691279277311	1.0643868957368543	605406.0213808883	551.0646502293578	0.4156481891596968	0.1727634171517351	303672.24873240443	588.584523169964	541.3383949531661	1.129839	21.266792	0.1517744467601348	0.1031457550040614	0.0261783402	0.0205870168	-0.0462415672	-0.041331444	-0.0301423337	0.0054569992	0.021888995	0.0136693258	-0.0565019873	-0.0868892942	-0.0202728992	0.0310361447	-0.0465711499	-0.0422583678	0.0940477944	-0.0910456542	-0.0578799438	-0.0421288678	-0.0101705154	0.081005335	-0.0597559806	-0.0263431378	0.0124182583	0.091607683	-0.0563576963	0.0811763194	-0.0010526518	0.0726890065	-0.0370237506	0.0620766716	0.0110288496	-0.1008316875	-0.0021088301	-0.0277189347	0.0862630058	-0.0331355119	0.0069572564	-0.0110331619	-0.0294467333	-0.0994569499	0.0030842075	-0.0297632987	0.0897326389	-0.0056892952	0.1146441754	0.0489855506	0.0403324682	0.0506072146	0.0218217145	-0.0069186728	0.030816653	-0.0384908864	-0.0054989259	0.0348041038	0.0248903972	0.0146255754	0.1427147473	0.1012739372	-0.0037436838	0.0343840659	-0.0221831174	0.0120543799	-0.126886347	0.0126334571	-0.1214070983	-0.0226998846	-0.0011934164	-0.0218903409	0.0027329212	-0.0387840013	-0.0541578587	-0.0135781948	0.04884947	-0.0255888787	-0.0483801116	-0.0286171429	0.0289385037	-0.0463027758	0.0263753149	-0.0464412901	0.0061822169	0.0130494126	-0.0246095731	0.0417256435	-0.0415922418	0.0594380685	-0.0051189968	0.0634153275	-0.0435962733	0.0501831693	0.1289855047	0.018461482	0.0335784379	-0.0185193242	0.0175433658	-0.0025788584	0.0369507719	0.091274629	0.0637827504	-0.0008933629	0.0917383015	0.047095993	-0.087281648	0.0818532718	-0.0620478479	0.0783891513	-0.0034933852	0.0528562583	0.001221338	0.0085458017	-0.0049387802	0.0896543096	-0.0327551466	0.0263240621	0.0126441824	-0.0197103551	-0.0243849138	-0.0356238368	-0.020844079	0.0181210031	-0.0746189804	0.0582719328	0.0055020206	-0.065239541	0.0014672443	-0.0023809262	0.0209247413	0.0021796774	-0.0236343554	-0.0338891178	-0.0777381553	0.0294618894	-0.0798012408	-0.0776450055	0.0329200359	0.0975217631	0.0071595390796943	-0.0129046743496133	0.0001665306200695	5.125899983366991e-05	0.0572866434542618	0.1005290595414294	0.0101060918122842	0.0032817595182557	0.0215421406106344	0.0119749043403771	0.0001433983339611	0.0004640638220883	0.000231111408664	-3.578765898220001e-05	5.3412483214658425e-08	1.280756535426241e-09	-0.0036602230163813	0.0002484227872771	1.3397232529647424e-05	6.17138812385727e-08	0.0025189322106937	-0.0002431057243148	5.9100393194672017e-08	6.345019482070251e-06	0.0	0.0	0.0	0.0	0.0	0.0	0.0	0.0	0.0	0.0	0.0	0.0	0.0	0.0	0.0	0.0	0.0	0.0	0.0	0.0	0.0	0.0	0.0	0.0	0.0	0.0	0.0	0.0	0.0	0.0	0.0	0.0	0.0	0.0	0.0	0.0	0.0	0.0	0.0	0.0	0.0	0.0	0.0	0.0	0.0	0.0	0.0	0.0
567.4800820623653	1.83471566427761	3.366181568745632	322033.6435375089	785.922288825713	7.84387286695619	61.52634155297152	617673.8440730475	551.1461100097097	0.0814597803519063	0.0066356958149808	303762.034578835	589.747989724684	536.8793374313968	1.306307	24.588442	0.1424444444549517	0.0929299003813757	0.0478578381	0.0032666343	0.1479831526	0.0782826216	-0.0772332427	-0.0469937939	0.0910740702	-0.0746154328	-0.0351663079	0.0649585831	-0.0183035217	-0.0531469818	-0.0251471544	-0.0675994429	-0.0288179673	-0.0838878874	0.031931019	-0.0209771201	0.0063612763	0.0301538371	0.0399777624	-0.0613472727	0.0025092932	-0.0639538528	0.025857492	0.0697020574	0.1213330537	-0.0733848213	0.012613636	-0.0993783157	0.1073862017	0.0127930688	-0.0393000845	-0.073645603	-0.0849564287	0.0148462921	-0.0920448318	0.0163151632	0.0229176956	0.0572249866	0.0772557832	0.1097150172	-0.0418148837	-0.0550014301	0.0425439704	0.0213484328	0.0183857445	-0.054317507	-0.0357197791	-0.0086403468	-0.104207563	-0.0291660325	-0.0185093763	0.0107374928	-0.0137521628	0.0896939706	-0.0741167312	-0.1009607467	-0.1521674631	-0.0614785361	0.1457456771	-0.066147772	-0.0057039298	-0.0247932477	-0.01659463	-0.0245612215	0.0892074954	0.0048035217	-0.0434794385	-0.0534152413	0.0648128802	0.0663743925	0.0783797278	-0.006799141	0.0710581645	-0.0347245831	-0.0731955014	-0.0578183316	0.0441321231	-0.062269763	-0.0337616449	-0.0605013186	-0.031128222	0.0289679713	-0.004802916	-0.1317768365	0.0592609211	0.0944118509	0.0979448391	0.0193414049	-0.0685994518	0.0229446412	-0.0056447561	0.0096326921	0.0296123194	0.0292777959	0.0103983848	0.0139451326	0.007854715	-0.0948786969	0.0074413682	0.1103848081	0.0132574738	0.0186403809	0.064913595	-0.0814048247	-0.0281082106	0.0716763907	0.007264937	0.0163692071	-0.0053563897	0.0625393495	-0.0092260454	0.094237803	-0.0984530897	-0.0051594888	0.040026798	0.0352418654	-0.0250757875	0.0388349661	0.0170190491	-0.0605832803	0.0661305443	0.0603441114	0.1096085831	0.0529915609	-0.0086581484	0.0258582703	-0.1335293183	-0.0456033646	-0.0153521745	0.0280668205	-0.0814460099	-0.0749144558	0.0383553157	0.0969763818	0.0196762782791921	0.0125167391994978	0.0001566687601882	0.0003871559269202	-0.0254256911301666	-0.0827123345844283	0.0068413302924064	0.0006464657694466	-0.0184381797813912	-0.0399803203920256	0.001598426018649	0.0003399664736509	0.0002387838139911	7.672405327099999e-06	5.7017709824136255e-08	5.886580350331244e-11	-0.0037972152338245	-0.0001369922174432	1.4418843531988854e-05	1.876686764000499e-08	0.0025189685935034	3.638280969987112e-08	1.3237088416570362e-15	6.345202775056497e-06	0.0	0.0	0.0	0.0	0.0	0.0	0.0	0.0	0.0	0.0	0.0	0.0	0.0	0.0	0.0	0.0	0.0	0.0	0.0	0.0	0.0	0.0	0.0	0.0	0.0	0.0	0.0	0.0	0.0	0.0	0.0	0.0	0.0	0.0	0.0	0.0	0.0	0.0	0.0	0.0	0.0	0.0	0.0	0.0	0.0	0.0	0.0	0.0
568.1217301079223	0.6416480455569626	0.41171221436707	322762.3002208189	782.747770041347	-3.1745187843660005	10.07756951229259	612694.0715047015	552.0087321920132	0.8626221823035394	0.7441170294021208	304713.64041623374	590.3793982865956	569.1235844995014	1.661571	31.275511	0.1894832935390098	0.0949465018103941	0.0337381394	0.1473654551	-0.0962891446	-0.0318405755	-0.0584506802	-0.0517910109	0.0614283325	-0.0121892068	-0.0588353697	0.0011010151	-0.0978519334	-0.029756954	0.03507915	-0.0995616397	-0.0451271484	-0.1247609416	0.1227841939	-0.0584134781	0.0150123379	-0.0390462082	-0.0677505982	-0.0261424411	0.0839275458	0.0198493978	-0.0001205409	0.0530628024	-0.0351727569	0.0398440544	-0.0617023529	0.0582083964	0.0328598302	0.0770269978	-0.0717442514	-0.0921646966	-0.1401892326	-0.0652899757	0.0394682583	0.036166939	0.0046187506	-0.0211404457	0.0593619228	-0.0984921514	0.0007301444	-0.0440234025	0.098033159	-0.0483803446	-0.094218089	-0.004286708	0.143769336	-0.0191262442	-0.1378457473	-0.1318048377	0.0080376917	-0.0749976363	0.0900693671	0.0246381568	-0.0261289992	-0.0381018756	-0.0494021197	-0.1189652862	0.0429163371	-0.0853467652	-0.0118540348	-0.0257472806	0.0042561526	-0.0850634601	0.0556753154	-0.0713502121	-0.0537063015	-0.0622782199	-0.0340581374	0.0238659651	-0.0628015058	0.0455585857	0.0761562921	-0.0516034303	0.0509445415	-0.0027860529	0.0435493479	-0.1224070221	0.0328953923	0.0445110551	0.0742847742	0.1270276298	0.0046533408	0.1044978526	0.056411938	0.0882357467	0.0373648501	-0.0569081892	0.0224733249	0.0218869711	-0.041670876	0.0065984963	0.0110101212	0.0598783836	0.0580237441	-0.1023958225	0.0863810367	0.0855856746	0.0372376215	0.031563185	0.0117415506	0.0921629276	0.1606982021	-0.1311969799	-0.0145789143	0.0481329319	0.0053835179	0.0647041913	-0.0184692737	0.0921903801	0.0424655946	0.1329590003	0.0551832696	0.0389250458	0.0642560688	0.0424015164	0.0064016097	0.0147636481	0.0122654155	0.1177780623	-0.0248522274	0.045596909	-0.1425880882	0.0118755902	0.0286595625	0.0230680851	0.0553541423	-0.0408122799	-0.0872772179	0.0266654703	-0.0830178738	-0.0720330383	0.0436532934	0.0958886693	0.0069071741466046	-0.0127691041325874	0.0001630500203488	4.770905469152299e-05	0.0357138842188362	0.0611395753490028	0.0037380476738563	0.0012754815259964	0.0313101130133333	0.0497482927947245	0.0024748926359896	0.0009803231769077	-0.0006892356485181	-0.0009280194625092	4.750457791881658e-07	8.612201227958644e-07	-0.0034638618130449	0.0003333534207796	1.19983386598707e-05	1.1112450314546117e-07	0.0024638150515383	-5.515354196510003e-05	3.0419131912960504e-09	6.070384608186676e-06	0.0	0.0	0.0	0.0	0.0	0.0	0.0	0.0	0.0	0.0	0.0	0.0	0.0	0.0	0.0	0.0	0.0	0.0	0.0	0.0	1.0	0.0	0.0	0.0	0.0	0.0	0.0	0.0	0.0	0.0	0.0	0.0	0.0	0.0	0.0	0.0	0.0	0.0	0.0	0.0	0.0	0.0	0.0	0.0	0.0	0.0	0.0	0.0
565.0572270304397	-3.064503077482641	9.391179111900575	319289.6698193298	779.3234995953051	-3.4242704460419877	11.72562808763659	607345.1170214735	551.1521060838612	-0.8566261081519997	0.7338082891676415	303768.6440406758	588.9031183008088	541.5674300554334	1.500657	28.246653	0.2895180416010686	0.1308884726374778	0.0875467937	-0.0110611613	-0.0037362357	0.0300141111	-0.0812190601	-0.0289095632	0.0329813689	-0.0276387465	0.0584536247	-0.0143026007	0.007049608	0.0564312612	-0.0057613087	-0.0902766379	-0.0003705739	-0.0004886074	-0.0427150038	-0.0324634585	0.1299635693	0.0004534288	0.1050255441	0.0327734017	0.0286957682	-0.0517971007	0.0560256489	-0.067286219	-0.0377302431	0.0533465776	0.109868378	-0.0581589506	0.0087791645	0.0358574024	0.0116389812	0.0400279518	-0.0345340152	-0.0701171391	0.0585990035	0.1247742318	0.0023294282	0.0116255105	-0.0800919449	-0.1676954872	0.083230521	0.148634959	-0.1671960842	0.1286976259	-0.0954723168	0.0581262158	-0.1097085808	0.0052331598	0.0365029285	-0.0286467083	0.0555115174	-0.0455152928	0.0656048763	-0.0645248012	0.02299125	0.0521668596	-0.0017777989	0.1234372699	-0.037321333	-0.1462817352	0.0532918728	-0.0028026887	-0.0137745657	0.0120353057	0.0647472053	-0.1009291353	0.0289406818	0.0543621594	-0.0106649172	0.0206118371	-0.0217522097	0.0638045225	0.0230460468	0.1233428023	0.0762077877	0.0182723955	-0.1185352415	-0.0236844904	0.0542189791	-0.1501749391	0.0085459059	-0.0779086734	0.0363176369	0.1064904368	-0.0847038817	0.0603688234	-0.0984753211	0.08673047	-0.07393156	0.0372089463	0.0593446139	-0.0258273605	-0.0627333196	-0.1694712622	-0.077076425	0.0435172432	-0.120731337	-0.0133846555	-0.0098175709	-0.0651593573	-0.1005089853	0.0340480866	0.1065399274	-0.0961446395	-0.1374460487	0.0553481915	-0.0470187971	0.0921238922	-0.0235901212	0.0991549748	-0.1540429305	0.0448045222	0.066533442	-0.1787341048	-0.041911406	-0.1660867123	-0.0528786427	-0.1781601064	0.0371944519	-0.0403331675	-0.0381438645	0.0569439483	-0.0474610742	-0.0102416873	0.0914524962	0.0526867071	-0.1187616144	-0.051377575	-0.2329183546	0.0252581525	-0.0845154255	-0.0690065559	0.0487950036	0.0942647084	-0.0349474214624194	-0.041854595609024	0.0017518071735949	0.0012213222668719	-0.0223975832936531	-0.0581114675124893	0.003376942656455	0.0005016517373961	0.008886675395793	-0.0224234376175403	0.0005028105545877	7.897299959019266e-05	0.0006198523220326	0.0013090879705507	3.84216901129206e-07	1.7137113146405502e-06	-0.0022439960971756	0.0012198657158693	5.035518484139324e-06	1.48807236475332e-06	0.001650197920718	-0.0008136171308202	6.61972835564257e-07	2.7231531775420108e-06	0.0	0.0	0.0	0.0	0.0	0.0	0.0	0.0	0.0	0.0	0.0	0.0	0.0	0.0	0.0	0.0	0.0	0.0	0.0	0.0	0.0	1.0	0.0	0.0	0.0	0.0	0.0	0.0	0.0	0.0	0.0	0.0	0.0	0.0	0.0	0.0	0.0	0.0	0.0	0.0	0.0	0.0	0.0	0.0	0.0	0.0	0.0	0.0
566.0179121087768	0.9606850783371784	0.9229158197397104	320376.276827979	776.2636808832008	-3.0598187121042884	9.362490550943546	602585.3022583358	550.9173293157455	-0.2347767681156938	0.0551201308468502	303509.9037403936	590.4675883464463	554.923804700565	1.305448	24.572258	0.1850183376014287	0.0912074865174322	0.0778239425	0.0539542639	0.0693392809	-0.0155244676	0.018865324	-0.0462792619	0.0033745463	-0.0264354353	0.0212415967	-0.0456173342	-0.1099444596	-0.0267932428	-0.0466128971	-0.0385295029	-0.0586449405	-0.0932381212	0.0497349795	-0.0285298934	0.0438128757	-0.0553724236	0.0370734196	0.0018497464	0.0222213512	0.016229215	0.0045728675	-0.0229123325	-0.0892741553	-0.0127884446	0.1274413076	0.0301795962	-0.0591187411	0.0210979406	-0.0721637201	0.0021973868	0.049263641	-0.0395238358	0.059833603	0.013500443	0.0428281411	0.1368100154	-0.0677106701	0.0240845225	-0.0516579958	0.0275457429	0.0132966644	0.0001002905	-0.0343607495	-0.1064434486	-0.0709605145	0.0888035965	0.0167417464	-0.041415069	-0.0673503781	-0.1448151761	-0.015828134	-0.0034600763	0.0074641452	0.0267062278	0.073768839	-0.0620015096	0.0898130226	0.0691283944	-0.0024591495	-0.087528796	0.0268288156	0.0021116444	0.0521606941	-0.0431801001	-0.0223663396	-0.0998236099	-0.0991085621	0.0083289595	-0.0397366283	-0.0251199646	0.06883894	0.0400781291	0.006290866	-0.0038404376	0.0109357401	0.0196986584	0.1435529255	-0.020418946	-0.0325073599	0.1149582134	-0.0279142931	-0.0274360774	-0.0150200725	0.002272059	-0.1494155094	-0.0148792507	-0.073577041	-0.0307867251	0.0567372891	0.0457366628	-0.1062907398	-0.0143040697	-0.0036129083	0.016327197	0.0274802542	-0.0243600431	-0.0767958776	-0.0242491213	0.0197331118	0.1192972551	-0.0533209934	-0.0737404335	0.0329133282	0.0655351349	0.0815755573	-0.0043771708	0.0318387014	0.0648671284	0.0517098248	0.1235622003	-0.0482802352	-0.0478023217	0.0510338881	0.0553513941	-0.0166216596	-0.0623949442	0.0541125637	-0.0020628128	0.0639504862	-0.0057390095	-0.0291704876	0.0014106505	0.0209186773	0.0259746854	0.1159055282	0.0921765851	-0.0306072955	0.023845182	-0.0859373244	-0.0658411035	0.0537620404	0.0921135811	-0.008556774734501	0.0263906467279184	0.0006964662347177	7.321839385699466e-05	0.02844637361666	0.0508439569103131	0.0025851079542977	0.0008091961719386	0.0133322711301602	0.0044455957343672	1.976332143342385e-05	0.0001777494534881	-0.0006553183432521	-0.0012751706652847	4.294421310026772e-07	1.6260602256026248e-06	-0.0026916603337534	-0.0004476642365778	7.245035352301465e-06	2.0040326871078478e-07	0.0019941257834321	0.000343927862714	1.1828637475108865e-07	3.976537640148686e-06	0.0	0.0	0.0	0.0	0.0	0.0	0.0	0.0	0.0	0.0	0.0	0.0	0.0	0.0	0.0	0.0	0.0	0.0	0.0	0.0	0.0	0.0	0.0	0.0	0.0	0.0	0.0	0.0	0.0	0.0	0.0	0.0	0.0	0.0	0.0	0.0	0.0	0.0	0.0	0.0	0.0	0.0	0.0	0.0	0.0	0.0	0.0	0.0
566.9573993296668	0.9394872208899868	0.8826362382155911	321440.6926546593	781.8082103193045	5.544529436103744	30.741806667820903	611224.0777226739	551.3066482893918	0.3893189736462545	0.151569263240973	303939.0204480831	588.921222152602	544.5068901236446	1.22945	23.141756	0.1499304455089931	0.0741621154346889	0.0980428475	0.0053903028	-0.0050991679	0.1135008423	-0.0119898376	-0.0304166068	0.0668267947	-0.0313298689	0.0825318158	0.030468395	-0.0082724438	-0.0580090458	0.014638184	0.0048035026	-0.0198237106	-0.1728945361	-0.041926866	-0.0627104001	0.0913887396	0.0225158659	0.1049866355	0.041842455	-0.070721346	-0.0179268866	-0.0029955029	-0.0774098964	0.0618107029	-0.1775462599	-0.0041492529	-0.1219751023	-0.1023762871	0.172934022	0.0787728058	-0.1512946669	-0.0820920828	0.0408898731	0.1134626083	-0.0535776743	-0.0347780035	0.0031192259	-0.0699249753	0.0287243002	-0.0391123105	-0.0107970476	0.0711621725	-0.0325921949	-0.0135841064	0.0185412616	-0.1442529663	0.1198039885	-0.0123043347	0.0435982009	0.0034667207	-0.0198358726	0.066565851	-0.0601431019	0.0600657324	-0.0987649554	-0.0019169909	-0.0109606146	0.0466884069	0.0990408626	-0.0209673832	0.0352718175	-0.0100723893	0.0119030682	0.108706525	0.048155279	0.0268692199	0.0430451714	0.0216830993	0.058851932	0.0393020768	-0.0619810196	0.0364817735	0.2063766264	-0.0135621612	0.0339702263	0.0126676795	-0.272363621	0.0671152752	-0.0513675031	-0.0702674336	0.0724043787	0.0239234484	-0.0616212074	0.0303198724	-0.0090180928	-0.074659314	0.0155898865	-0.0886615282	-0.0664388023	-0.0690489004	0.0144464331	-0.0458780839	-0.1134107743	-0.0184165158	-0.113996187	-0.0791680873	-0.0014666549	-0.1810618219	0.0717135621	0.0654344192	0.0281875199	-0.091942924	0.0990579452	-0.0327790434	0.0714484668	0.0241606204	0.019227724	-0.0599489357	0.0863923505	-0.0205450033	0.1163668731	-0.0009386544	-0.0384047881	0.1220626503	-0.0521059705	-0.0904251518	0.0106905592	-0.0406379489	-0.0827967841	-0.0659728521	-0.0069186554	0.0595593863	0.0665005125	0.0676353638	0.1337675122	0.0006836518	-0.0787211988	-0.0068417555	0.0224268751	-0.0872822977	-0.0625430558	0.0585366231	0.0894473172	-0.0155059090874658	-0.0069491343529648	4.829046825555552e-05	0.0002404332166287	0.0763060766099243	0.0478597029932643	0.0022905511706034	0.0058226173275996	0.0544229252463992	0.0410906541162389	0.0016884418557003	0.0029618547923751	-0.001231230568522	-0.0005759122252698	1.515928712863007e-06	3.316748912153279e-07	-0.0030213462030537	-0.0003296858693002	9.128532878707007e-06	1.086927724162944e-07	0.0021691467697924	0.0001750209863602	3.063234566653231e-08	4.705197708900803e-06	0.0	0.0	0.0	0.0	0.0	0.0	0.0	0.0	0.0	0.0	0.0	0.0	0.0	0.0	0.0	0.0	0.0	0.0	0.0	0.0	0.0	0.0	0.0	0.0	0.0	0.0	0.0	0.0	0.0	0.0	0.0	0.0	0.0	0.0	0.0	0.0	0.0	0.0	0.0	0.0	0.0	0.0	0.0	0.0	0.0	0.0	0.0	0.0
569.8078335743453	2.850434244678468	8.124975383235705	324680.9672026888	783.1339969864811	1.325786667176544	1.7577102868630887	613298.8572360218	551.7995143505411	0.4928660611493569	0.2429169542328816	304482.70403749304	588.9416431820881	559.7477662835005	2.162861	40.711235	0.5424299090272706	0.308177608278522	-0.030285762	0.1312657491	-0.0793740416	-0.1315529378	-0.2286147163	0.1109854921	0.0909539216	0.080156869	-0.0049335522	-0.0757694435	-0.0509359164	0.0170762962	0.139596909	0.1590173421	0.0042815114	-0.3695745563	0.0475504114	0.1766716394	-0.086824923	-0.1599255721	-0.0765794585	0.0399040805	-0.0006636799	-0.164871093	0.0240567056	-0.089946056	-0.0080806671	0.0659509951	0.1483597858	0.0064364378	-0.0792149779	-0.1517313637	-0.0264710257	0.1419551227	0.0238272581	-0.012200439	0.0387212749	-0.120085647	0.0911057657	-0.0131899418	-0.010594982	-0.0768244826	-0.0396240951	0.0255607792	-0.0893124577	-0.0635611152	-0.0211786671	0.0952711523	-0.0041113171	0.011325218	-0.0388833961	0.0724378972	0.0210320815	-0.0447705754	-0.0057958247	-0.119268193	0.0300939021	-0.0292170656	-0.2015247926	0.0496657628	-0.0241171933	0.1245450034	-0.0101125499	0.1138374544	-0.0475266376	-0.0874375984	0.0847818265	0.2643410471	-0.0609150778	-0.0108463378	-0.1284943467	-0.0025846989	-0.0810578491	0.2106910167	-0.0008861506	0.2151930565	0.2095668037	-0.0079468639	0.1514456986	-0.0600804965	0.1822582473	0.2763108096	-0.0024770024	-0.076304412	-0.0678497303	-0.0083309813	0.0779746938	-0.1556152547	-0.0037085002	-0.0786925406	-0.0159940086	0.100151076	0.0641406487	-0.1016900997	0.0523359779	-0.0517789552	-0.1807813391	0.0114924833	-0.0133529285	-0.0486651052	-0.0168910941	0.0512598858	-0.0762637	-0.0869704958	0.0700928871	-0.0392424034	0.0262570459	0.0305401614	-0.0588141132	0.191069908	0.1889390488	0.0653258629	0.0606031992	0.1991585939	0.1173600322	0.0159201113	-0.152642518	0.0856985662	0.1170831817	0.0008342837	0.056600675	0.3816515242	0.1150700725	-0.1159896343	-0.0740459349	-0.1987120706	-0.0811587038	-0.0569859969	0.151153579	0.0838916896	-0.0113084244	0.0210035491	-0.0885491416	-0.0591190548	0.0631016598	0.0862808277	0.0149745801808336	0.0304804892682994	0.0009290602260349	0.0002242380515922	-0.1888252444774565	-0.2651313210873808	0.0702946174215398	0.0356549729519712	-0.0763586586216362	-0.1307815838680354	0.0171038226790319	0.0058306447464955	0.0003742607719746	0.0016054913404965	1.4007112543902354e-07	2.577602444409569e-06	-0.0036351249276329	-0.0006137787245792	1.3214133239498098e-05	3.767243227460697e-07	0.0020676865387971	-0.0001014602309952	1.029417847361963e-08	4.275327622722731e-06	0.0	0.0	0.0	0.0	0.0	0.0	0.0	0.0	0.0	0.0	0.0	0.0	0.0	0.0	0.0	0.0	0.0	0.0	0.0	0.0	0.0	0.0	1.0	0.0	0.0	0.0	0.0	0.0	0.0	0.0	0.0	0.0	0.0	0.0	0.0	0.0	0.0	0.0	0.0	0.0	0.0	0.0	0.0	0.0	0.0	0.0	0.0	0.0
567.5210613500234	-2.286772224321908	5.229327205930166	322080.155075857	783.5273776073533	0.3933806208722217	0.1547483128778146	613915.151460256	549.2498995229738	-2.549614827567325	6.50053576895116	301675.4521259968	590.2486017596772	551.6041282962559	2.310505	43.490307	0.6413499866018499	0.2976308574799239	0.0515661911	0.0334460716	0.0470039733	-0.0175743373	-0.3427888709	0.2413187953	0.0540519424	-0.1288134489	-0.1061196026	0.0988009157	-0.0471974335	-0.1531564374	0.011493236	0.256234442	-0.2127466151	-0.280142196	0.0310509464	-0.1125803385	0.1123369123	0.1476110947	0.1253786983	-0.0341241854	0.0759608893	0.1179092315	0.2462057454	-0.0241650742	-0.1233826767	0.0240232622	0.0292707365	0.0389730706	0.0127558606	-0.0429159845	0.1863711099	-0.0498345676	0.1619025817	0.1076669518	-0.0050463084	0.0228605709	0.022251945	-0.0389082784	0.2200344273	-0.038983438	0.045417262	-0.0157543158	-0.0804103575	-0.0105813064	0.0110639998	-0.0600798879	-0.0122698648	0.1025390995	0.0728496134	-0.0133931487	-0.1128475335	0.0523502003	0.0948764467	0.1141277145	-0.0162660516	0.0153900974	0.0437762853	0.0080025186	0.0195628334	0.0594599928	0.0564799839	-0.1654581174	0.1214685347	-0.1841021383	0.0079789524	0.3281429848	-0.0355487701	0.0082708652	-0.065945668	0.1320642758	0.0592068959	-0.050748842	0.0458269144	0.115608474	0.2544674182	-0.2826679166	-0.0735573082	-0.0017293296	-0.0176847595	-0.078871538	0.1860199389	-0.0049947195	-0.0602127604	0.1097258363	-0.2709361186	0.025285524	0.0499499193	-0.0624378928	-0.0413235536	0.0521435563	0.0033104783	0.0483363705	-0.0531804972	0.1072404272	0.1080218496	-0.0412661933	-0.0369253136	0.0158512049	0.0232231983	0.0674079734	0.1331265736	-0.0638657602	-0.0785862595	0.1158462117	-0.1373053108	0.0244243956	-0.0594971877	0.3217940091	0.2995533836	-0.1285544046	0.2337140074	0.1970784585	-0.2631985412	0.0028762992	-0.3459858357	0.0407179523	0.2111078878	-0.0999405477	0.0093318154	-0.2426200049	-0.2283828929	-0.0864014312	0.0538881535	-0.1540982718	-0.1493222064	0.0697805422	0.1416614645	-0.1199869349	0.1649525442	0.0195755225	-0.089736722	-0.0555759958	0.067440809	0.0826318208	0.0436273474711299	0.0286527672902963	0.0008209810733918	0.0019033454473667	-0.4039376569900099	-0.2151124125125534	0.0462733500169709	0.1631656307345788	-0.0149917649204809	0.0613668937011553	0.0037658956425288	0.0002247530154309	0.0038240153332333	0.0034497545612587	1.4623093268803388e-05	1.1900806532925205e-05	-0.0029780740650369	0.000657050862596	8.868925136845407e-06	4.317158360381477e-07	0.0046852393768993	0.0026175528381022	6.851582860256882e-06	2.195146801884774e-05	0.0	0.0	0.0	0.0	0.0	0.0	0.0	0.0	0.0	0.0	0.0	0.0	0.0	0.0	0.0	0.0	0.0	0.0	0.0	0.0	0.0	0.0	0.0	1.0	0.0	0.0	0.0	0.0	0.0	0.0	0.0	0.0	0.0	0.0	0.0	0.0	0.0	0.0	0.0	0.0	0.0	0.0	0.0	0.0	0.0	0.0	0.0	0.0
569.406485273215	1.885423923191638	3.554823370143348	324223.745471196	787.8048142582537	4.277436650900427	18.29646430246626	620636.4253684817	553.1994515515248	3.949552028551011	15.598961226231406	306029.6331969079	590.0033106392478	568.6096721401357	2.773321	52.201824	1.6488501607071877	1.0878137545099098	-0.1423212716	0.1588544264	-0.0164548973	0.0457339731	0.0021304931	0.1702470449	0.144685442	0.1527169178	0.116710568	0.0778384106	-0.0494548562	0.0047499816	0.3776657917	0.0279255678	-0.2517815125	0.0815658982	-0.2366009766	0.0298609584	-0.1414630163	0.1092474281	0.0005504044	-0.1408626513	-0.0891305484	0.0564384765	0.0282670055	-0.0642107657	-0.0672807709	0.0012280314	-0.0334294833	0.0442491747	-0.106785152	-0.1608140589	-0.1178790156	-0.0536146023	-0.0714033597	-0.0541838212	0.0308941491	0.0226453332	-0.0349065519	-0.0256218941	0.1110368671	-0.0259756008	-0.075183112	0.0982990271	0.0748536849	0.1446277827	-0.0557104973	-0.0073734942	0.0261316319	0.0447651979	-0.0226072702	0.0614526948	-0.0960771798	-0.0186227303	0.026190951	0.0777143119	-0.0116992953	0.0193666977	0.0722290174	0.0301479631	-0.0562012515	-0.0167605973	0.00529181	0.2451614209	0.2124648398	-0.1048873945	0.1508172174	0.1694282067	-0.0991113677	0.2903338614	0.0023065784	-0.2157875562	-0.0888440006	-0.1566156347	-0.2048385484	-0.1426818847	-0.0496406725	-0.0044837331	-0.0366210629	-0.0335693623	0.0939731089	-0.1126414072	0.0356428597	0.0367807193	-0.1542202295	0.0633698962	0.0687193183	0.0325989936	-0.0832716958	-0.0898519146	-0.0141387171	0.122199381	-0.0429178056	0.0098975931	-0.0476616789	-0.0369531268	0.0578265147	0.0525278355	-0.0234820132	0.0661837395	0.169953337	0.0335737342	-0.0187934308	0.0168966738	-0.0922990733	0.0324442845	-0.0152147659	-0.2093515751	0.1186308365	0.0829701837	-0.1417660962	-0.2657742993	0.2809124712	0.0515842054	-0.215442213	-0.2216921255	0.0518922885	-0.2315670926	-0.2934731359	0.0413343019	-0.3070722082	0.2669179096	-0.0589957946	0.0359895382	0.2751195057	-0.0765876362	0.0948593234	-0.1288676424	0.1152577267	-0.1295647855	-0.0792101589	0.0181431151	-0.0908439759	-0.0519210142	0.0715385375	0.0785207032	-0.0125864602967169	-0.0562138077678468	0.0031599921837604	0.0001584189828008	0.6180576048713249	1.0219952618613348	1.0444743152670184	0.3819952029392787	0.3473990442922599	0.3623908092127407	0.131327098601865	0.1206860959751755	0.0027653177242095	-0.0010586976090238	7.646982115827208e-06	1.120840627352711e-06	-0.0035440544035252	-0.0005659803384882	1.256032161514636e-05	3.203337435553303e-07	0.0021449116871061	-0.0025403276897931	6.453264771530055e-06	4.600646145484336e-06	0.0	0.0	0.0	0.0	0.0	0.0	0.0	0.0	0.0	0.0	0.0	0.0	0.0	0.0	0.0	0.0	0.0	0.0	0.0	0.0	0.0	0.0	0.0	0.0	1.0	0.0	0.0	0.0	0.0	0.0	0.0	0.0	0.0	0.0	0.0	0.0	0.0	0.0	0.0	0.0	0.0	0.0	0.0	0.0	0.0	0.0	0.0	0.0
571.4480952361723	2.0416099629572955	4.1681712408464895	326552.92554904945	799.9756957823971	12.170881524143397	148.1303570747351	639961.1138425304	553.4830033538539	0.2835518023290433	0.0804016246040488	306343.4350016022	591.3780670597664	547.6799261464605	2.929613	55.1437	1.1926957511563303	0.8593401261323296	-0.3409926724	0.3224754437	0.1180375225	0.2174541402	0.1448025412	0.2991914657	0.2776205956	0.4413717751	0.1777037936	0.1625641202	0.0689676783	0.2834286241	0.4862434282	0.1779371921	0.014730101	0.0599763242	-0.1222638106	-0.04374239	0.203269545	-0.1593197816	-0.1422451554	0.0160419017	-0.0670782563	-0.0998506252	0.0207894284	0.1163198756	-0.0868594183	0.0160928016	0.0853841574	0.0656044914	0.0510884677	-0.0539355562	0.080161885	-0.0809331086	-0.0497071916	-0.0070174032	-0.0868810274	0.1129870914	-0.0669913483	0.0887270826	-0.1704225408	-0.0644028834	0.0540317978	-0.0379812183	0.1369593161	-0.0851969883	-0.0137675765	0.0685243001	0.0717020927	-0.0284988378	0.0868033692	0.027039885	0.0296772145	-0.0099685476	0.0250231255	0.0652084572	-0.0973333491	0.1007193248	-0.0067621484	-0.0827172128	-0.0188856572	0.0685314335	-0.01265262	0.3611300379	0.308712985	-0.226894792	0.0298702895	0.0643742137	0.1785025164	0.11351948	-0.4468279828	0.1497785182	-0.0145112898	-0.0561686173	-0.0169461297	-0.0495539981	-0.0603488939	0.1024037198	0.0298575029	0.2355696923	-0.1745841149	-0.0062355689	0.05771909	-0.0317291584	0.0717436387	-0.1522230178	-0.0181341173	0.0690095902	-0.0180257655	0.0884832035	-0.0168663002	0.0035298749	-0.0356116507	0.0216428114	-0.0100646326	-0.0654665888	-0.0906837794	0.0706491614	0.0549500187	0.0405701341	-0.0842831956	-0.0128783601	-0.0655778141	-0.0536583673	0.0754690954	-0.0320714684	0.0233462189	-0.5262898081	0.3553828801	0.1899269017	0.1152126775	-0.025445175	0.0629782995	0.0889991044	0.1492424589	-0.0043281128	-0.1346101849	-0.1143489293	-0.0741088576	0.0820538692	0.0829816799	-0.1534962516	0.1363763872	-0.1226120317	-0.1379982217	0.2831927141	-0.03422879	-0.3302167724	-0.2058892775	0.1984065352	-0.0062992317	0.0167066473	-0.0918699121	-0.0481614706	0.0753801767	0.073970466	-0.0102618083942616	0.0023246519024553	5.404006467589046e-06	0.0001053047115205	0.5647765818884523	-0.0532810229828726	0.0028388674101014	0.3189725874496036	1.2065192890560326	0.8591202447637727	0.7380875949629647	1.4556887948642745	0.0075001114117978	0.0047347936875883	5.625167118937959e-05	2.241827126402601e-05	-0.0041508473087776	-0.0006067929052524	1.7229533380786245e-05	3.6819762986464817e-07	0.0019271016498022	-0.0002178100373039	4.744121235032637e-08	3.713720768670361e-06	0.0	0.0	0.0	0.0	0.0	0.0	0.0	0.0	0.0	0.0	0.0	0.0	0.0	0.0	0.0	0.0	0.0	0.0	0.0	0.0	0.0	0.0	0.0	0.0	0.0	1.0	0.0	0.0	0.0	0.0	0.0	0.0	0.0	0.0	0.0	0.0	0.0	0.0	0.0	0.0	0.0	0.0	0.0	0.0	0.0	0.0	0.0	0.0
564.3367111580766	-7.111384078095739	50.57178350619358	318475.92356071435	755.2358334706012	-44.739862311795946	2001.6552796784592	570381.1641580336	553.138845741202	-0.3441576126518839	0.1184444623462441	305962.5826679092	586.3679464898656	534.6946397508168	2.363862	44.494637	0.6955748490666868	0.3658824376583568	-0.2655051408	0.210344481	0.0039743112	0.122542759	0.1614209158	0.0899675022	-0.3106055977	0.1962575564	-0.2491916559	0.4448550066	-0.1156557145	0.3287264357	0.3028313014	-0.0711939177	0.0266863538	0.3436553286	-0.147482519	-0.1972843536	0.1380616258	-0.0265492509	-0.0872950132	0.1321825379	0.0567899895	-0.0571937651	0.0646443503	-0.0571698671	0.0401256623	0.0648960678	-0.0298083632	-0.1300242126	0.0537421256	0.0767897036	0.1395204245	0.0597089308	0.0858110542	0.0069303394	-0.0700791708	-0.1472848153	0.0704556867	0.0153282601	0.0356481007	0.0017627548	0.0819606084	-0.0353097573	-0.1211035241	-0.0679967203	0.0852677662	-0.1292750276	-0.0535233577	0.0833527025	-0.0217975926	-0.0190031404	0.1829169694	0.0216488594	-0.0791851452	-0.0926975586	0.0022470651	-0.2047649492	-0.0223935622	-0.0384953981	-0.000707906	-0.0007952632	-0.0691854542	0.2396385298	0.2334263324	0.0586290496	-0.3174605683	-0.3443281613	-0.3807167999	0.2412823598	0.0637714956	0.243403619	0.0623375648	-0.1503929276	0.0314162065	0.0566345577	-0.0017805327	0.0574306661	0.0044280314	-0.0917489972	0.0406221792	0.078811165	-0.0538344873	-0.0630477004	-0.0385601617	0.0560826215	-0.0342537604	-0.0449328377	0.0234633385	0.0504611064	0.0521755706	-0.0058961	0.0129411105	-0.0589117796	0.062125048	0.1049723811	0.0121889443	0.0090733356	-0.0409870909	-0.1757173331	0.0026484337	-0.1190440077	0.0476140806	-0.0248910671	-0.0032499011	0.0321558643	-0.086492744	-0.4216826857	0.3019599389	0.0867460514	-0.0056346644	-0.0183016187	-0.4998262879	-0.1647446724	-0.1010879393	0.0445573262	0.2180762541	0.2452964989	0.0578016552	-0.0598810386	0.1319466837	0.0361420022	-0.3016926435	0.0097835286	0.1107419416	-0.2401652526	-0.1183366314	0.1767287026	0.1018827351	-0.0733835135	0.0224529725	0.0152664406	-0.0928136124	-0.0443049362	0.0789519744	0.0690065559	0.0329609533187209	0.0432227617129825	0.0018682071300972	0.0010864244436788	0.659828355524084	0.0950517736356317	0.0090348396712793	0.435373458753617	1.021685284685795	-0.1848340043702376	0.034163609171537	1.0438408209434935	0.0124924252866501	0.0049923138748522	0.0001560606895425	2.4923197825042777e-05	-0.0057528926541856	-0.0016020453454079	3.309577389058263e-05	2.5665492887434374e-06	0.0027820686164986	0.0008549669666964	7.309685141420431e-07	7.739905786906434e-06	0.0	0.0	0.0	0.0	0.0	0.0	0.0	0.0	0.0	0.0	0.0	0.0	0.0	0.0	0.0	0.0	0.0	0.0	0.0	0.0	0.0	0.0	0.0	0.0	0.0	0.0	1.0	0.0	0.0	0.0	0.0	0.0	0.0	0.0	0.0	0.0	0.0	0.0	0.0	0.0	0.0	0.0	0.0	0.0	0.0	0.0	0.0	0.0
567.2900268235247	2.9533156654481445	8.722073419781417	321817.9745334354	767.2104488817084	11.974615411107266	143.3914142439276	588611.8728732725	551.3609592542736	-1.7778864869284234	3.1608803604026914	303998.9073897927	589.924418739416	553.8920449372679	2.759788	51.947098	1.644400716970232	0.9215646353735824	-0.2242965555	-0.0606143665	-0.0282083563	0.0661093036	-0.0408577635	0.0739965915	-0.108869729	0.077111905	-0.1160675829	0.0425764715	0.1711244473	-0.2827387204	0.1263237103	0.1132501997	0.0564942717	0.0056388546	0.0378598829	0.1096685468	-0.0833472065	-0.0721291068	0.193419635	0.0553093076	0.0623587064	0.0242210874	0.0090672586	-0.1507488291	-0.1390013985	-0.0477424365	-0.0365692167	-0.0094026345	-0.0172847394	0.0799292638	-0.0198808491	-0.0761043308	-0.0305128913	0.0496933577	-0.0246289343	-0.1122261613	0.0424666098	0.0033715977	-0.0895384151	0.2089667858	-0.015021961	0.1278264461	0.0074769126	0.0655713932	-0.0433245582	-0.1068312083	0.0493442515	-0.2364938873	-0.136206796	0.0930240093	0.0030011136	0.0607694214	0.0088423225	-0.0124916619	0.1453356625	-0.0320835313	0.0899400036	-0.0092308641	0.0642469811	-0.0189350604	0.0114342608	0.0239965103	0.0684510921	-0.1440395989	-0.1801439037	0.1032116228	-0.0317132256	-0.0713884411	0.2068161457	-0.1064506062	-0.0962596122	0.0179088994	0.1265732613	0.2445765075	-0.0473861225	0.1926213495	-0.0244364777	0.1643091633	-0.0202272337	-0.0181584047	-0.1939656004	0.1325093588	-0.0214797686	0.0151253866	0.0737390874	-0.034380112	-0.0021402058	0.0419857576	-0.1953853429	0.1059101366	0.0443635362	0.0444555835	0.0561115799	0.1216806578	0.1334563833	0.1047966832	-0.0552944166	-0.0782598779	-0.0442636277	0.0570411503	-0.0187054512	-0.1033495648	8.34014e-05	0.0312061775	0.119635876	-0.2060591533	-0.1081936517	0.0389138127	0.0049105413	-0.174726309	0.0396509716	-0.1083275519	0.2298362556	0.0466762411	0.0704786958	0.0922485863	0.0508713277	-0.1366545912	0.0527461075	0.0759709482	0.394878273	0.0945650884	-0.0531340767	-0.3629169712	0.3379895164	0.1181603591	0.0718523347	-0.0629433043	0.1515534047	0.0138228173	-0.0936742318	-0.0403591775	0.0822411445	0.0636567332	0.0389783922284152	0.0060174389096942	3.6209571031902914e-05	0.0015193150607121	0.1072619644435945	-0.5525663910804895	0.3053296165517165	0.0115051290162989	0.2960731247739119	-0.725612159911883	0.5265130066119881	0.0876592952133884	0.0077630180693824	-0.0047294072172676	6.026444954555765e-05	2.23672926267438e-05	-0.0042251197729286	0.0015277728812569	1.7851637095592223e-05	2.334089976704315e-06	0.0037289830593372	0.0009469144428386	8.966469620563364e-07	1.3905314656823824e-05	0.0	0.0	0.0	0.0	0.0	0.0	0.0	0.0	0.0	0.0	0.0	0.0	0.0	0.0	0.0	0.0	0.0	0.0	0.0	0.0	0.0	0.0	0.0	0.0	0.0	0.0	0.0	1.0	0.0	0.0	0.0	0.0	0.0	0.0	0.0	0.0	0.0	0.0	0.0	0.0	0.0	0.0	0.0	0.0	0.0	0.0	0.0	0.0
565.0740035302176	-2.216023293307103	4.910759236479659	319308.6294656684	761.8823950281105	-5.328053853597908	28.388157866839517	580464.7838537699	549.7922500820334	-1.5687091722401192	2.46084846707028	302271.5182502652	587.8980359262254	581.3001306858052	2.480113	46.682816	0.7195906111983298	0.3101537662815223	-0.0354412322	0.0341031707	-0.1861926068	-0.2557659994	-0.0958038043	0.1737077638	-0.1966074585	-0.0391796412	-0.1271135823	0.075721434	0.0450571931	-0.0471724694	0.0166489157	0.2267229462	-0.1004875929	-0.0209245929	0.0624329152	0.0816780591	-0.0296998421	0.0380811008	-0.0756889711	0.087904201	0.2461934103	-0.0181993893	0.0402105836	-0.0332074493	0.0487689432	0.0579776522	-0.1057939779	-0.0537422539	0.0495104293	0.0418769603	-0.017000028	0.1041093881	-0.1568413646	-0.0636867862	-0.04190792	-0.0237628088	-0.1766678647	-0.0451023456	-0.0846995609	-0.0566473287	-0.0523414575	0.0313776287	-0.0042993043	-0.007609966	0.1080805349	-0.0928388646	0.0028811307	0.0507604745	-0.1564484408	-0.1093414787	-0.0094896827	0.0115655181	0.0238198518	-0.1567237744	0.0181840497	0.0022680978	0.2010749772	0.078189024	-0.0222175981	-0.0493721184	-0.0534005078	-0.0593347556	0.0664439425	0.0444306343	-0.1993674478	0.1555159526	-0.1657207453	0.0086426957	0.0416057801	0.0665220334	-0.1188624383	0.1433807876	0.1030233292	-0.038530341	0.1299926279	0.0616960353	-0.1793793747	0.0482547691	-0.0042310299	-0.0048774818	0.0382431948	0.0407310823	0.0732978908	0.0727041823	0.346746024	0.0871893516	-0.0296964005	-0.0681246642	0.1397046137	-0.0638543614	-0.1609701433	0.1307501905	0.1159721311	-0.0732687863	0.0994237801	-0.0154741686	-0.071232828	0.0415768037	0.0185557013	0.0154961717	-0.0232158504	-0.0240698331	-0.0134650818	0.0615488641	0.030271437	-0.037391257	-0.1230863371	0.0348035971	0.1850037603	-0.159696194	0.2156154358	-0.1217886541	0.1653346108	0.082558842	0.1292848468	0.0129652177	-0.0943269861	-0.2062792197	-0.0637406336	-0.0124881546	-0.2237816551	0.2914807024	-0.071738159	0.2369072548	-0.0423329681	0.2064264974	-0.1683402008	0.0389889105	0.2377478367	0.0123761005	-0.0944510002	-0.0363321408	0.0852359127	0.0579509162	0.0988244244173159	0.0598460321889007	0.0035815475687549	0.0097662668614137	-0.0221587986490163	-0.1294207630926108	0.0167497339194736	0.0004910123575676	0.1270645716373835	-0.1690085531365284	0.0285638910333027	0.0161454053653917	0.0044099274463938	-0.0033530906229886	1.944746008245734e-05	1.124321672597408e-05	-0.0014421929284891	0.0027829268444395	2.079920442983966e-06	7.744681821501992e-06	0.0026386952711595	-0.0010902877881776	1.188727461049421e-06	6.962712734039508e-06	0.0	0.0	0.0	0.0	0.0	0.0	0.0	0.0	0.0	0.0	0.0	0.0	0.0	0.0	0.0	0.0	0.0	0.0	0.0	0.0	0.0	0.0	0.0	0.0	0.0	0.0	0.0	0.0	1.0	0.0	0.0	0.0	0.0	0.0	0.0	0.0	0.0	0.0	0.0	0.0	0.0	0.0	0.0	0.0	0.0	0.0	0.0	0.0
559.7770159182426	-5.296987611975055	28.0580777614172	313350.3075503324	766.9312138385084	5.048818810397847	25.49057138022713	588183.4867598078	549.4714884976728	-0.320761584360639	0.1028879940015473	301918.91667184816	588.4475935594702	562.1645333947212	1.974419	37.164211	0.3705552784885022	0.1776184400325473	-0.0027415448	-0.1619734836	-0.0765359376	-0.1490507039	-0.094955524	0.211754524	-0.1811784569	-0.1709973314	0.0466372086	0.1462132328	0.1095345805	0.0771893596	-0.0517417996	0.1996964647	-0.2099158926	0.1415105258	0.0802011765	0.0851763623	0.0226685842	0.1627872475	0.0769134042	0.0168934143	0.000443117	-0.0374128591	-0.0472045313	0.0199950371	0.0067203101	0.1705440855	0.0341691782	0.0562744578	0.0613855397	0.089458488	-0.1373167283	0.083860576	0.0086936816	9.20134e-05	0.0742646637	-0.0019585799	-0.0473519098	-0.1260305901	-0.2094737097	-0.009467293	-0.1873861198	-0.0852593199	0.0016740018	-0.024950287	0.0399281838	0.103969587	0.0460276253	0.0786269977	-0.0459794723	0.0188679003	-0.1436213721	0.0962134826	-0.050407719	0.0696962323	-0.0321699	-0.1584588781	-0.1170596213	-0.0359258595	0.1276030072	-0.0266572347	0.0134012677	-0.1604710945	0.2224394713	0.1275024375	-0.0805572591	0.1921343971	-0.0182886234	0.0695446127	0.1128482204	0.0491023202	0.0940101214	0.1187666108	-0.0555572077	-0.1251047834	-0.0340890119	-0.0426287883	-0.1271141726	0.0685992418	-0.0906589896	0.0949477075	-0.0220302569	-0.0188061111	-0.0600750321	0.1026329918	0.1423185716	-0.0492183589	-0.0771737118	-0.1333391868	-0.0527533655	-0.2690977132	0.0464141257	0.0681014023	-0.0392053532	-0.1125380906	-0.0864655807	-0.0624698749	0.3057009386	-0.0752866171	-0.0940589829	0.0739344049	-0.0618838125	0.0499880663	0.067268838	0.0335318138	-0.0837936784	-0.0205436263	-0.1719127257	0.047014013	0.206682359	-0.1080688432	0.1424846199	-0.2110122219	-0.0704748655	0.0268524487	0.0889546961	-0.0048909129	0.0313701683	-0.0607569811	0.0052998242	0.1745412825	0.0349673665	-0.0519407593	0.0924183491	0.0146953426	0.0545026686	0.1736070545	-0.1199893061	0.2027981394	-0.0326980085	0.010926614	-0.0951432221	-0.0322319361	0.0879255584	0.0519210142	0.0891443349812988	-0.0096800894360171	9.370413148928986e-05	0.007946712459258	-0.0891000057387572	-0.0669412070897409	0.0044811252066315	0.0079388110226465	0.0306157999885243	-0.0964487716488591	0.0093023655525737	0.0009373272089373	0.0058310479245131	0.0014211204781193	3.4001119897968536e-05	2.01958341333003e-06	-0.0035700197856383	-0.0021278268571492	1.2745041269848932e-05	4.527647134005442e-06	0.0022379384001503	-0.0004007568710092	1.606060696610846e-07	5.008368282867285e-06	0.0	0.0	0.0	0.0	0.0	0.0	0.0	0.0	0.0	0.0	0.0	0.0	0.0	0.0	0.0	0.0	0.0	0.0	0.0	0.0	0.0	0.0	0.0	0.0	0.0	0.0	0.0	0.0	0.0	1.0	0.0	0.0	0.0	0.0	0.0	0.0	0.0	0.0	0.0	0.0	0.0	0.0	0.0	0.0	0.0	0.0	0.0	0.0
558.413528107146	-1.3634878110965474	1.859099011008854	311825.6683730704	755.3070010602713	-11.624212778237052	135.12232271372957	570488.6658506606	550.7094633119916	1.237974814318818	1.532581640887712	303280.9129813818	587.2675162265459	532.8096639457475	2.0108	37.84901	0.4913058923586695	0.264232059416922	-0.0024453368	-0.1530200638	-0.0741321917	-0.1777281817	0.1420765693	-0.0260775676	-0.2300640595	0.0149852869	0.1517789661	-0.0581450946	0.0909986882	-0.0600974984	-0.0239695758	0.000587646	-0.0794909408	0.2120338538	0.1090129442	0.1367222369	-0.0165986934	-0.0074376128	-0.1003232585	-0.0073949005	0.0080568954	-0.0280828671	-0.1009800069	-0.1158225656	0.0867055683	0.0309390287	-0.0333704543	0.0558626125	-0.0181463811	-0.0065564662	-0.0865642511	-0.0199688543	0.0523124217	0.1156203906	0.0900053587	0.0864627798	-0.014607273	-0.0101135714	-0.0373454461	-0.0169737861	0.1155688893	0.0346100705	-0.0343123143	-0.1711493982	-0.0474207777	-0.0417675427	-0.1219717814	0.0391635671	0.0652408605	-0.0536448379	-0.0606520823	-0.0369296847	0.0260619094	0.0097950171	-0.0197877912	-0.0717970248	-0.0181706379	-0.021573896	0.0874844716	0.1164933026	-0.1231491941	-0.0457863736	0.1199073013	0.1469432244	-0.054712706	-0.0648336798	0.0359764466	0.0529139189	0.0264956995	-0.1865202149	0.0247216961	0.2207963085	-0.1138000914	-0.1208749898	-0.0673323806	0.0715178079	0.0207298687	-0.0303885262	0.000498498	0.1190459347	0.1034088369	-0.0868189343	-0.0574631998	0.0372806345	-0.0294989039	0.0459719626	-0.0241192646	-0.0770534914	-0.0024860819	-0.0024751611	0.0554801259	-0.033422413	-0.0691274239	-0.0363070301	0.0757257703	-0.0378056181	-0.0191826721	-0.0202655429	-0.1186574543	-0.0858389608	0.09980748	-0.010679721	-0.0237018528	0.1255581212	0.0703859716	0.0010602498	-0.0755525188	-0.1065212609	0.0549916034	-0.0985045314	0.0533507717	-0.230114082	-0.003480287	0.1017146833	0.1255341118	-0.0188862512	0.0404759311	-0.0453384083	-0.0499162575	-0.0334652819	-0.022020568	0.0291301602	-0.0099775833	0.0611918721	-0.033930002	-0.0900217321	-0.0351561653	0.0378157469	-0.0520842219	0.0094746822	-0.0957502779	-0.0280668205	0.0903004534	0.0456007488	0.0939541209193493	0.0048097859380504	2.3134040769868285e-05	0.0088273768377277	0.0807381520050398	0.169838157743797	0.0288449998258068	0.0065186491891889	0.1246518902977413	0.094036090309217	0.0088427862806432	0.0155380937548001	0.0027384374802527	-0.0030926104442604	7.499039833252756e-06	9.564239359948512e-06	-0.0036707344619586	-0.0001007146763203	1.3474291490210492e-05	1.0143446026302822e-08	0.0034970504469217	0.0012591120467713	1.5853631463248638e-06	1.222936182831526e-05	0.0	0.0	0.0	0.0	0.0	0.0	0.0	0.0	0.0	0.0	0.0	0.0	0.0	0.0	0.0	0.0	0.0	0.0	0.0	0.0	0.0	0.0	0.0	0.0	0.0	0.0	0.0	0.0	0.0	0.0	1.0	0.0	0.0	0.0	0.0	0.0	0.0	0.0	0.0	0.0	0.0	0.0	0.0	0.0	0.0	0.0	0.0	0.0
556.8978581330249	-1.515669974121124	2.297255470452329	310135.2243931507	759.0382631907023	3.731262130430992	13.92231708598842	576139.0849875578	550.6352943980365	-0.0741689139550771	0.0055010277972756	303199.2274368124	589.3036778408197	521.8702874480725	1.442447	27.150969	0.1160246133687036	0.0521664580804894	-0.0139799513	-0.2507878648	0.0073001355	-0.1500497445	0.0536253393	0.1617392645	-0.1896974246	-0.0106425	0.1243368245	-0.0932747074	0.0532013552	-0.0420233977	-0.0287391201	0.026210127	-0.1028684879	0.152770712	0.1039239409	0.0589894431	0.0148373404	-0.0060593604	-0.132528358	-0.0991299688	-0.0474578323	-0.0341536485	-0.062989744	-0.0400641524	-0.0619950453	-0.1285569266	-0.0393782987	0.002987657	-0.0789749648	-0.0758971238	-0.0711981455	0.0713381346	-0.0082407941	-0.0242084098	0.0580214415	0.038337461	0.1127574995	-0.1170595054	0.0968823234	0.0517427689	-0.0949736792	-0.0458157325	-0.2057502746	-0.0612195047	0.0322123343	0.0120982012	0.0541693211	-0.1079855038	0.0176535573	0.0119373594	-0.0084081446	-0.0208410467	0.0481108393	0.0258170635	-0.0363644737	-0.0463758118	0.0543476093	0.1214541603	-0.0009811782	-0.0742578877	0.0448150099	-0.1233572815	0.153122827	0.0417098007	-0.0694347079	-0.0382521339	0.0491126789	0.0105934907	-0.0618594035	-0.1793636474	0.0655434419	0.107262796	-0.055346433	-0.0931300646	-0.0681408803	-0.0249323069	0.0271573305	-0.0111940552	0.0834188516	0.054142394	-0.0089966867	-0.1152262733	-0.0123210348	0.1313124432	-0.0271254078	-0.1203855292	0.1391926265	0.0262363404	-0.0597361617	0.1416918594	0.0397431607	0.1127820247	0.0169902004	-0.0036828106	-0.045555435	-0.1580153631	-0.0184094245	-0.0497968733	-0.0457724141	0.0566896701	0.0905353552	-0.0051854381	0.0424617201	0.0623172437	0.0308229633	-0.0091152285	-0.1028565913	-0.0956675559	0.095098695	-0.0793531562	0.0102371633	-0.2659957419	0.0051025883	0.0483982751	0.0258098087	-0.144365976	0.108721038	0.0258385787	0.0494076563	0.0519210943	0.0439894454	-0.1529464575	0.0600582516	0.0155431957	-0.0443630087	-0.0512423469	0.0405064209	0.0723811851	-0.0307904652	0.00802063	-0.0962716243	-0.023845182	0.0923520963	0.0390254656	0.0736549150788619	-0.0202992058404873	0.0004120577577544	0.0054250465152743	0.0686222151848454	-0.0121159368201943	0.0001467959250309	0.0047090084168752	0.1620197268622831	0.0373678365645418	0.0013963552095143	0.0262503918925288	0.0033372846166952	0.0005988471364425	1.1137468612830428e-05	3.586178928253824e-07	-0.0037960283314446	-0.0001252938694859	1.4409831093130072e-05	1.5698553730774794e-08	0.0032963587699806	-0.000200691676941	4.027714919343076e-08	1.0865981140428015e-05	0.0	0.0	0.0	0.0	0.0	0.0	0.0	0.0	0.0	0.0	0.0	0.0	0.0	0.0	0.0	0.0	0.0	0.0	0.0	0.0	0.0	0.0	0.0	0.0	0.0	0.0	0.0	0.0	0.0	0.0	0.0	0.0	0.0	0.0	0.0	0.0	0.0	0.0	0.0	0.0	0.0	0.0	0.0	0.0	0.0	0.0	0.0	0.0
558.2434965510557	1.3456384180308305	1.810742752080516	311635.80144154857	763.7206657746709	4.68240258396861	21.92489395835592	583269.2553313066	549.808504297099	-0.8267901009375009	0.683581871008243	302289.3913974132	587.70919228949	525.7227553234568	1.256407	23.649166	0.1428078030797216	0.0632692801317226	0.0208484566	-0.1834823543	-0.0173438774	-0.1110027021	0.1940597047	0.0325974443	-0.136844282	-0.0364637527	0.1469433681	-0.107128879	0.1179439454	0.0237862361	-0.0814934371	0.0658811237	-0.0521205144	0.1736326402	-0.0148899324	0.0657498655	0.0309972403	0.0408514391	-0.0851429427	0.0338722017	0.1041971301	0.0042669772	-0.0625726964	-0.0061043549	0.1029098329	-0.048984891	-0.0053948511	-0.0024433836	-0.0097133205	-0.0075314709	-0.0428132751	0.0054997396	-0.0195224507	0.0936146927	0.0047483618	-0.1858389002	0.0384683019	0.0429611563	0.0695864869	0.071853592	-0.0394877084	-0.0281212421	0.1492228531	-0.0407822041	0.0372121809	-0.0170046528	-0.0087645863	-0.04223088	-0.0192622918	0.0042800097	0.022783294	-0.0493034127	-0.0188855835	0.0367638438	-0.029505877	0.1073401027	-0.1354963331	0.2013177477	-0.0683271273	0.0114613959	0.0313424094	-0.0881502607	0.0558461695	0.0895057063	-0.0659185825	-0.0093121406	0.0617974291	0.0693429755	-0.0359732594	-0.1614064391	0.1314438413	0.0167700813	-0.0246438952	-0.0583847621	-0.0390908599	0.0168669419	0.0049163713	-0.0600905528	-0.0818956558	0.054195538	0.0146200582	0.0145196383	-0.0491875598	-0.0504582773	0.0400838599	-0.0694884931	0.1242127288	-0.0176497994	-0.0214074059	-0.0221611875	-0.0119526428	-0.1858693372	0.0876853234	0.0441528298	-0.0282704356	0.0950128088	-0.0347221342	0.1664041611	-0.0320760495	-0.0130943031	0.1802465813	0.0337534204	-0.017170604	0.0423191011	0.0767399839	0.0212060964	-0.0575055237	-0.1249547145	0.0324026766	-0.0994873159	0.0111205852	-0.1891241975	-0.0783493735	0.0501321338	0.0779687183	-0.0913591025	0.0793658322	0.0698159402	0.141633733	-0.0384331618	0.0142784739	-0.0346270423	-0.0315801997	0.1234335672	-0.012286862	-0.0728360717	0.0720357001	-0.0518679363	0.0701130188	0.0065647827	-0.0967067945	-0.0195755225	0.0940731426	0.0322319361	0.0831670052830872	0.0095120902042252	9.047986005331872e-05	0.006916750767757	0.0882863013438566	0.0196640861590111	0.000386676284469	0.0077944710049782	0.1154267119876379	-0.0465930148746452	0.0021709090351089	0.0133233258402771	0.0026889637299078	-0.0006483208867874	7.2305259407596676e-06	4.203199722448007e-07	-0.0033542530603025	0.000441775271142	1.1251013592548688e-05	1.951653901926758e-07	0.0035470348488879	0.0002506760789073	6.283849653633889e-08	1.258145621922521e-05	0.0	0.0	0.0	0.0	0.0	0.0	0.0	0.0	0.0	0.0	0.0	0.0	0.0	0.0	0.0	0.0	0.0	0.0	0.0	0.0	0.0	0.0	0.0	0.0	0.0	0.0	0.0	0.0	0.0	0.0	0.0	0.0	0.0	0.0	0.0	0.0	0.0	0.0	0.0	0.0	0.0	0.0	0.0	0.0	0.0	0.0	0.0	0.0
559.7829982304701	1.539501679414343	2.3700654209195826	313357.0051078945	770.521055520299	6.800389745628081	46.24530069244356	593702.6970001156	550.1971970304437	0.3886927333446692	0.1510820409549501	302716.9556201569	588.4863830199505	512.8067851264636	1.364289	25.679817	0.1812522009178066	0.0907062751089949	-0.0155113679	-0.1732112185	0.0308206663	-0.0755732819	0.1227429446	0.1148436439	-0.0540454693	0.0429313318	-0.0309049978	-0.2364711896	0.0713494496	0.1196826998	-0.0897006787	0.0720312646	0.0365379628	0.0522484301	-0.0333231995	0.0677062433	-0.0022507213	0.0022838343	-0.0378859769	-0.0703481661	-0.1114261471	-0.0248421267	-0.0957386258	0.0579026795	-0.0087538509	-0.0633025471	-0.0575422214	0.0048905378	0.0495291532	-0.019338456	-0.0356967789	0.0973825089	0.0286448226	-0.0273950351	-0.0262740367	-0.0057641419	-0.1041624096	-0.1006700828	0.0351428246	-0.0636084869	-0.0152765357	-0.031922484	-0.096998364	0.1060023169	-0.0349910641	0.0102348038	-0.0400078019	-0.1304794744	0.0013144202	-0.0041771175	0.0182733337	-0.0876184541	-0.084728457	4.57226e-05	-0.1527939488	0.0371181912	0.0783709583	-0.0497868263	0.0836325139	0.1117550473	-0.0691143412	-0.0637989858	-0.0804107111	-0.0272719406	-0.1015099473	0.0431673949	0.0885490709	0.0190601376	-0.0816554931	-0.1661957174	0.1226186615	0.0599598614	-0.0244117054	-0.0389453462	-0.1450941061	-0.032742502	-0.0006315438	0.0757209404	0.0354431696	0.017289783	-0.1067987989	-0.0568891796	-0.0311504279	0.0074614281	-0.0787580057	-0.0523296471	0.1054285757	0.1153650419	0.1258165557	0.0179321035	-0.0196189505	0.1179008281	0.1425086607	-0.002576373	-0.0400621399	0.0289425541	-0.0613110861	-0.0012272648	-0.0036056279	0.0058891828	-0.0425213074	0.0328994627	0.0528704298	-0.0919112624	-0.0388683387	0.0217853386	-0.0354291448	-0.1174748915	0.0241127212	-0.0719698369	-0.0481558274	-0.1755163024	0.0245051882	0.0223747273	-0.0502897761	-0.159032347	0.0288124987	0.1221951238	0.040338286	0.0130103605	0.0509176462	-0.126364983	0.0148611387	-0.0027158968	-0.062615614	-0.0366182359	0.1307878175	0.0058262949	-0.0125046955	0.0051074664	-0.097055399	-0.0152664406	0.0954574315	0.0252581525	0.0818514409000528	-0.0013155643830344	1.7307096459086842e-06	0.0066996583774148	0.1399101728340923	0.0516238714902357	0.0026650241076403	0.0195748564624655	0.1413344379971945	0.0259077260095565	0.0006712102669862	0.0199754233639828	0.0014708816594203	-0.0012180820704874	2.1634928560190155e-06	1.4837239304431146e-06	-0.003903125201365	-0.0005488721410625	1.5234386337530572e-05	3.012606272345328e-07	0.0032658882797383	-0.0002811465691496	7.904339334459092e-08	1.0666026255731992e-05	0.0	0.0	0.0	0.0	0.0	0.0	0.0	0.0	0.0	0.0	0.0	0.0	0.0	0.0	0.0	0.0	0.0	0.0	0.0	0.0	0.0	0.0	0.0	0.0	0.0	0.0	0.0	0.0	0.0	0.0	0.0	0.0	0.0	0.0	0.0	0.0	0.0	0.0	0.0	0.0	0.0	0.0	0.0	0.0	0.0	0.0	0.0	0.0
562.7699610102196	2.986962779749547	8.92194664760914	316710.0290154441	774.0194997825776	3.4984442622785537	12.239112256269731	599106.1860436716	550.319977646574	0.1227806161302851	0.0150750796973324	302852.0777969257	587.909214996381	525.2159679867843	1.219819	22.960476	0.2085045801071884	0.117452677314641	0.0102386265	-0.1108635682	0.0410328828	-0.0093177278	0.0991343964	-0.0498221914	-0.0187413439	-0.0494732789	-0.0548137906	-0.1000245043	0.0878090245	-0.0326388107	-0.0881067789	0.0207719915	0.0448875767	0.0174018272	-0.0929722654	0.0846990949	-0.015111432	0.1429906359	0.0230206296	-0.0655808823	-0.0157910957	-0.0732594905	-0.0598717468	-0.0204022217	0.0588521549	-0.0556628755	0.0175824722	0.1187942399	0.0954877293	0.0018476978	-0.0185424716	-0.0178732413	0.0269771371	-0.0784395171	0.0229132579	-0.059006664	0.0840134446	0.0084222828	0.0962056236	0.0376125072	0.0433882227	0.1378327782	0.0930914149	-0.0338623318	0.0279401943	0.0008444316	0.0047880304	-0.0556253178	0.062173916	0.104513833	0.0549448733	0.0990191367	-0.1028906526	-0.0479112432	-0.0163959254	-0.0041245658	0.0084251203	-0.0755221729	0.0412115005	0.0351506654	0.0034034165	-0.0623697176	-0.0935336478	-0.0116520562	-0.0417228443	0.0543587562	0.0204530315	0.031554216	0.0563891067	-0.0658301397	0.165270827	0.0435929036	-0.0559771422	-0.0500510611	-0.0466962803	0.0324647768	-0.0047215916	0.0160929732	-0.0811685466	0.0173229903	0.0591974094	-0.0285891623	-0.0486940671	-0.1583695935	-0.0502707735	0.0004378673	0.0693661742	0.0789943686	-0.0813649812	0.0225075575	0.0186939692	0.0356181068	0.0346039208	0.1193822612	-0.0656733477	-0.0284632139	-0.0564617427	0.0719510461	0.1023467109	-0.1026683787	-0.0312808397	-0.0603009928	-0.0571157053	0.0489917906	0.1277776759	0.0433492894	-0.0355131651	-0.0853091063	0.0148863973	-0.0823993478	-0.0111415828	-0.0607363841	-0.1233943835	0.005728446	0.0259184795	-0.0439573894	0.00849528	0.1323127085	0.1432297304	-0.0742029695	0.0474700368	-0.0333112243	-0.0110782606	0.0432904655	-0.0688060042	-0.0605594124	-0.0182602875	-0.1016898405	0.0452182789	0.0036490069	-0.0973171258	-0.010926614	0.0965000075	0.0181431151	0.0535849865985227	-0.02826645430153	0.0007989924387804	0.0028713507887638	0.0378385841066091	-0.1020715887274832	0.0104186092253524	0.0014317584471929	0.0962849187934793	-0.0450495192037152	0.0020294591804859	0.0092707855870669	0.0012822289851383	-0.000188652674282	1.6441111703287948e-06	3.5589831513750436e-08	-0.0041270845661545	-0.0002239593647894	1.7032827016190673e-05	5.015779707691613e-08	0.0030161599613206	-0.0002497283184177	6.236423301973219e-08	9.097220912273484e-06	0.0	0.0	0.0	0.0	0.0	0.0	0.0	0.0	0.0	0.0	0.0	0.0	0.0	0.0	0.0	0.0	0.0	0.0	0.0	0.0	0.0	0.0	0.0	0.0	0.0	0.0	0.0	0.0	0.0	0.0	0.0	0.0	0.0	0.0	0.0	0.0	0.0	0.0	0.0	0.0	0.0	0.0	0.0	0.0	0.0	0.0	0.0	0.0
563.4745369723531	0.7045759621335037	0.4964272864163525	317503.55381620774	776.6990071798424	2.6795073972648424	7.17975989199701	603261.3477541528	550.8291003725944	0.5091227260204505	0.2592059501504947	303412.6978172817	588.0006154450197	531.6621830811262	1.047407	19.715195	0.3619966321883741	0.1820280586222853	-0.0077596047	-0.0475865985	0.0581379528	0.0182362117	0.1010400185	0.0176413293	0.0119270146	0.0171019231	-0.0874212953	-0.1243001366	0.0142830721	0.1294910499	-0.0248767312	0.0443675512	0.017680977	-0.0238948269	-0.0417750708	0.0395048968	-0.0245617137	0.0031762649	-0.0806568288	-0.0089686832	-0.097594693	0.0518426116	-0.0525847537	0.1455620394	0.1300097556	-0.1112607552	-0.0871285308	-0.0612450752	0.0727579032	-0.1214952288	0.0210492296	0.0487632971	0.0785708511	0.0752039237	-0.0029787923	0.0809852615	0.0363586831	-0.006471029	0.0919293232	0.0446449383	-0.0290937271	-0.0072488949	-0.0827025114	0.025938046	-0.1302205545	-0.0445173083	0.149187532	-0.0393620523	-0.0051928061	0.0038403491	0.0405699568	-0.0463443903	0.0181475894	-0.1033222928	-0.0161904366	0.0137995892	-0.0239133899	0.0578614584	0.0804728301	-0.004798309	0.0329706277	0.0220276358	-0.1085887256	-0.0364423025	-0.0523747835	0.058312459	-0.0031616508	0.0336051676	-0.0615342113	-0.0412134095	-0.0127553268	-0.0053921149	-0.0094153743	-0.0658259453	-0.1535193942	-0.1173875952	-0.0044540924	0.004837167	-0.0151280936	0.0300165712	0.0710744754	-0.0126136687	0.0160749051	-0.0892561992	-0.0145947633	-0.0691089535	0.1171569427	0.0180833192	0.1938259766	-0.0500503229	-0.0296934524	0.0503050446	0.0055289154	0.0723627795	0.0627904404	0.0468094865	-0.0955201511	0.0201457325	-0.0148894227	0.0032953447	-0.0070463562	-0.061433917	0.0077606801	-0.1588739526	-0.0153539063	0.0123961687	0.0142506219	-0.0790138664	-0.0476796227	-0.0761446455	0.0208144048	-0.0287590374	0.0255310738	-0.0178426535	-0.0453414897	-0.0986274855	-0.0424097839	0.1545162071	0.0763086467	-0.0158444019	0.0319238517	-0.0382156844	-0.0085364451	0.006833962	-0.0633867754	0.0620760131	0.1435417254	-0.0369468775	0.0250369791	0.0021897309	-0.0974917407	-0.0065647827	0.0971971386	0.010926614	0.0462117459098863	-0.0073732406886364	5.436467825256339e-05	0.0021355254600398	0.166947187017854	0.1291086029112449	0.0166690313456935	0.0278713632531743	0.1886569768175121	0.0923720580240328	0.0085325971035952	0.0355914549019232	-0.0002802050381446	-0.0015624340232829	7.851486340161676e-08	2.44120007711199e-06	-0.0037528364460484	0.000374248120106	1.4083781390789184e-05	1.4006165540294966e-07	0.0022899874934204	-0.0007261724679002	5.273264531362671e-07	5.244042720021846e-06	0.0	0.0	0.0	0.0	0.0	0.0	0.0	0.0	0.0	0.0	0.0	0.0	0.0	0.0	0.0	0.0	0.0	0.0	0.0	0.0	0.0	0.0	0.0	0.0	0.0	0.0	0.0	0.0	0.0	0.0	0.0	0.0	0.0	0.0	0.0	0.0	0.0	0.0	0.0	0.0	0.0	0.0	0.0	0.0	0.0	0.0	0.0	0.0
564.2703347231729	0.7957977508198155	0.6332940602098772	318401.01064860163	779.5058332696018	2.8068260897593973	7.878272698154028	607629.3441013362	550.9063095652729	0.0772091926784241	0.005961259434054	303497.76191882824	588.460922921058	524.580286566061	1.024013	19.274851	0.3726840858957918	0.2269846622570837	0.0098429205	-0.10981263	0.0243326174	0.0275051228	-0.0158665573	-0.0346876295	0.0316437055	-0.0748535258	-0.0773658978	-0.0094799941	0.1243524509	-0.0620192519	-0.04874572	0.0447285599	0.0194531998	-0.1052978378	0.0435235843	0.0723878751	0.0065373862	0.140051952	0.0256065523	-0.0753490367	-0.0418941782	0.0594221633	-0.0040253156	0.0537323795	0.1120791402	-0.0455803553	0.0184860584	0.0301558408	0.0045584624	0.0475901371	-0.0609574579	-0.014630429	-0.0465315683	-0.0824835402	0.0749500286	-0.0680017039	0.0999985832	0.1375149416	0.0173729125	-0.0106192692	0.1045656025	-0.1337680265	-0.0006233406	0.1299600498	0.0130099386	-0.111089125	-0.0332080723	0.0559510737	0.0494023716	0.1034305063	0.0833377343	0.1135449531	0.0877668079	-0.0159615065	-0.0960727907	0.0318218028	0.0183119868	-0.0352591251	-0.0184894504	-0.0055128014	-0.0758577433	-0.0361458436	-0.0935818933	-0.0834701269	-0.023907438	0.064046277	0.0203321672	0.0272994719	0.1084819421	0.0134299784	0.1358146467	0.0397241948	-0.011447452	-0.0595028517	-0.0577426729	-0.061346495	0.0100351485	-0.0271026111	0.0232814932	0.0015082489	0.157263313	0.1273978446	0.0209055412	-0.0520625131	0.0257891093	-0.035110124	0.0253407263	0.0257204336	-0.0558776346	0.1355195869	-0.1140668062	-0.0837443534	-0.1271219542	0.1179279248	-0.0562785793	-0.0218260357	-0.0598501929	-0.0518910826	0.0180260868	-0.0647671261	0.0660635705	0.1302686387	-0.0820484637	-0.0944589032	-0.0656522895	0.0512626604	-0.0513718157	-0.0717541486	0.0575170431	-0.0396616833	-0.060599785	-0.0223681306	-0.0279989087	-0.0418688486	-0.042560068	-0.0210366	-0.025701394	0.0982427661	0.1316165758	-0.0408199399	0.0465376836	-0.0438543509	-0.0076993437	-0.018447411	-0.0759000285	-0.0514018326	-0.0605051279	-0.0304645424	0.0776236472	0.0007299647	-0.0975790871	-0.0021897309	0.0975463292	0.0036490069	0.0355180332483797	-0.0106937126615065	0.0001143554904868	0.001261530685833	-0.036327965258792	-0.203275152276646	0.0413207875330936	0.0013197210598439	0.1067566168986928	-0.0819003599188192	0.0067076689548321	0.0113969752516542	0.0008377836190224	0.001117988657167	7.018813923022699e-07	1.2498986375540717e-06	-0.0034025820084091	0.0003502544376392	1.1577564323949306e-05	1.226781710860221e-07	0.0022219333674503	-6.805412597009992e-05	4.631364061554229e-09	4.936987889389029e-06	0.0	0.0	0.0	0.0	0.0	0.0	0.0	0.0	0.0	0.0	0.0	0.0	0.0	0.0	0.0	0.0	0.0	0.0	0.0	0.0	0.0	0.0	0.0	0.0	0.0	0.0	0.0	0.0	0.0	0.0	0.0	0.0	0.0	0.0	0.0	0.0	0.0	0.0	0.0	0.0	0.0	0.0	0.0	0.0	0.0	0.0	0.0	0.0
565.9886608768419	1.7183261536689542	2.9526447703827428	320343.16424116073	779.4687541670588	-0.0370791025429753	0.0013748598453924	607571.5387227468	550.8267079274589	-0.0796016378139938	0.0063364207426702	303410.06216620206	588.4053661125215	544.9379963697082	1.197077	22.532413	0.2219263796430486	0.12895716194474	-0.0058434417	-0.0193756654	0.0254168152	0.0188836289	0.0310748276	-0.0813851565	0.0422499929	0.033742003	-0.1376293323	-0.1003419166	-0.0542453448	-0.0526079619	-0.0436378002	0.0412178704	0.0553806093	-0.062565598	-0.0180149613	0.0322398469	-0.0605031892	-0.0109439917	-0.0430606395	0.0870394422	-0.0558782924	0.0444028577	-0.1684534539	0.0613067589	0.0639803813	-0.0222410961	-0.072076136	0.0557066028	0.0590944168	-0.0043186074	-0.0612843125	0.069035986	0.0412041886	-0.03398482	-0.0215358103	-0.0280041808	0.1025425632	0.1053895752	-0.0352199849	0.0010554849	-0.0676563392	0.0150640796	0.0117485728	0.0062984483	0.1807855769	-0.0492735426	-0.0477064136	0.044066049	0.1045047819	-0.0635087503	0.0954156987	-0.0676070725	0.1163849662	0.0621418249	0.0682701692	0.0767884401	0.0908747704	-0.0730857344	-0.036841502	-0.1178973634	-0.1133823708	0.0227913163	-0.1403171434	-0.0358087047	-0.0460320107	0.0670236098	-0.0358407823	-0.0704154696	-0.0468253865	-0.0118517958	-0.0289740595	-0.000195408	0.0786773266	-0.0852585803	-0.1370017091	0.0591742829	-0.0250505894	-0.0245832268	0.0210657779	0.0517328027	0.1005780844	-0.0143682597	0.1148650471	-0.0846808163	0.0077957107	0.0190922772	-0.054620187	0.0217300398	0.0752971905	0.0108141767	0.1056260362	0.0221981553	0.0185557951	0.1300986408	-0.1228889656	-0.0294954425	-0.075886886	-0.1000342234	-0.0447391529	-0.0538734305	-0.0264588646	0.1135659534	-0.1775326943	0.0590088407	0.0048621561	0.0403597493	-0.0168977948	-0.0565789179	-0.0244357607	-0.0619361327	-0.0037404854	0.0327069058	-0.0296243026	-0.0558526729	0.0175804631	0.0201123508	-0.080132397	0.1145834102	0.0738106429	-0.0117567324	0.0398271874	0.0182743403	-0.0513567832	-0.0213452576	-0.0710326679	0.0677924056	0.0548035253	0.0303747981	0.0301333071	-0.0007299647	-0.0975790871	0.0021897309	0.0975463292	-0.0036490069	0.0301424316412521	-0.0053756016071276	2.889709263855286e-05	0.0009085661852475	0.080247412395721	0.116575377654513	0.0135898186752923	0.0064396471962089	0.1055031512046298	-0.0012534656940629	1.5711762461928303e-06	0.0111309149141069	-0.0003638149866456	-0.001201598605668	1.3236134450793808e-07	1.4438392091432818e-06	-0.003683824862565	-0.0002812428541558	1.357056561805204e-05	7.909754301375672e-08	0.0017303361335273	-0.000491597233923	2.416678404007448e-07	2.9940631349902062e-06	0.0	0.0	0.0	0.0	0.0	0.0	0.0	0.0	0.0	0.0	0.0	0.0	0.0	0.0	0.0	0.0	0.0	0.0	0.0	0.0	0.0	0.0	0.0	0.0	0.0	0.0	0.0	0.0	0.0	0.0	0.0	0.0	0.0	0.0	0.0	0.0	0.0	0.0	0.0	0.0	0.0	0.0	0.0	0.0	0.0	0.0	0.0	0.0
567.8564158274962	1.86775495065433	3.488508555693759	322460.9089964503	783.8970324045205	4.428278237461655	19.609648148376497	614494.5574126138	552.1842405336713	1.3575326062124304	1.8428947769299135	304907.4354937473	588.0511580039622	545.0081574487737	1.086827	20.457184	0.1178941203311385	0.0786267035916749	0.0103303568	0.0051318067	-0.0400616233	0.0977045795	-0.0534947638	-0.0411654877	0.0855116971	-0.035620664	-0.0974885743	0.0633713693	0.063262548	-0.0168558475	0.0072002963	-0.10180112	0.0683185321	-0.0432398862	-0.0097918335	0.0577967155	-0.0436824966	0.0539752629	-0.0958262659	-0.0300050178	-0.0365861199	-0.0895278047	0.0173154133	-0.0093180462	0.0679031733	-0.0138783479	-0.059506691	-0.0340335696	0.0730080501	0.1380911379	0.0519531589	0.0397649727	0.0014474672	-0.0784913614	-0.0622667294	0.0805004693	0.1057452259	-0.0409452552	-0.0551387048	-0.0058490583	0.0458187941	0.0642505632	-0.1287163174	0.0917215207	-0.0949788896	-0.0188366076	-0.0189164768	-0.0079025209	-0.0456480353	-0.0071371292	0.038420818	-0.0187634354	-0.0664311743	-0.064420396	-0.0444791289	-0.0245576643	0.0241574096	0.0231247763	-0.0229276512	0.0424893155	0.0904542685	0.0919286277	-0.1502017727	-0.0138710511	0.0336969555	-0.029270937	-0.0345265371	0.0228911022	0.1054303317	0.0999181187	-0.0148838163	0.0718931114	-0.027252515	-0.0803437483	-0.0872411179	0.0370730879	-0.028610724	-0.0358512054	0.0313717652	-0.0476373569	0.0622426793	-0.0021212146	0.0494473093	-0.0080866102	0.0258157217	0.0027208175	0.0427386892	0.0195129423	-0.0690596997	-0.0439371602	0.0281061877	0.0329933997	0.0176293337	-0.0377076063	0.0027772694	-0.0765542261	-0.1453419512	-0.0550514749	0.0381180332	0.0273060831	0.0039346063	-0.0660803969	0.1008087879	-0.0574951751	-0.0178986564	0.0513836877	0.0014857033	-0.0601771229	-0.005300097	-0.0250821196	-0.0519348034	0.0319043801	0.1369491383	-0.0318745285	-0.035546856	0.0204843196	-0.1539296106	0.0987668589	-0.0116441588	-0.0329630388	-0.0193911333	0.0549184752	-0.0137441185	0.0060363315	-0.049129219	0.0375186002	0.0454737301	-0.0004702138	0.0228928526	-0.0021897309	-0.0974917407	0.0065647827	0.0971971386	-0.010926614	0.0292324957891878	-0.0009099358520643	8.279832548719867e-07	0.0008545388100648	0.0931511516469498	0.0129037392512287	0.0001665064866637	0.008677137053153	0.1056662595156652	0.0001631083110354	2.660432112882109e-08	0.0111653584000319	-0.0017304405684295	-0.0013666255817839	2.994424560866611e-06	1.8676654807861836e-06	-0.0029760056383951	0.0007078192241698	8.856609559759428e-06	5.010080541044789e-07	0.0017264342011449	-3.901932382399968e-06	1.522507631682149e-11	2.980575050882829e-06	0.0	0.0	0.0	0.0	0.0	0.0	0.0	0.0	0.0	0.0	0.0	0.0	0.0	0.0	0.0	0.0	0.0	0.0	0.0	0.0	0.0	0.0	0.0	0.0	0.0	0.0	0.0	0.0	0.0	0.0	0.0	0.0	0.0	0.0	0.0	0.0	0.0	0.0	0.0	0.0	0.0	0.0	0.0	0.0	0.0	0.0	0.0	0.0
567.3624390400234	-0.4939767874727749	0.2440130665619231	321900.1372334443	780.9559896078455	-2.941042796674992	8.64973273187386	609892.2577043693	551.7499700073802	-0.4342705262911295	0.1885908900051746	304428.0294031449	589.1873254735534	552.1063266648525	1.068594	20.114002	0.1106264025403575	0.0749858643926443	-0.0063965355	0.0494533991	0.0040018268	-0.0294212966	-0.093905622	-0.074900949	0.0577715178	-0.0262122973	-0.1216412376	0.0008027542	-0.0599292262	-0.0976619875	-0.0246211048	-0.0844411696	-0.0181257604	-0.0313576469	0.0480381666	0.0075019544	-0.0167406652	0.0685800533	0.0003330853	0.0404919338	0.0359830326	-0.0064198284	-0.0689925114	0.1405700592	0.0127458758	-0.0693800957	-0.0035117647	0.0331488759	0.001067037	-0.0488855245	0.0764178641	0.0701658895	0.1191134624	-0.0984038946	-0.1861761579	0.0584623784	0.0934029465	0.070462332	-0.0237742211	-0.1395045136	0.0398882716	-0.0188709635	0.0047342137	-0.0205841483	-0.0025419815	0.1580057165	-0.019201574	0.0901372441	0.0268704485	0.0079045868	0.0815808358	0.0912565291	0.0889465148	-0.01556128	-0.0318205379	-0.0865426895	0.0093219075	0.0463881767	-0.0108993676	-0.0088499539	0.0870076006	0.0121975915	-0.1054339241	-0.0369837999	0.0341707535	-0.0349017282	-0.1150487897	-0.0680746951	0.0104647897	0.0562457862	-0.0018483949	0.036622573	0.0414548574	-0.1293018103	-0.041269704	-0.0296255368	-0.0037703139	0.0598447597	0.0604030127	-0.053267277	0.1390188703	0.0554685895	0.047204681	-0.0628631897	-0.0062394814	0.0131553323	-0.100246155	0.1637172759	0.0758037235	0.0295205778	0.0176788658	-0.0572741078	0.0682583713	0.0126758202	-0.0978425471	0.0187906392	0.1103624524	-0.0714539456	-0.0756026032	0.0175168265	0.0255399239	-0.0701536237	-0.0168821527	0.0818068304	-0.1243080869	0.0516559588	-0.0286186308	-0.0447211745	0.0022626411	-0.0329626708	-0.0579816664	0.0464264662	-0.0029963187	-0.0721888604	-0.0294738415	0.0340848714	-0.0943828411	0.0332534902	0.0262302336	0.0331148341	0.0190944077	0.0427291117	-0.041174869	-0.0354524958	-0.0749035807	0.0076253653	-0.0030806344	0.0388435262	0.0247949529	-0.0036490069	-0.0973171258	0.010926614	0.0965000075	-0.0181431151	0.0295585227463703	0.0003260269571825	1.062935768096797e-07	0.0008737062669476	0.031365781373708	-0.0617853702732418	0.0038174319798015	0.0009838122411832	0.105431351271882	-0.0002349082437832	5.518188299731102e-08	0.0111157698310149	-0.000781418155707	0.0009490224127225	6.106143340685293e-07	9.006435398496352e-07	-0.0029896844673114	-1.367882891629979e-05	8.938213214083048e-06	1.8711036052139928e-10	0.0017293349008291	2.900699684200026e-06	8.414058657918132e-12	2.990599199225593e-06	0.0	0.0	0.0	0.0	0.0	0.0	0.0	0.0	0.0	0.0	0.0	0.0	0.0	0.0	0.0	0.0	0.0	0.0	0.0	0.0	0.0	0.0	0.0	0.0	0.0	0.0	0.0	0.0	0.0	0.0	0.0	0.0	0.0	0.0	0.0	0.0	0.0	0.0	0.0	0.0	0.0	0.0	0.0	0.0	0.0	0.0	0.0	0.0
566.744051047359	-0.6183879926644522	0.3824037094715706	321198.81939757144	781.4510954584941	0.4951058506486561	0.2451298033465293	610665.8145932805	551.1248754098875	-0.6250945974926481	0.3907432558144957	303738.62829556403	588.0580722641574	554.4630211331466	1.201818	22.621647	0.1371318713476332	0.0761260503576477	0.0451504287	-0.0105784392	-0.0476039321	0.1006208087	-0.061820716	-0.0949929456	0.056553487	-0.0606523083	0.0244004368	0.1080477244	0.041345317	-0.0412757191	-0.0362235296	-0.0774519415	-0.0169708472	0.0914353992	0.0196202662	-0.0435281773	-0.076502579	0.0714933718	0.006020632	-0.0515979797	-0.0010125705	-0.0974703105	-0.0201619782	0.08539047	0.0532961413	-0.1026950563	-0.0559713537	0.0263762969	0.0663557105	0.0280793588	0.0268279016	-0.0753627452	-0.0556446174	0.0805745396	-0.0027237122	0.0765475349	0.1289687236	-0.0109631335	-0.0052281674	0.0338567745	-0.1133452171	0.0217808995	0.0151781778	0.1876211513	0.0340006329	-0.0389705115	-0.0609009851	-0.1050042086	-0.030946608	-0.0492121748	-0.0440689029	-0.0827344129	-0.0270586617	0.0305128465	0.0351541865	-0.0578589472	-0.0073140673	-0.0377849219	-0.0592803548	0.0670922838	-0.0074683991	0.0311118991	-0.034326922	0.0695117971	0.0832249579	-0.0297999093	0.0008276872	0.0113687768	0.1541634221	0.0604750534	0.0094166783	-0.0053640975	-0.0410024767	-0.1046894985	0.0140207253	0.0724353992	0.0680404438	-0.0325041073	-0.0891661106	-0.1211397115	0.107205029	0.0226385935	0.0630708204	-0.0597071015	0.0121050345	-0.0202369119	0.1003635466	-0.0264965257	-0.0163237378	-0.0469809412	0.1037058253	0.0396227146	0.0269119047	-0.1072273854	-0.0476667237	-0.0072250623	-0.1117882248	0.0769146292	0.0221250743	0.130775554	-0.0766388751	0.0081043233	0.012636379	-0.0392257473	0.0782457489	0.050628847	-0.0169804457	-0.0552164758	-0.0218200839	-0.0542846078	-0.036440155	0.0520623247	0.0033127335	-0.0930701522	0.0229350034	0.054308299	-0.1162502744	0.0890457164	0.0266154771	-0.0217896396	-0.0190586498	0.0839110773	-0.0141226691	0.009862435	-0.025570337	0.032496049	0.0067474391	0.0454993178	0.0029988343	-0.0051074664	-0.097055399	0.0152664406	0.0954574315	-0.0252581525	0.0296554605321404	9.69377857701001e-05	9.39693431000982e-09	0.0008794463393733	0.1021405745135126	0.0707747931398046	0.0050090713439821	0.0104326969619504	0.0808530679446235	-0.0245782833272584	0.0006040920113149	0.0065372185960579	-0.0009840185753657	-0.0002026004196587	9.68292556664742e-07	4.1046930045881394e-08	-0.0033672350507876	-0.0003775505834762	1.133827188725257e-05	1.4254444308321908e-07	0.001475848762068	-0.0002534861387611	6.42552225440117e-08	2.178129568497648e-06	0.0	0.0	0.0	0.0	0.0	0.0	0.0	0.0	0.0	0.0	0.0	0.0	0.0	0.0	0.0	0.0	0.0	0.0	0.0	0.0	0.0	0.0	0.0	0.0	0.0	0.0	0.0	0.0	0.0	0.0	0.0	0.0	0.0	0.0	0.0	0.0	0.0	0.0	0.0	0.0	0.0	0.0	0.0	0.0	0.0	0.0	0.0	0.0
565.9557049297233	-0.7883461176356832	0.6214896011912544	320305.8599425	774.0495124418572	-7.401583016636891	54.78343115216767	599152.6477114769	551.7472187007239	0.6223432908363975	0.3873111716490768	304424.9933439845	589.5180118782012	545.21037790138	1.591379	29.954308	0.1773274186718657	0.0879761624235985	-0.0018589737	0.056884144	0.0936091622	-0.0833889936	-0.0421469912	-0.0582194587	-0.0102036922	0.0049808058	-0.0162889692	-0.0413751506	-0.0550270761	-0.091452069	-0.0032245203	-0.0711124485	-0.0893271813	0.0044003291	0.0561092009	-0.0006556925	-0.0803599438	-0.0652691958	-0.0557977111	0.1096555269	0.0305151635	-0.0127118663	-0.0602078713	0.0225685723	-0.1212465625	-0.1628148682	0.0985576169	-0.0815917556	0.1160859247	-0.0478748206	0.0062941578	0.0414951971	0.084805345	0.0527170702	0.0660537289	0.01569761	0.0325053914	-0.0598903707	0.0018256308	0.0134702112	0.1607587911	0.0421597011	0.0326659569	0.0400986666	-0.0532238044	0.0846050768	0.0320474769	-0.0333111239	0.0299817017	-0.0413409995	0.0558741308	0.0875403234	0.0071070467	-0.0709861979	0.0163163479	-0.020956247	0.0690702747	0.0608012172	-0.0359258414	0.0522363224	-0.1559028993	-0.0307779498	-0.0145619991	0.0118819111	0.036852586	-0.0259456505	-0.0957553578	-0.0648430878	-0.0490656924	-0.021380414	-0.0822223788	0.0481102321	0.0281358906	-0.0392418691	-0.0102428588	0.0665179045	0.0714615314	0.0554220123	0.1425879297	-0.0029696984	0.0381479378	-0.0374490768	0.0408045403	0.0670130149	-0.0525299291	0.0100924741	0.0513443842	0.1607078805	-0.0339351411	-0.0403317717	0.047439228	0.024413942	-0.0027800508	-0.0306263633	0.081515653	0.1305158355	-0.05182651	0.0857576259	-0.0281704185	-0.0250327209	-0.0385107817	-0.1287811753	-0.0021649399	0.0718722103	-0.0088153774	0.0479149545	-0.0054679012	-0.0302300197	0.0002056546	-0.0291046768	-0.0160745517	0.0818230082	0.0622258281	-0.017363804	0.0191765297	0.0376380295	-0.0627232827	0.0303751482	0.0742078261	0.0169261567	0.0402375195	0.0779582171	-0.0061698889	0.0123544451	-0.1166754501	-0.0124059575	0.0622618652	0.0588489067	-0.0275332323	-0.0065647827	-0.0967067945	0.0195755225	0.0940731426	-0.0322319361	0.0317440085419349	0.0020885480097944	4.362032789216557e-06	0.0010076820783104	0.0488559377142365	-0.0532846367992761	0.0028392525188307	0.0023869026499373	0.1173083942985186	0.036455326353895	0.0013289908195689	0.0137612593728967	-0.0018076449025471	-0.0008236263271813	3.2675800937045145e-06	6.783603268263224e-07	-0.0027320692180061	0.0006351658327815	7.464202211976462e-06	4.034356351330165e-07	0.0017270347522831	0.0002511859902151	6.309440168034039e-08	2.9826490355935487e-06	0.0	0.0	0.0	0.0	0.0	0.0	0.0	0.0	0.0	0.0	0.0	0.0	0.0	0.0	0.0	0.0	0.0	0.0	0.0	0.0	0.0	0.0	0.0	0.0	0.0	0.0	0.0	0.0	0.0	0.0	0.0	1.0	0.0	0.0	0.0	0.0	0.0	0.0	0.0	0.0	0.0	0.0	0.0	0.0	0.0	0.0	0.0	0.0
565.198812425241	-0.7568925044822663	0.5728862633414376	319449.6975669028	775.549745705233	1.500233263375776	2.25069984453913	601477.4080634516	550.7386339520095	-1.0085847487143835	1.017243195339257	303313.0429273255	586.5404768192448	540.0328055982011	1.592901	29.982944	0.0609017041115212	0.032784348101955	0.0750944772	-0.066932911	-0.0440519997	0.1110010898	-0.0585650714	0.0064849421	0.0043460806	0.0001507998	0.0900953405	0.0282798285	-0.0168822236	-0.0435391297	-0.032428946	0.0349465721	0.0459164016	-0.0354390262	-0.0729723658	0.0522942556	-0.0228702485	-0.0651589377	0.1036394088	-0.047330496	-0.0729069373	-0.1184754358	0.0676275409	0.1171655422	0.0045809495	-0.0169703973	-0.0940936194	0.039197189	0.0294172812	0.0058294324	0.0091539461	-0.0359080315	-0.1352106049	-0.0207352198	0.028133799	-0.0026123655	-0.0197200744	-0.0170320835	0.015273471	0.0042000587	0.0228752496	0.1092304996	0.0635776085	-0.1224325012	-0.0621801058	-0.0265352772	-0.1258685948	0.0040040631	0.0473366751	-0.1014622864	0.1193289182	0.1186799097	-0.0428808653	0.0676189681	-0.123091207	0.0148886409	0.0041215734	-0.0194589611	-0.0792554874	0.0514200269	-0.0147917297	0.0740117476	-0.0713527926	0.1268068007	0.0447279178	0.0449540119	0.0867330861	0.0692486016	0.0036914114	0.0097783955	-0.0217882747	0.0100765766	-0.0482228624	0.1147681678	0.0107580792	0.0436157339	0.1186875818	-0.0362996939	-0.0877080753	-0.0400039855	0.023835431	0.0942558608	-0.055468827	-0.000424326	0.0810383216	0.0362769436	0.0546452202	0.0969373533	-0.0482588861	-0.0559373858	0.0654612679	0.1354108555	0.0421495883	-0.0058158413	-0.0079097946	-0.0491692046	-0.0479521189	-0.0045264742	0.0103301855	-0.1036454346	0.0677798328	-0.0260817986	-0.08716203	-0.0162036367	-0.0225119964	0.064260181	-0.011806188	-0.0398317359	0.0231662496	-0.0160792863	-0.1041439826	0.0315919186	0.0801057069	-0.0411496678	-0.0645054168	-0.0099207044	-0.0934278685	0.0383384899	-0.0217009416	-0.0279727024	-0.0540343252	0.0117623847	0.0158981841	-0.0012929387	0.0028661395	0.0334539018	0.0224580374	-0.0132336183	0.0228360701	-0.00802063	-0.0962716243	0.023845182	0.0923520963	-0.0390254656	0.0291703758314412	-0.0025736327104936	6.623585328523138e-06	0.0008509108261475	0.0311260181454002	-0.0177299195688362	0.0003143500479174	0.0009688290055877	0.0910008490189824	-0.0263075452795362	0.0006920869386348	0.0082811545221756	-0.0017588696998272	4.877520271989993e-05	3.093622620970225e-06	2.379020400367333e-09	-0.0028431372110893	-0.0001110679930832	8.083429201080643e-06	1.2336099087529798e-08	0.0018530036875331	0.00012596893525	1.5868172648018697e-08	3.4336226660112667e-06	0.0	0.0	0.0	0.0	0.0	0.0	0.0	0.0	0.0	0.0	0.0	0.0	0.0	0.0	0.0	0.0	0.0	0.0	0.0	0.0	0.0	0.0	0.0	0.0	0.0	0.0	0.0	0.0	0.0	0.0	0.0	0.0	1.0	0.0	0.0	0.0	0.0	0.0	0.0	0.0	0.0	0.0	0.0	0.0	0.0	0.0	0.0	0.0
566.5066330243046	1.3078205990635752	1.7103947193350086	320929.7652605341	775.4771544981194	-0.0725912071136463	0.0052694833502162	601364.8171485001	551.5623678504874	0.8237338984778262	0.6785375355014777	304221.0456288363	588.907652848175	549.0452936150142	1.609529	30.295946	0.1091018900272458	0.0652569288701653	0.0070258178	0.051758924	-0.0003578538	-0.0620513416	-0.0520693242	-0.1231587337	0.0009730331	-0.0324641655	-0.0633893267	-0.0121624224	-0.0302334889	-0.0856075853	-0.015524576	-0.016010308	-0.0010019367	0.0082070049	0.0434576182	-0.0192613262	0.0364279106	-0.0112861272	-0.0649600045	-0.1207140334	0.0028855255	0.047447692	-0.07493061	0.0488833901	-0.0679574889	0.0064265546	-0.0173367715	0.078216817	-0.0537211358	-0.0075614379	0.0713634393	-0.0356312163	0.1131584063	0.0253855223	-0.0266741793	-0.0250883731	0.0781065999	-0.014342019	-0.0383618228	-0.0984276337	0.1463037563	0.0005342785	0.006975664	-0.0097716529	-0.0134888296	0.0410571182	0.086357535	-0.0706817506	-0.0808073509	-0.0296861964	-0.0272072692	0.0108013923	0.0007926414	-0.0034018992	0.0345401766	-0.047434076	-0.0371231695	0.0494469405	-0.1152566053	0.0507172385	0.1477827317	-0.0332334591	-0.062402611	-0.0033374342	-0.0155144875	-0.0142269002	-0.0188344993	-0.0401736375	-0.0257331676	0.0595291035	-0.0220338382	0.0271563988	-0.073887518	-0.0545904936	0.0099361732	-0.0040617366	0.1635030166	0.0281991873	0.0434376299	-0.0294066566	0.020030071	0.1000175457	0.0073099659	0.0715637166	-0.0486711832	-0.0698182259	-0.0661184562	0.011133617	0.0700298705	0.0442345106	0.0891806046	-0.1109234537	-0.0500047996	-0.044294612	0.0341505886	0.0441841309	0.1110572016	0.1239049152	0.0193862601	-0.0719344192	-0.0423379866	-0.0804082315	0.1236981804	0.070245067	-0.0310521588	0.0579748957	-0.0207287891	-0.0295567577	0.0025917243	-0.0465352453	-0.0844234849	0.0504912314	-0.0144004102	-0.0220927652	-0.0053015825	0.0371802029	-0.0837011571	0.0086041306	-0.0204741257	0.0121091946	0.0083006694	0.0427626106	0.0103550803	-0.0179783492	-0.0627988422	-0.0412963789	0.0425009845	0.0959549269	-0.0238825411	-0.0094746822	-0.0957502779	0.0280668205	0.0903004534	-0.0456007488	0.0295457976206847	0.0003754217892435	1.4094151983879184e-07	0.0008729541570424	0.0835453666316397	0.0524193484862395	0.0027477880957218	0.006979828285615	0.0806023150239596	-0.0103985339950227	0.0001081295092456	0.0064967331872216	-0.0013877977910529	0.0003710719087743	1.925982708851309e-06	1.376943614814025e-07	-0.0027641192215372	7.901798955210022e-05	7.640355070871415e-06	6.243842672855821e-09	0.0023210855043415	0.0004680818168083	2.191005872266525e-07	5.387437918464236e-06	0.0	0.0	0.0	0.0	0.0	0.0	0.0	0.0	0.0	0.0	0.0	0.0	0.0	0.0	0.0	0.0	0.0	0.0	0.0	0.0	0.0	0.0	0.0	0.0	0.0	0.0	0.0	0.0	0.0	0.0	0.0	0.0	0.0	1.0	0.0	0.0	0.0	0.0	0.0	0.0	0.0	0.0	0.0	0.0	0.0	0.0	0.0	0.0
567.3711768019946	0.8645437776899598	0.7474359435424267	321910.0522656802	780.7110215765406	5.233867078421213	27.3933645945814	609509.6992110857	551.4259527363909	-0.1364151140965077	0.0186090833539632	304070.5813512364	588.5893318143895	555.2682431884214	1.281189	24.115641	0.1255691325385549	0.0710008679546976	0.0508120156	0.0229439287	-0.0166102411	0.017265469	-0.0845880712	-0.0715198082	0.0527571289	-0.0133375127	-0.0058669786	0.0039872324	-0.1447596041	-0.0491836607	-0.0445019427	-0.019521386	0.0720936563	-0.0342177222	-0.032642588	-0.002509631	-0.0616392431	0.0271272083	-0.0658871447	-0.0892210626	-0.0583475561	-0.1262500465	0.0065727017	-0.1153821291	-0.0783524233	0.0382250436	-0.0504589635	0.0224353809	-0.0219649376	-0.0448370409	0.0589935091	-0.076285764	0.0284126483	0.0816424291	0.0603624561	0.0764600324	-0.0690920308	-0.0518376451	-0.0674945016	-0.0104287267	0.0215379734	-0.0869923144	0.1391762455	-0.0150977269	0.0550990514	0.0593245814	0.0727074702	0.0294996529	0.0221564166	-0.019346215	0.063457933	-0.1112401449	0.0535845226	0.0406361415	0.0927536496	-0.013368301	-0.0732837464	-0.0780695929	-0.0054624824	-0.0229023461	0.0189752622	0.0195815484	-0.0728623496	0.0749690068	0.0536339716	0.0138500887	-0.0028427584	-0.0546123023	-0.0072476743	0.0600321956	0.0240172069	-0.02794393	-0.0518925083	-0.0104172442	0.0443567634	0.1296497331	0.0375501204	0.0105888718	0.0759567805	-0.0845812828	0.019259107	-0.1029174735	-0.1074000386	-0.0263209171	-0.0161146829	-0.0550221237	-0.0465940651	-0.0605186565	0.0700126104	0.0355923094	0.0041640039	0.0405490696	-0.0204085468	-0.0203920195	0.0390629831	0.0442030494	-0.026040821	0.0608781211	-0.0375523874	0.0847748506	0.0397617035	0.1675551857	0.0385139877	0.0310406	-0.0631383368	0.0602694859	-0.0084882841	-0.0282915887	-0.0011329826	-0.0291619239	-0.06558239	0.0720623816	0.0010773352	-0.0040471724	-0.00161852	0.051247623	-0.0675281908	0.0087698412	-0.0238938396	-0.0161537088	-0.0444997307	-0.0026424303	-0.0662178664	-0.0028237455	-0.0123338384	-0.0298506822	0.0190971153	0.0664587688	-0.0132659395	-0.010926614	-0.0951432221	0.0322319361	0.0879255584	-0.0519210142	0.0299043549033228	0.000358557282638	1.285633249328179e-07	0.0008942704421838	0.04098053868681	-0.0425648279448296	0.0018117645779729	0.0016794045510611	0.1084334273230567	0.0278311122990971	0.0007745708118049	0.0117578081610246	-0.0021088703313852	-0.0007210725403323	4.447334074596724e-06	5.199456084212769e-07	-0.0031369583951932	-0.000372839173656	9.840507973173096e-06	1.3900904941248894e-07	0.00231870451809	-2.380986251499916e-06	5.669095529831622e-12	5.3763906422109794e-06	0.0	0.0	0.0	0.0	0.0	0.0	0.0	0.0	0.0	0.0	0.0	0.0	0.0	0.0	0.0	0.0	0.0	0.0	0.0	0.0	0.0	0.0	0.0	0.0	0.0	0.0	0.0	0.0	0.0	0.0	0.0	0.0	0.0	0.0	0.0	0.0	0.0	0.0	0.0	0.0	0.0	0.0	0.0	0.0	0.0	0.0	0.0	0.0
566.5863309773474	-0.7848458246471637	0.6159829684660864	321020.0704503723	782.3752498396908	1.6642282631502212	2.769655711868002	612111.0315617187	551.1693339216599	-0.2566188147309276	0.0658532160739061	303787.6346556463	589.3400532831735	552.2040571287926	1.061837	19.986803	0.1312514449483416	0.0744825615133614	0.0300932793	0.0830654959	-0.0016737528	-0.0070112117	-0.0594739186	-0.0360599781	0.0525232276	-0.0805567851	0.005432657	0.0672078433	-0.0334051301	0.0206494468	-0.0577896887	0.0051733638	0.0147230777	-0.0278092631	0.00666146	0.0469694057	-0.0186088155	0.0162890338	-0.1003542917	-0.0716940686	-0.0736140648	0.0658397268	0.1631918526	-0.1231893538	-0.0249675863	-0.0948110035	0.1234383916	0.0335232271	0.0195621045	0.0933262303	0.0157842265	0.0626584535	0.0010261692	-0.0366175139	-0.1410068672	0.0264403507	0.0407725909	0.1229117581	-0.0095443018	0.0372311548	0.0308685811	-0.089320436	0.0698466218	0.0375356363	0.0298612347	0.1136303659	-0.0080372429	-0.047740494	-0.0082140779	-0.0144270446	-0.0141216138	-0.0710115782	0.0953913927	-0.1150098302	0.0200579008	0.0381909825	0.0877235798	0.0770009035	-0.0369752301	0.0093490443	-0.0694071099	-0.0522819901	-0.0190820987	0.0217376389	0.0311866924	-0.0153352804	0.0073931353	-0.0277477197	-0.0457952026	0.1421453031	-0.068148836	0.0053164466	-0.1729735717	0.0462689285	-0.0021825911	0.0224398059	-0.0357604795	0.0109628695	0.1149996735	-0.0195445663	0.0114020567	0.0366625876	0.1649326604	-0.1188026884	0.0057695674	-0.0674716221	-0.0025811738	-0.0284477999	-0.0360649811	0.0415696818	-0.0054142205	-0.0606755127	0.038547824	0.0465788692	-0.0173705423	0.031067909	-0.0001246628	0.0256354642	0.0820645064	0.1106014289	0.0139775606	0.046483722	0.0862660487	-0.0589774545	0.1299184227	0.0542825944	0.0089120414	0.0037276148	-0.0023298349	-0.012995965	-0.0422621837	0.0955593845	0.0365688283	0.0194917948	-0.0044808764	0.0421733628	-0.0418406624	-0.0507249049	0.0009775391	0.0237778165	0.0130149628	0.0446345114	-0.0155935892	-0.0185817522	-0.0365195216	-0.0100168206	-0.0294284984	0.0808442629	-0.0173258761	-0.0123761005	-0.0944510002	0.0363321408	0.0852359127	-0.0579509162	0.0293147460024414	-0.0005896089008813	3.476386559985716e-07	0.0008593543331876	-0.0122666507952118	-0.0532471894820218	0.0028352631877343	0.0001504707217316	0.1203062265715502	0.0118727992484934	0.000140963361995	0.0144735881518851	-0.0028840461938529	-0.0007751758624676	8.317722448277398e-06	6.00897617752542e-07	-0.0028150493160485	0.0003219090791446	7.924502651785126e-06	1.0362545523578869e-07	0.0021049525133635	-0.0002137520047265	4.568991952459777e-08	4.430825083515315e-06	0.0	0.0	0.0	0.0	0.0	0.0	0.0	0.0	0.0	0.0	0.0	0.0	0.0	0.0	0.0	0.0	0.0	0.0	0.0	0.0	0.0	0.0	0.0	0.0	0.0	0.0	0.0	0.0	0.0	0.0	0.0	0.0	0.0	0.0	0.0	0.0	0.0	0.0	0.0	0.0	0.0	0.0	0.0	0.0	0.0	0.0	0.0	0.0
565.6580323199051	-0.9282986574422694	0.8617383974091197	319969.00952802686	776.8224187950533	-5.552831044637514	30.833932610290148	603453.0703425972	551.2774068849897	0.1080729633297323	0.0116797654028696	303906.77934183844	588.4410912757884	549.7603527125967	1.12394	21.155769	0.085099944893474	0.0484371758163495	0.066995502	-0.0138023701	0.0263601697	0.025658214	-0.0457429532	-0.0501989461	0.0046830515	0.0033755115	0.0864476287	0.0062038418	-0.1161591357	0.0004861927	-0.0506811192	0.0083088531	0.0169677853	-0.0262595032	-0.0233961433	0.0478514368	-0.0257309671	-0.0605143583	0.0235528545	0.0024750589	0.0166752696	0.0263450008	0.0342357629	-0.0234638268	0.00662658	0.068228901	-0.0113864337	-0.1047327309	0.0434168759	-0.0284864207	0.0356617226	0.0188458085	0.0406860605	-0.045037034	0.0558453122	0.0293155021	0.0222294039	-0.0508217853	0.0253693472	0.0394875816	-0.1124939533	-0.0627229203	0.0548196369	0.0959614731	0.0188445111	0.0612845943	-0.1329590156	-0.0049444102	0.0118028752	-0.058705149	-0.0718273292	-0.1399719201	-0.1049635301	0.0453144729	0.033151151	-0.0450094497	0.0263651055	0.0328580388	-0.075206152	-0.0251357837	0.1678149966	0.0366785025	-0.0292229131	0.1237377163	0.0603935772	0.0401045013	0.0126928334	-0.0327885379	-0.0362395602	0.0399597156	-0.0938405862	0.0015883577	-0.0202219172	0.0874291994	-0.0596430646	-0.0040872769	0.0055169755	0.0047418014	-0.0236029049	-0.064135655	-0.0695494428	-0.1259619545	-0.0694034658	0.0090023006	0.0334604934	0.0438972102	-0.02729644	-0.0165500011	0.0088161141	-0.0747626725	0.0488505934	-0.028948293	-0.0164842795	0.0301279504	-0.0025758927	0.0349363247	-0.004245113	0.0314463862	0.0647572311	0.0567573837	0.0018177105	0.1285729502	-0.0610297742	-0.0274265444	0.0543525197	0.0588669072	-8.30479e-05	-0.0107296461	0.0231792428	-0.0088731612	-0.0600287279	0.053077189	0.087174672	0.0301452412	0.0167744778	0.019976719	-0.0488030177	-0.0065747629	-0.0390165307	-0.0360742258	-0.0807050399	0.0372183123	-0.0113423197	0.004318856	-0.0188141727	-0.0060409426	0.0345272945	0.0035586693	-0.0281047167	-0.0138228173	-0.0936742318	0.0403591775	0.0822411445	-0.0636567332	0.0501383392992522	0.0208235932968108	0.0004336220377909	0.0025138530676869	0.0300253095765583	0.0422919603717701	0.0017886099120873	0.0009015192151681	0.1277374651192033	0.0074312385476531	5.522330635212551e-05	0.0163168599950796	-0.0027611291462298	0.000122917047623	7.623834162159705e-06	1.5108600596379346e-08	-0.0028812781883673	-6.62288723188003e-05	8.301763998761152e-06	4.386263528619953e-09	0.0020030353797606	-0.0001019171336028	1.0387102121831366e-08	4.012150732572691e-06	0.0	0.0	0.0	0.0	0.0	0.0	0.0	0.0	0.0	0.0	0.0	0.0	0.0	0.0	0.0	0.0	0.0	0.0	0.0	0.0	0.0	0.0	0.0	0.0	0.0	0.0	0.0	0.0	0.0	0.0	0.0	0.0	0.0	0.0	0.0	0.0	0.0	0.0	0.0	0.0	0.0	0.0	0.0	0.0	0.0	0.0	0.0	0.0
565.1074834335135	-0.5505488863916526	0.3031040763070887	319346.4678325588	776.2072206673373	-0.6151981277159848	0.3784687363452531	602497.6494161125	552.03129763122	0.7538907462303541	0.5683512572517602	304738.5535644086	590.0163648462363	548.1676669664149	1.113618	20.961475	0.0493864756160948	0.025623223880654	0.0381810222	0.0066849336	-0.0315726623	-0.0400238536	-0.011888063	-0.0723930382	-0.0056884252	-0.0268580204	0.0507828928	-0.0073471024	0.072565435	-0.0131178655	-0.01317573	-0.0426067147	0.0610320786	-0.0243446482	-0.0048276835	0.0605550831	-0.0542932908	-0.0132406856	0.0040144237	-0.0700406463	0.0077781201	0.0180391439	-0.0157365174	-0.1010845971	-0.0525967267	-0.0627512696	0.1498703093	0.023899348	0.0821367002	0.0578631319	0.0484005417	-0.0247671527	-0.0968608863	-0.0620459748	-0.0220093737	-0.0094737383	-0.0280120463	0.0765012044	0.1122054821	0.0402237953	-0.0147340268	-0.0355841812	-0.0618822621	-0.0078112718	-0.0125804041	0.0319426013	-0.0769324014	0.0439222525	0.0400294084	-0.0290899592	-0.1234202994	0.0508777163	-0.0372561983	-0.004564516	0.1043514557	0.006326055	0.0461597458	-0.0101770969	0.0298789892	0.0135541018	-0.0158259595	-0.0193358812	-0.0238815097	0.0069971366	0.0370254561	-0.0237402714	0.0371545635	0.0034217053	0.0297761259	-0.0121131169	0.0365656644	0.0630480088	-0.0627117732	0.03241276	0.094289601	0.0914701309	0.0513098107	0.0368307085	0.0934639866	-0.0520876917	-0.0583735817	-0.0022966167	0.1207028502	-0.0726877617	0.0337361153	0.0857270019	-0.0235946836	-0.0044810182	-0.1038223336	-0.0621218476	-0.0849647769	-0.008594432	-0.0947111843	-0.0011426621	-0.016798117	-0.0781471246	0.0445999927	-0.0069802314	0.1054115166	-0.0029789827	-0.0002685871	-0.0554415099	0.0267065425	0.0653711748	0.0457762574	0.0434839374	-0.0145211316	-0.0354547061	-0.0065353305	-0.0240558107	-0.0830736196	0.0166818167	0.0014773976	-0.0295695981	-0.0349448074	-0.0131117971	-0.0254310368	-0.0535557459	-0.0806039239	0.0404422572	-0.0194993869	0.0120331601	-0.0096156159	-0.0334520002	-0.0536356702	-0.0431708975	-0.0096809193	0.0978236057	-0.02956809	-0.0152664406	-0.0928136124	0.0443049362	0.0789519744	-0.0690065559	0.0482278395904103	-0.0019104997088419	3.6500091374850032e-06	0.0023259245115583	0.0464383333830937	0.0164130238065354	0.0002693873504738	0.0021565188073993	0.1328365718942308	0.0050991067750274	2.6000889903131137e-05	0.0176455548326111	-0.0024609782556044	0.0003001508906254	6.056413974557676e-06	9.009055714322093e-08	-0.0028141608213843	6.71173669830002e-05	7.919501128614357e-06	4.5047409507307245e-09	0.002155044028666	0.0001520086489054	2.310662934204524e-08	4.644214765488984e-06	0.0	0.0	0.0	0.0	0.0	0.0	0.0	0.0	0.0	0.0	0.0	0.0	0.0	0.0	0.0	0.0	0.0	0.0	0.0	0.0	0.0	0.0	0.0	0.0	0.0	0.0	0.0	0.0	0.0	0.0	0.0	0.0	0.0	0.0	0.0	0.0	0.0	0.0	0.0	0.0	0.0	0.0	0.0	0.0	0.0	0.0	0.0	0.0
565.2077536775321	0.1002702440185885	0.0100541218355472	319459.8048172018	774.6014251402582	-1.6057955270790671	2.578579274787139	600007.3678293191	551.1606686443364	-0.8706289868836166	0.7579948328019925	303778.082660472	589.1173861772032	548.8638826802896	0.869344	16.363531	0.0920190349342312	0.0475023316511494	0.0443614036	-0.0049267738	0.0097927519	-0.0319364327	-0.0039269676	-0.0989948777	-0.0184994462	-0.0071899867	0.0226372479	-0.0486746409	-0.0858598663	-0.0219144284	-0.0629058718	-0.0372063183	0.0106075664	0.0275566774	0.0138516574	0.0221010564	-0.034697133	-0.0290304032	0.0412629676	0.0255290417	0.016094212	-0.0876121235	-0.0188881484	0.0445989868	0.0232093321	0.0506947769	-0.0222276824	-0.0254380184	0.0156032535	0.0075967966	0.0733990779	-0.0189935635	0.1224777914	-0.0822466389	0.0024309952	0.0435105349	-0.0296664864	0.0601324387	0.0753340754	-0.0244020208	0.0030881855	-0.0309840661	0.0617049682	0.0684202339	-0.0109758763	0.1206747976	-0.0944563166	-0.0077205011	-0.0253863779	0.0182549929	0.0236399825	-0.0645563489	0.0734829754	0.0152879348	-0.0312551191	0.0243941519	0.0160581253	-0.0115337059	-0.084811761	-0.1224331415	0.1123913565	-0.0236049935	-0.0431198656	0.0575713722	0.0150247035	-0.0207182896	-0.0317799851	-0.0594494022	-0.0133225918	-0.0088270037	-0.05699979	-0.0093721191	0.0243213877	-0.0022123823	-0.0183971565	-0.0057842095	0.0329918856	0.0308128583	0.0212290176	-0.0524616341	0.0198749704	-0.011864591	-0.0643983898	-0.0983772579	-0.0205070841	-0.00416869	-0.0678224718	0.0011820321	0.0880041348	-0.0390367358	0.0403630345	-0.0099441462	0.0187660695	0.0171947709	-0.022802477	-0.0479312012	-0.0159191179	0.0712223714	0.0683952717	0.0364772692	-0.0323374986	0.0235711803	0.0225410106	0.0472173387	-0.0627375377	0.0474914077	-0.0084843985	-0.0278298602	-0.0057153652	-0.0251214778	-0.0450674171	0.0542407705	-0.0196808554	0.0031291389	0.0229456032	0.0169692152	-0.0039003424	-0.0092848885	-0.0139160765	-0.0045139755	-0.038065659	0.0055093854	-0.0720777597	0.0195034527	-0.0574137503	-0.0664700905	0.0142486384	0.0413747616	-0.0103952794	-0.0167066473	-0.0918699121	0.0481614706	0.0753801767	-0.073970466	0.0492811657541096	0.0010533261636993	1.1094960071334938e-06	0.002428633298084	0.0195174672343085	-0.0269208661487852	0.0007247330342008	0.0003809315272423	0.1432183910239075	0.0103818191296767	0.0001077821684413	0.0205115075274768	-0.0028807430244561	-0.0004197647688517	8.298680372952479e-06	1.762024611691213e-07	-0.0032973763490025	-0.0004832155276181	1.0872690786961057e-05	2.3349724613133535e-07	0.0019847638552945	-0.0001702801733715	2.8995337443428237e-08	3.939287561283487e-06	0.0	0.0	0.0	0.0	0.0	0.0	0.0	0.0	0.0	0.0	0.0	0.0	0.0	0.0	0.0	0.0	0.0	0.0	0.0	0.0	0.0	0.0	0.0	0.0	0.0	0.0	0.0	0.0	0.0	0.0	0.0	0.0	0.0	0.0	0.0	0.0	0.0	0.0	0.0	0.0	0.0	0.0	0.0	0.0	0.0	0.0	0.0	0.0
564.9726632830077	-0.2350903945243772	0.0552674935976273	319194.1102570948	777.0314625812822	2.430037441023956	5.905081964778255	603777.8938412066	551.3210357526027	0.160367108266314	0.0257176094136996	303954.88446332264	589.698963030393	544.7093041412874	0.887912	16.713039	0.1040310700044852	0.0537096502543184	0.0349165539	-0.0067510063	-0.0054137922	0.0160837931	-0.0015591328	-0.0505754207	-0.0002056983	-0.074433454	0.0306503777	-0.0045002779	0.0495179674	-0.0082849897	-0.0536818955	0.0642428246	-0.0091641587	-0.039464669	0.0340374891	-0.0490503545	0.0265595161	-0.0294034123	-0.0064555655	-0.074004151	-0.0357225077	0.0926637718	0.0900471577	-0.1631344552	0.0146030278	0.0456650425	-0.0992226093	0.0194672325	-0.0123227881	-0.0504597956	-0.0284074982	-0.0745593037	-0.0130657049	0.0281772266	-0.0165975594	-0.1204709733	-0.1169775735	-0.023431627	-0.0679588014	0.0463877351	0.0967707502	0.0204540353	0.0029604251	-0.0791066665	-0.0366422668	-0.005271143	0.0753123557	0.0283134226	0.022545803	-0.0534769536	-0.0813217592	-0.018828418	-0.0545315707	0.0125000741	0.0069542562	0.0483450223	-0.0468719659	0.0114918196	-0.1438529723	-0.0630971263	-0.1160905181	-0.0649791993	-0.0118952164	-0.0079427032	-0.0063357549	0.0366813941	0.0881888538	0.019384533	0.0041043952	0.0915622557	-0.0603228985	0.0069232397	-0.0808516146	0.1123300545	0.0419605228	0.0313956475	0.0559409134	-0.0225063429	0.0296095075	-0.0518404301	-0.0112131203	0.0012426013	-0.0184086444	0.0108555849	0.0335073276	0.0369706763	-0.0124409574	-0.0974700817	0.092174347	-0.0033118393	-0.0510560228	0.0188475153	-0.0633226651	-0.0830992428	0.10995725	0.0057855895	0.0552465952	-0.0186029642	0.0314472499	-0.0653135058	0.0144306783	0.0438980704	0.0734230623	0.0691919655	0.020413654	0.0497230714	-0.0215076194	-0.0230875511	-0.0051675616	-0.0373359237	-0.0645863656	0.065325171	-0.0186200848	0.0100138842	-0.0071304687	0.0274321118	0.016236308	0.0231382119	0.0275788589	0.0187366112	0.0147268519	-0.0106997509	-0.0328404514	-0.0268123135	0.0174171701	-0.0333784065	0.0044897857	0.0953870555	0.0065694051	-0.0181431151	-0.0908439759	0.0519210142	0.0715385375	-0.0785207032	0.0526683798130562	0.0033872140589465	1.147321908112548e-05	0.0027739582321323	0.0121131213511773	-0.0074043458831312	5.4824337957041945e-05	0.0001467277088683	0.1063685323267051	-0.0368498586972023	0.0013579120860037	0.0113142646693373	-0.002334902308163	0.0005458407162931	5.4517687886649055e-06	2.979420875633646e-07	-0.0035472209154623	-0.0002498445664598	1.2582776223093198e-05	6.242230738948542e-08	0.0023168715998457	0.0003321077445512	1.1029555399088519e-07	5.367894010171573e-06	0.0	0.0	0.0	0.0	0.0	0.0	0.0	0.0	0.0	0.0	0.0	0.0	0.0	0.0	0.0	0.0	0.0	0.0	0.0	0.0	0.0	0.0	0.0	0.0	0.0	0.0	0.0	0.0	0.0	0.0	0.0	0.0	0.0	0.0	0.0	0.0	0.0	0.0	0.0	0.0	0.0	0.0	0.0	0.0	0.0	0.0	0.0	0.0
564.4591698099213	-0.5134934730864416	0.2636755469023761	318614.1543825055	775.3823535413627	-1.6491090399194943	2.719560625544197	601217.7941833428	551.2799323545684	-0.0411033980343518	0.0016894893299703	303909.56381685747	587.9183178676406	541.5381454553086	0.948845	17.859985	0.1341645531169902	0.0885663352600645	0.0323430116	-0.0139182353	0.0568109987	-0.0097751516	0.0083534199	-0.059697165	-0.008655527	0.0130674167	0.0918684224	-0.0390815331	-0.10784518	0.0587924113	-0.0498640058	-0.0153925671	0.032187724	0.0360486974	-0.0465917732	-0.003679912	-0.0910055241	0.0336023586	0.0025079468	0.0364495557	-0.0457534545	0.0482034155	0.033541513	-0.0552915682	-0.0808730172	0.0696082959	0.0290596104	-0.0810803673	-0.005757813	0.082380042	0.0598084289	-0.0464769819	0.0456979597	-0.0163385864	0.1096062934	0.0269085171	-0.026105024	-0.0142611618	-0.0441193	-0.0321505192	0.0243744874	-0.127099067	0.049295647	0.0092410476	-0.0204060304	0.0504223213	0.0206981237	0.0814000592	0.013140707	-0.1043333248	-0.0517659803	0.0199885293	-0.0880570499	0.118538288	-0.0396382727	0.1197464076	0.0866100069	0.0795569858	0.0094252305	-0.0296575566	-0.0136732084	0.047575901	-0.0612483979	0.1114339237	0.0453547385	0.0210019638	-0.0035394592	-2.00653e-05	-0.0362697122	-0.0064530226	-0.0471363453	-0.0604661447	-0.0400784755	-0.0043157735	-0.0302811949	0.0319240418	-0.0151133272	-0.0053721254	0.0364787992	-0.0754626978	-0.0427526332	-0.0564134182	-0.0276612846	0.0730614863	-0.1000940858	0.0049529709	-0.0729524961	-0.0719382677	-0.0625348203	-0.0927498206	-0.0355903235	-0.0648280548	-0.0513747192	0.0087070522	0.0660801614	0.0279085863	0.0436926384	0.0006618641	0.0130288083	0.0498106888	0.0109025068	0.0637029463	0.0078281236	-0.0064424676	0.0538787036	0.0335774227	0.002094951	-0.026558074	-0.0183539389	-0.0025491865	-0.0645759739	0.0134887881	0.0068550074	0.0079972234	-0.0438935982	-0.0229218956	0.0009064862	-0.0833835525	-0.0701966275	-0.0102722905	-0.018331369	0.0117408389	0.029458366	0.0071166542	-0.0327153547	-0.0471174395	-0.0192134821	0.0103150704	-0.0063135498	-0.0195755225	-0.089736722	0.0555759958	0.067440809	-0.0826318208	0.0523434833243925	-0.0003248964886636	1.055577283460004e-07	0.0027398402465309	0.0197319354189602	0.0076188140677828	5.80463277994466e-05	0.000389349275378	0.1766174666845188	0.0702489343578137	0.0049349127784084	0.0311937295380571	-0.0032042044663327	-0.0008693021581696	1.026692626206642e-05	7.556862421984977e-07	-0.003299228736816	0.0002479921786462	1.08849102578325e-05	6.15001206697383e-08	0.0023147277726071	-2.143827238599693e-06	4.595995228961985e-12	5.357964661278627e-06	0.0	0.0	0.0	0.0	0.0	0.0	0.0	0.0	0.0	0.0	0.0	0.0	0.0	0.0	0.0	0.0	0.0	0.0	0.0	0.0	0.0	0.0	0.0	0.0	0.0	0.0	0.0	0.0	0.0	0.0	0.0	0.0	0.0	0.0	0.0	0.0	0.0	0.0	0.0	0.0	0.0	0.0	0.0	0.0	0.0	0.0	0.0	0.0
565.5043098069763	1.0451399970550028	1.0923176134441313	319795.1244102646	777.6899284148312	2.307574873468525	5.324901796663278	604801.6247578653	552.0608797335843	0.78094737901597	0.6098788087919131	304771.21493221907	589.9147374478223	546.2821841844228	0.935443	17.607708	0.0718437412274497	0.0338911804063211	0.025329425	-0.0037407156	-0.0334438226	0.0393599766	0.0358576353	-0.0781913132	0.0073036745	-0.026408209	-0.0106201956	-0.04151734	0.0646538385	0.0578214427	-0.0402109405	-0.0340927899	0.0224408002	-0.0415185227	-0.0214457685	-0.0528329754	-0.0317880421	-0.1055355968	0.0708162721	-0.1125125691	-0.1410213633	0.0566520356	-0.0775942249	-0.0908848472	0.0919075343	0.0225436697	-0.0388899453	0.0719237251	-0.021947018	-0.0162520866	0.113270571	-0.0376090389	0.0122295903	-0.0027802205	-0.0143963022	-0.060524959	-0.0789406457	-0.0867530346	-0.1056591205	0.0217827431	-0.0606761048	0.0563909199	0.0769341875	0.0424363501	-0.0033421742	-0.1278945284	0.0062255292	0.0114491464	0.1141773106	0.0116103511	0.0107368454	0.0595430192	0.0947301881	0.0338558719	0.025011337	-0.0511832675	0.0418924273	-0.0390410509	0.0610659524	-0.0464530878	0.0250729474	-0.0399783296	-0.0600944755	-0.0368888455	-0.0061367135	-0.0371358621	0.0683651511	0.0366042597	0.0670430412	0.0408813717	-0.0255257526	-0.0554907729	0.0021355479	-0.0095888243	0.0253128773	0.0315670845	0.1717633644	0.0180017023	-0.0539280757	-0.0054739542	-0.0426616947	0.0219608884	0.0056184226	-0.0521158022	0.0309098799	-0.027877167	-0.1948286072	-0.0394420405	0.1138559023	-0.0581725778	-0.1382722286	0.1272560434	-0.067588493	0.0219082294	0.0440803982	-0.0169136357	0.0681578056	-0.0277442894	0.0300856284	-0.0596848259	0.0540018747	0.0029923389	-0.0905477193	-0.0187836447	-0.0687188342	0.0316794105	-0.006712673	-0.0158912909	-0.0394974493	-0.0170949043	-0.031744613	0.0569552489	-0.0339466643	-0.0051334892	-0.0038461381	0.0116197445	-0.0082536141	-0.002467974	-0.0196334665	-0.0096385653	0.019634666	-0.0362726357	-0.0304073308	-0.0385628118	-0.0052819069	-0.0002970749	-0.0083632014	0.0879521307	-0.0018371961	-0.0210035491	-0.0885491416	0.0591190548	0.0631016598	-0.0862808277	0.0420128245595634	-0.0103306587648291	0.0001067225105153	0.0017650774274726	0.0176117116233598	-0.0021202237956003	4.4953489434301625e-06	0.0003101723863043	0.1625011873141986	-0.0141162793703202	0.0001992693432609	0.0264066358785242	-0.003676753648125	-0.0004725491817923	1.3518517389000495e-05	2.233027292125722e-07	-0.0030139991224356	0.0002852296143804	9.084190710042567e-06	8.135593291959169e-08	0.0021669749828458	-0.0001477527897613	2.183088688224701e-08	4.695780576279555e-06	0.0	0.0	0.0	0.0	0.0	0.0	0.0	0.0	0.0	0.0	0.0	0.0	0.0	0.0	0.0	0.0	0.0	0.0	0.0	0.0	0.0	0.0	0.0	0.0	0.0	0.0	0.0	0.0	0.0	0.0	0.0	0.0	0.0	0.0	0.0	0.0	0.0	0.0	0.0	0.0	0.0	0.0	0.0	0.0	0.0	0.0	0.0	0.0
567.1409073502151	1.6365975432388495	2.678451518535438	321648.8087900253	780.6776946347401	2.987766219908849	8.926746984828412	609457.6629002125	552.4152619948081	0.3543822612238045	0.1255867870700968	305162.6216847925	589.1052342891019	546.8675085866032	1.043166	19.635365	0.096144541263592	0.05070786556645	0.0032007299	0.0580990615	0.0299311508	-0.0314630655	-0.0385917787	-0.0495455817	0.0387492408	0.0419553118	-0.0577579989	-0.0776056079	-0.0570203009	0.1040435768	0.0280568433	-0.0309148204	0.0405492782	-0.0363496506	-0.0332020096	0.0308704648	-0.0249903837	-0.0424901639	-0.0030496239	0.0806648844	0.0912826891	-0.066769521	-0.0310489901	0.0507614693	-0.0433653938	0.0606395995	0.0042854776	-0.0039604275	-0.0137509227	-0.0210895657	-0.0704927429	-0.0497383946	0.1394465679	-0.0799401933	0.1139017569	0.0575899929	-0.1203315927	-0.0206072217	-0.051305313	0.1382301089	-0.0310571925	0.019153517	-0.0594373817	0.047479737	-0.0283346042	-0.0989963222	-0.028494913	-0.0643782029	0.0614730506	-0.0251438528	0.0268720628	0.1215375267	-0.0357124462	0.0641256475	-0.0603575127	0.0122428561	-0.0299639972	0.0959517986	0.0298284164	0.0621916451	0.1194340948	0.0669688649	-0.0921127651	-0.0138878066	0.0065438564	-0.0011167182	-0.0680180661	-0.0498521227	-0.044341214	-0.0015319819	-0.0420184979	0.0613071298	0.0909908451	-0.0807977594	-0.0523230688	0.0270030821	-0.0377294355	0.037126551	-0.0526514671	-0.0179180266	-0.0448283479	-0.0212646456	-0.1567206022	0.0388229419	-0.0452720575	-0.0307994649	-0.0373074353	0.0218551869	-0.0499276078	-0.1059609955	-0.0208390817	0.0926897292	-0.1388284784	-0.0108280786	0.0288903619	0.0559505283	0.0466068456	0.0204468487	-0.0235685466	-0.0301722291	-0.0258651011	-0.0044249546	-0.104332921	-0.1199423833	0.0107768828	0.0382301735	0.005397989	-0.0010401686	0.0103428191	0.0158463757	-0.0465461707	0.0602186277	0.1043303143	0.0217761049	-0.0295991383	-0.0102941874	-0.0212012525	-0.0176332928	-0.050913931	-0.0053564734	-0.0286922785	0.014734878	-0.0162179962	0.0196434049	-0.0364152615	-0.036403214	0.0102664458	-0.0434816887	-0.0092160988	-0.0224268751	-0.0872822977	0.0625430558	0.0585366231	-0.0894473172	0.0369785925596772	-0.0050342319998862	2.5343491828678225e-05	0.0013674163076946	-0.0147982643362638	-0.0324099759596235	0.0010504065417033	0.0002189886273659	0.1768643293004359	0.0143631419862373	0.0002062998477168	0.031280990978893	-0.0041726112443114	-0.0004958575961863	1.7410684596153927e-05	2.458747556957549e-07	-0.003112934564472	-9.893544203639977e-05	9.69036160268448e-06	9.788221690937815e-09	0.0018750241947117	-0.000291950788134	8.523526269212209e-08	3.515715730754259e-06	0.0	0.0	0.0	0.0	0.0	0.0	0.0	0.0	0.0	0.0	0.0	0.0	0.0	0.0	0.0	0.0	0.0	0.0	0.0	0.0	0.0	0.0	0.0	0.0	0.0	0.0	0.0	0.0	0.0	0.0	0.0	0.0	0.0	0.0	0.0	0.0	0.0	0.0	0.0	0.0	0.0	0.0	0.0	0.0	0.0	0.0	0.0	0.0
566.952719609945	-0.1881877402701093	0.0354146255879701	321435.3862731129	784.3033916059746	3.625696971234561	13.145678527219468	615131.8100846348	552.2699287134573	-0.1453332813508723	0.0211217626682118	305002.07416116714	590.3896551820143	549.2200139201107	1.189794	22.395317	0.0842213361074319	0.0418638545133127	0.0355048719	0.0088401655	-0.0368798027	0.1028890671	-0.0449742002	-0.0781818139	0.0656163329	-0.0711523619	-0.0850146425	0.0467189444	0.0839893459	-0.022227281	-0.0082142992	-0.0693999818	0.0151348222	-0.0237312316	-0.021515226	0.0515559224	-0.0986453385	0.0299382731	0.0138806501	-0.146742597	0.0578180007	0.043897543	-0.0315959694	-0.0559154629	-0.0197783732	0.1791801513	-0.0158874952	-0.0582639303	0.0467558488	-0.022836321	0.0545887306	-0.068440014	0.0228480584	0.0899646763	-0.0314621561	-0.0453228271	-0.0114515607	0.0871394599	-0.0068902943	-0.0491036828	-0.0708853265	-0.0125081243	0.0470555768	-0.148214809	0.0470603362	-0.109235173	0.0323155477	0.0094794642	0.1256711839	0.0505442823	0.0701337793	0.051858021	-0.0794445416	0.1228561664	0.1129264885	-0.0943500555	-0.1510012067	0.1698062554	0.0484687359	0.0645184292	-0.1128869845	-0.0451530541	-0.0441678349	-0.0986863822	0.021352201	-0.0293326372	0.0185294752	0.0249826052	0.0991265595	0.0456448166	-0.0034361129	0.0230935512	-0.0649507287	0.0024342331	0.0138639896	-0.0396402387	0.0711298405	0.0824456275	-0.0515661587	-0.0733338589	-0.0542421218	-0.0874176779	-0.0973461253	-0.0182433921	0.0197215993	0.1334987097	0.0093582518	-0.15238223	-0.0090056705	0.0192865634	0.0227109425	-0.1067115532	-0.0072807844	0.1796819882	-0.0082525131	0.0219612068	0.1253621485	-0.0422696295	-0.1193577872	-0.0862740937	0.0854379608	-0.0545975527	-0.0666331513	-0.0867498664	-0.0415576069	0.0358603784	-0.0063423751	-0.0023659279	-0.0274198711	-0.0150360565	-0.0695744309	0.0556345415	-0.0579892853	-0.009549606	-0.0455921632	0.0234016395	-0.0261841739	-0.0024941063	-0.0601693678	-0.0082553585	-0.0157432873	-0.033141538	-0.0062053253	-0.060005657	0.0229802114	0.0031123494	-0.0757752585	0.0913955867	0.020402839	-0.023845182	-0.0859373244	0.0658411035	0.0537620404	-0.0921135811	0.0374341597280363	0.0004555671683591	2.075414448867299e-07	0.0014013163145441	-0.0003484249831728	0.014449839353091	0.0002087978573301	1.2139996889896597e-07	0.1578788473950041	-0.0189854819054318	0.0003604485231814	0.0249257304547749	-0.0037912078501487	0.0003814033941626	1.4373256963029129e-05	1.4546854907882766e-07	-0.0033004051881964	-0.0001874706237244	1.0892674406273714e-05	3.514523475961563e-08	0.0023127591304356	0.0004377349357239	1.9161187395320688e-07	5.348854795413233e-06	0.0	0.0	0.0	0.0	0.0	0.0	0.0	0.0	0.0	0.0	0.0	0.0	0.0	0.0	0.0	0.0	0.0	0.0	0.0	0.0	0.0	0.0	0.0	0.0	0.0	0.0	0.0	0.0	0.0	0.0	0.0	0.0	0.0	0.0	0.0	0.0	0.0	0.0	0.0	0.0	0.0	0.0	0.0	0.0	0.0	0.0	0.0	0.0
567.1377486410688	0.1850290311238041	0.0342357423586136	321645.2259336602	781.2053552344142	-3.098036371560397	9.597829359511111	610281.8070469274	551.4217202772788	-0.8482084361784246	0.7194575512042485	304065.9135935536	589.3682604928671	555.0148072435707	1.225652	23.070276	0.1397653468859259	0.074149148287365	0.0043943138	0.1067713661	0.0584200561	-0.0484603259	-0.0489317122	-0.0948627302	0.0340449119	-0.0192645642	-0.0049232278	0.045920639	-0.1702008008	-0.0154663686	-0.0220702815	0.0109486194	-0.0342883386	0.0142953355	0.0569778114	0.001090435	-0.0055376718	0.0306853292	-0.0636046618	0.0991174515	-0.030477285	-0.0628821239	0.0004181069	-0.0185002859	0.0507647882	0.0702486084	-0.0806417641	-0.1460900595	0.0217850268	-0.0624822896	0.0408418498	-0.1880788851	0.0215621304	-0.0519773425	0.0004941995	-0.0221259245	-0.0679235632	-0.0087962869	0.0118479637	-0.0398734056	-0.0199535171	0.0518888897	-0.073512917	0.1224534103	0.025159084	-0.0355212383	-0.0271704127	-0.044300375	0.0481072512	-0.1087847441	0.073367246	-0.0180345559	-0.0471565975	-0.0776688249	0.0855126646	0.0383083215	-0.0597455381	-0.0194551596	0.0440087538	-0.1156302647	0.0629222918	-0.0064839287	0.0118752271	0.0614042919	0.0319322457	0.024189078	-0.0830064321	-0.0673204531	-0.0150654653	0.0507505711	-0.0461624019	-0.0392902096	0.0303224708	0.0263863231	-0.0594576749	0.0563017899	0.0038836848	-0.10230603	-0.0373785439	0.0334284147	0.0457819822	-0.0943802716	-0.0670469568	-0.0171129982	-0.0319747475	0.0439826497	0.0259281393	-0.0498993397	0.1172883465	0.0342733044	-0.0329641998	0.0266542067	-0.0774375417	0.0295397912	0.0742849102	-0.1170613004	0.0312544861	0.0695313773	0.0974975479	-0.0066759699	-0.1252155736	-0.0371289015	0.0066246578	-0.1140528645	-0.0243081128	0.0281170327	0.0261565868	0.0171476935	-0.0480387249	-0.0012675543	0.011073727	0.0839644777	-0.026288516	0.0178917657	0.0415550377	0.0682528596	-0.0048013194	-0.022764612	-0.0039538909	-0.0045158824	0.0179847008	0.0308467838	-0.0201645721	0.036520592	-0.0251099314	-0.0311454314	0.0170407543	-0.0252559894	-0.0507523028	-0.0252581525	-0.0845154255	0.0690065559	0.0487950036	-0.0942647084	0.0368199215777025	-0.0006142381503337	3.772885053254843e-07	0.0013557066249881	0.0400720447555045	0.0404204697386773	0.0016338143738953	0.0016057687708871	0.1674592782755439	0.0095804308805398	9.178465585680075e-05	0.028042609880566	-0.0049740765049955	-0.0011828686548468	2.4741437077548253e-05	1.3991782546190784e-06	-0.0031137535699274	0.000186651618269	9.695461294235628e-06	3.4838826602436556e-08	0.0018992752412239	-0.0004134838892117	1.709689266376334e-07	3.607246441926104e-06	0.0	0.0	0.0	0.0	0.0	0.0	0.0	0.0	0.0	0.0	0.0	0.0	0.0	0.0	0.0	0.0	0.0	0.0	0.0	0.0	0.0	0.0	0.0	0.0	0.0	0.0	0.0	0.0	0.0	0.0	0.0	0.0	0.0	0.0	0.0	0.0	0.0	0.0	0.0	0.0	0.0	0.0	0.0	0.0	0.0	0.0	0.0	0.0
566.2112051178736	-0.9265435231951642	0.8584829003749078	320595.1288010348	778.6714964717268	-2.533858762687487	6.420440229248162	606329.2994175184	552.4125261919214	0.9908059146425784	0.9816963604907164	305159.5990937403	590.53435336144	547.255330834272	1.082661	20.378782	0.092388926589838	0.0589447207274227	0.0339378007	0.0298800327	-0.04881844	0.074438085	-0.0158821479	0.0059591457	0.0092356975	-0.0279603314	0.0176192911	0.0082130407	0.019401864	0.0104797683	0.011063305	-0.0076988717	-0.048511941	-0.0052526817	0.0377233788	0.0394556646	0.007680183	-0.1369119513	-0.0078140217	0.0192733699	-0.064509489	-0.0320129752	-0.0235102748	-0.1355160237	-0.0070492853	0.1276165075	0.0276611053	0.0402371582	-0.1053999791	0.0359271608	0.0063937782	0.1555400509	-0.0054795938	0.0299304915	0.0431430724	-0.0085370952	0.0320851466	0.1236993165	0.0343023406	0.0812971648	0.0538939791	0.0917543975	-0.0074110558	-0.0477198817	-0.0747734441	-0.0061254098	-0.0204265784	0.0047510129	-0.0040264228	-0.0250455809	-0.0809188971	-0.0872477551	-0.0552673158	0.0498021222	-0.1053606715	-0.0166016983	-0.0223634006	-0.0767720497	-0.1738177589	-0.066950217	-0.0446145459	-0.041143737	0.0371362437	-0.0209328133	0.0126745419	-0.0493729576	0.0413577126	0.0230173922	-0.0081861542	-0.0256415404	-0.1275890577	0.0634981622	0.0024143516	0.0631191265	0.012086401	0.0647728713	0.0242583792	-0.0231173918	-0.0113108295	0.0844299898	-0.0222241143	-0.0369631511	0.0317459798	0.0406853811	0.0333005141	-0.0943415905	-0.1097343472	-0.0345574781	-0.0265741147	0.0399428658	0.1050180336	-0.0685241594	-0.0883692405	0.0454971517	-0.0043713651	-0.0088393514	-0.119752618	-0.0563133766	0.0386525659	-0.0926215767	0.0652027612	-0.0432069141	0.0488506273	-0.0242475895	-0.0539024044	0.0164214656	0.0272027162	0.0212036606	-0.03769907	0.0262231087	0.0261590204	0.0528291235	0.0429856652	0.0165175492	0.0082589082	0.0332692689	-0.0019020334	0.0087491887	-0.000112409	-0.0139406322	-0.0343625633	-0.0333810976	-0.0150973643	-0.0049364165	0.0484142811	0.0254961221	-0.0052436356	0.0146707398	-0.0351011762	-0.0266654703	-0.0830178738	0.0720330383	0.0436532934	-0.0958886693	0.0367693720481838	-5.054952951870362e-05	2.5552549345622883e-09	0.0013519867208177	0.0281107224732437	-0.0119613222822608	0.0001430732307401	0.0007902127179677	0.2156161193543724	0.0481568410788284	0.0023190813426915	0.0464903109254389	-0.005406950773902	-0.0004328742689065	2.923511667139944e-05	1.8738013268133697e-07	-0.0033020997076835	-0.0001883461377561	1.0903862479483456e-05	3.547426760763987e-08	0.0018760913739019	-2.3183867322e-05	5.374917040040994e-10	3.519718843229119e-06	0.0	0.0	0.0	0.0	0.0	0.0	0.0	0.0	0.0	0.0	0.0	0.0	0.0	0.0	0.0	0.0	0.0	0.0	0.0	0.0	0.0	0.0	0.0	0.0	0.0	0.0	0.0	0.0	0.0	0.0	0.0	0.0	0.0	0.0	0.0	0.0	0.0	0.0	0.0	0.0	0.0	0.0	0.0	0.0	0.0	0.0	0.0	0.0
565.8669418668842	-0.3442632509894565	0.1185171859818295	320205.3958977797	775.6943804269814	-2.977116044745344	8.86321994388016	601701.7718259986	551.8341611109743	-0.578365080947151	0.3345061668590045	304520.9413690527	589.0193066091147	542.2441428268806	1.044367	19.657976	0.0808896592128069	0.0448452506167756	0.0053356503	0.036469484	0.0816099549	-0.0393797013	-0.0261503204	-0.0273131505	-0.0147739908	0.0311724787	0.0933928366	0.0134264912	-0.0809481843	-0.034232957	-0.0253292621	-0.0288467869	-0.0064110689	-0.0607563839	0.0389324971	0.0454619179	-0.027995512	-0.026685198	0.0016246245	-0.0289205905	-0.0014236231	-0.0710745136	0.0659968328	0.1203259302	-0.0650278309	0.0002369431	-0.0864284678	0.0154493626	-0.1072519439	0.1383401365	0.13292451	-0.0227895667	-0.0518069652	0.0344340536	-0.0327039694	0.0619562006	0.0403491274	-0.0221945654	-0.055237156	-0.0102929999	0.0096047235	-0.064048675	0.0157284377	-0.0446689332	-0.0031037173	-0.0936875009	-0.0144898854	0.0175322857	-0.0269835114	-0.090772738	0.0175817695	-0.01416821	0.011273671	-0.0490931939	-0.0170296534	-0.0431524942	-0.0113957907	0.0560505158	0.0428851711	0.0413499692	-0.0762105114	0.0488472638	0.0016898517	0.1018844492	0.058374877	0.0212157545	-0.0238341159	-0.0777649634	-0.0504644022	-0.0240829693	-0.0060357075	0.004067356	0.0666325149	0.0318603231	-0.0074764124	0.0388365081	0.0687254782	-0.0255698119	-0.027279494	-0.0703864253	-0.0656589511	0.126368761	0.0009658328	0.1189196576	-0.0340426792	-0.0371046738	-0.0161573729	-0.0366712151	-0.03434695	0.0362276309	-0.0191608009	-0.0045060441	0.0726640429	-0.0237935439	0.061922209	-0.0480443226	-0.0650008313	-0.1327873558	-0.0306453045	0.0445436514	0.0363703879	0.0093351694	0.0551282626	-0.0097619971	-0.0636895637	0.0213571294	0.0167737385	0.0087231485	-0.0203673682	0.0325020439	-0.0265344427	0.03448622	0.0572931332	-0.0031200465	-0.0208258246	0.020703736	-0.006598781	-0.0666844491	-0.0288501948	0.0011979464	0.0196296517	0.0472108172	0.0276750573	0.0283304893	-0.0167477183	-0.0341723733	0.0293251484	-0.0651305687	-0.0007809374	-0.0280668205	-0.0814460099	0.0749144558	0.0383553157	-0.0969763818	0.0301793718446532	-0.0065900002035305	4.342810268253331e-05	0.0009107944849378	0.0134143793197551	-0.0146963431534886	0.000215982502085	0.0001799455725342	0.1918033510284047	-0.0238127683259676	0.0005670479353462	0.0367885254657254	-0.0053080145580119	9.893621589010006e-05	2.817501854806627e-05	9.788374814652489e-09	-0.0026890137670798	0.0006130859406037	7.230795039544696e-06	3.758743705659237e-07	0.0018798801680045	3.788794102600095e-06	1.4354960751897258e-11	3.5339494460566277e-06	0.0	0.0	0.0	0.0	0.0	0.0	0.0	0.0	0.0	0.0	0.0	0.0	0.0	0.0	0.0	0.0	0.0	0.0	0.0	0.0	0.0	0.0	0.0	0.0	0.0	0.0	0.0	0.0	0.0	0.0	0.0	0.0	0.0	0.0	0.0	0.0	0.0	0.0	0.0	0.0	0.0	0.0	0.0	0.0	0.0	0.0	0.0	0.0
565.474929922552	-0.3920119443322392	0.1536733644991426	319761.89637091506	776.4055698808418	0.7111894538603565	0.5057904392821921	602805.6089419947	552.1387892206875	0.304628109713235	0.0927982852274587	304857.2425620868	589.0155283106436	548.9708637962707	1.203941	22.661612	0.0721234074299676	0.0349095977788419	0.0533912869	0.0258863215	-0.0912091741	0.050379915	-0.0189878098	0.0255542801	-0.0092793806	-0.0022134801	-0.0175026698	-0.0285147142	-0.0024909694	0.0413722846	-0.0047436633	-0.0664572239	0.024693389	0.0640535829	-0.0388377361	0.0547472347	0.0215498923	0.0080899072	0.0038004341	0.0245948448	-0.0358785317	0.0104547546	0.027636245	0.0370719804	-0.0616312357	-0.0032732273	-0.125542209	0.0495990322	-0.0074197202	-0.0183675218	-0.0473859092	-0.0086635015	-0.1073617569	-0.0811481586	0.0596086166	-0.0572282665	-0.0030670589	-0.0580168668	-0.0482421817	0.0396489497	-0.0387226237	0.0565058811	-0.0317029336	-0.1528276384	-0.0329910728	0.0170638087	-0.0350725071	0.1099936682	-0.0490550321	0.1299752491	0.0215412686	0.0634834515	0.0105742962	-0.0524353179	-0.037588031	0.1249229308	-0.0103538038	-0.1168212567	0.023881914	-0.0494252661	0.0078457188	0.0024353759	-0.0437408826	0.008733435	-0.0185989194	-0.0687200262	0.0007955348	0.0311848004	-0.0113952902	-0.0305746532	-0.0029858839	-0.042530768	-0.117889862	0.046725896	0.0112322234	0.0319098905	0.043437409	0.0522338228	-0.0353899977	-0.014219309	0.0291088456	0.0537671715	-0.0068389676	0.1565748551	0.0724181528	-0.032252946	0.0348475966	0.1090987979	-0.0010201021	0.0100451432	-0.0453570554	0.0280475309	-0.0106886796	-0.0224822405	-0.0791943019	-0.0776348575	0.0160387966	0.0076772502	-0.0424818647	-0.0100103448	-0.0289532021	0.0240650824	-0.0178914881	-0.0444004408	0.0354394899	0.0138873996	0.0197744514	0.0145788424	-0.0279611843	0.0230430322	-0.0365149044	0.0155250445	-0.0061409264	-0.0449083931	-0.063092105	-0.0192093666	-0.0070237743	-0.0848452267	-0.0559137963	-0.0079870883	-0.0473306144	-0.0465440819	-0.0273513401	0.0215032432	0.0664648166	-0.0001767766	-0.0070761977	0.0118143685	0.0209057019	-0.0294618894	-0.0798012408	0.0776450055	0.0329200359	-0.0975217631	0.0220914769263913	-0.0080878949182619	6.54140442088467e-05	0.0004880333527892	0.0077216488139555	-0.0056927305057996	3.240718061166137e-05	5.962386040606037e-05	0.2172849757168009	0.0254816246883961	0.0006493131967602	0.0472127606722507	-0.0050698931456724	0.0002381214123395	2.5703816508535983e-05	5.670180701455829e-08	-0.0022722890548123	0.0004167247122675	5.163297548619775e-06	1.736594858144307e-07	0.0018822571897477	2.377021743199927e-06	5.650232367645219e-12	3.542892128356909e-06	0.0	0.0	0.0	0.0	0.0	0.0	0.0	0.0	0.0	0.0	0.0	0.0	0.0	0.0	0.0	0.0	0.0	0.0	0.0	0.0	0.0	0.0	0.0	0.0	0.0	0.0	0.0	0.0	0.0	0.0	0.0	0.0	0.0	0.0	0.0	0.0	0.0	0.0	0.0	0.0	0.0	0.0	0.0	0.0	0.0	0.0	0.0	0.0
565.3529117303719	-0.1220181921800076	0.0148884392228772	319623.9148020097	780.9838862897881	4.578316408946307	20.96098114042701	609935.8306443007	551.6138227270284	-0.5249664936591216	0.2755898194647526	304277.80942352547	589.8082079637843	540.2876445477763	1.280097	24.095095	0.115991636273815	0.0714019952307171	0.0206184936	0.0188397776	0.1374747459	0.0091495344	-0.0072318672	-0.0098788039	0.0275204744	-0.0464036579	0.0797956689	0.0707359925	-0.0648696745	0.0106617764	-0.0359760281	-0.0009262534	-0.0354107405	0.0356362243	-0.0443439349	-0.0569650926	0.0077603873	0.0593591535	0.0083549869	0.0519649274	-0.0784081858	-0.0024313981	-0.0029546062	0.0879744953	-0.0877282256	-0.0736302833	0.0433971838	-0.0125307146	-0.0575532676	-0.0308953336	-0.0625990379	-0.043515457	-0.0390648161	-0.0428265186	-0.0210678793	-0.1127805533	-0.0778025429	0.0287571649	-0.0086599374	-0.0692548724	-0.026431202	-0.1053361472	-0.0558986395	-0.0098050587	0.1306428142	0.026758905	0.0141317925	0.0473118219	0.1006024021	-0.0058646751	-0.0263180955	0.0274428165	0.0072481665	-0.1239516533	0.0463508385	-0.0215430464	0.0680441142	-0.0744918855	0.1018985736	0.0223487573	0.0393311577	-0.015146621	0.0355236587	0.0797627713	0.0536582752	0.0297054274	-0.0039158922	0.0024358503	0.011616784	0.0490628944	0.0317196033	-0.1494479396	0.0109167755	0.0202947982	-0.0399642122	0.0084768572	-0.0382236114	0.0344181367	0.014052192	0.0390107541	-0.0363079625	0.0526637618	0.0192417223	-0.001016797	0.0426645791	-0.021173043	0.0232300553	0.0579284318	0.0485823163	0.1102593447	-0.1117585411	0.023146544	0.0331132639	0.0420352926	-0.067522177	0.0212761558	0.0721272535	0.0243014174	-0.025220856	-0.0241390639	-0.0858190511	0.0818771133	-0.0799416185	0.0062507326	0.0535212655	0.0088017478	0.037214705	0.0270470751	-0.0411765704	0.0571966206	-0.00065434	0.0223743362	-0.0527056816	-0.0326926153	-0.0020154601	0.0061460729	-0.0033394459	-0.0821663046	0.0425779811	-0.0341862998	0.0889705636	0.0305686102	0.0492185203	0.0440965723	-0.0104040309	-0.0051444428	-0.0011258739	-0.0265307882	0.0150064762	-0.0308503648	-0.0780850388	0.0802191885	0.027366911	-0.0975217631	0.0134588475408463	-0.008632629385545	7.452229010817503e-05	0.0001811405771277	0.0181903013226616	0.0104686525087061	0.000109592685348	0.0003308870622092	0.2282246019682148	0.0109396262514139	0.0001196754225206	0.05208646894355	-0.00634381817391	-0.0012739250282376	4.024402902363081e-05	1.6228849775701705e-06	-0.0023262598237299	-5.397076891760014e-05	5.411484767499866e-06	2.9128438975569924e-09	0.0014911384243399	-0.0003911187654078	1.5297388865412174e-07	2.2234938005428794e-06	0.0	0.0	0.0	0.0	0.0	0.0	0.0	0.0	0.0	0.0	0.0	0.0	0.0	0.0	0.0	0.0	0.0	0.0	0.0	0.0	0.0	0.0	0.0	0.0	0.0	0.0	0.0	0.0	0.0	0.0	0.0	0.0	0.0	0.0	0.0	0.0	0.0	0.0	0.0	0.0	0.0	0.0	0.0	0.0	0.0	0.0	0.0	0.0
565.8880050859308	0.5350933555588426	0.2863248991632219	320229.2343001344	778.1945288478131	-2.789357441974971	7.780514939101154	605586.7247286699	551.5852032932667	-0.0286194337617189	0.0008190719888414	304246.2364920743	589.5707054300052	554.5835935474076	1.386994	26.107185	0.0528529223775784	0.0303222949997478	0.0323347579	0.0456325611	-0.0957774351	0.0343647925	0.0377718248	0.0089130187	0.0081276955	0.0060867907	-0.040097313	-0.0324840633	0.0016063684	-0.0036352414	-0.0395350073	0.0004739477	0.0431706682	0.0163761356	-0.0177068787	0.0006731831	-0.0102382449	0.033563129	-0.0119100839	-0.0745548605	0.0580373146	0.0941364824	0.1317812377	-0.0304837146	-0.0514631859	-0.0409784966	-0.0244542558	-0.0688129961	-0.0460324617	0.0363463748	-0.0799957246	-0.1043008229	-0.0121568509	-0.0286200546	-0.0390758673	0.0401199558	0.0580096134	0.0972510978	-0.0447436805	-0.0866928816	0.0645135101	0.0193298865	-0.0899409257	-0.0494426126	0.0277818662	0.0594626599	0.0085703119	-0.0164716817	0.0001265339	-0.0335127222	0.0586192361	-0.1237568469	0.0608077164	0.0119723135	0.0383631412	0.0937050697	-0.0330672339	-0.0672790118	0.0790603595	0.025445802	0.0405043917	-0.0278022438	-0.0298882244	-0.0272582287	-0.0392561001	-0.0401932296	0.0103940022	-0.0203422456	-0.0528291998	0.0168348306	0.0014622797	-0.0575758676	-0.1321142355	0.040600368	0.0536427008	-0.0677543345	-0.0766344598	0.01270994	0.0464727913	-0.0985786006	0.0283883156	0.0133724492	0.051437312	-0.0067680553	0.007160297	0.0777384794	0.0320642975	-0.010731368	-0.0592055881	0.1173227998	0.035673488	-0.0195078089	0.041117235	0.0259250086	0.0411815506	-0.1321430624	-0.0115048499	0.0028850382	-0.1252084024	-0.0246196903	-0.0994230527	0.0542063095	0.0259126985	-0.0871221689	0.0118047863	-0.0034959623	0.0395157328	0.0440530658	-0.0519582128	0.0509160442	0.0640452727	0.0189430745	-0.0267323732	-0.0173280426	0.0110710537	0.0355893039	0.0029381569	-0.0139867312	0.0287034774	-0.0220050603	-0.0072639706	-0.0509314482	-0.0768379341	0.0168058222	0.0744057741	0.0511840106	0.0490907981	-0.0026803865	-0.0368701564	-0.0322319361	-0.0762989401	0.0826318208	0.0217158196	-0.0969763818	0.0178122136627507	0.0043533661219043	1.8951796591344945e-05	0.0003172749555674	0.0185064139723465	0.0003161126496848	9.992720729080829e-08	0.0003424873581158	0.248041958634964	0.0198173566667491	0.0003927276252571	0.0615248132434691	-0.0067003449423553	-0.0003565267684452	4.489462234654625e-05	1.2711133661804842e-07	-0.0024487322135797	-0.0001224723898497	5.996289453822937e-06	1.4999486275521342e-08	0.0014028158438502	-8.832258048969998e-05	7.800878224359532e-09	1.9678922917571487e-06	0.0	0.0	0.0	0.0	0.0	0.0	0.0	0.0	0.0	0.0	0.0	0.0	0.0	0.0	0.0	0.0	0.0	0.0	0.0	0.0	0.0	0.0	0.0	0.0	0.0	0.0	0.0	0.0	0.0	0.0	0.0	0.0	0.0	0.0	0.0	0.0	0.0	0.0	0.0	0.0	0.0	0.0	0.0	0.0	0.0	0.0	0.0	0.0
566.6069570730261	0.7189519870953518	0.5168919597483549	321043.4438035541	781.7653774276795	3.5708485798663787	12.750959580333731	611157.1053446422	552.0658701975411	0.4806669042744715	0.231040672864804	304776.7250369684	589.3539371085808	538.9528150060814	1.250539	23.538721	0.0815312472108879	0.0480166978963755	-0.0006249954	-0.0178385124	0.1120353231	0.0898759537	-0.0144495897	0.0597262971	0.0392315247	0.0044317	0.0061277454	0.0281831822	0.0274888417	0.0676643801	0.016969103	-0.0154343546	-0.0206482672	0.0102802019	-0.0779301562	-0.051472165	-0.0285646727	-0.0215589308	0.0100036748	0.0540215304	-0.0282092547	-0.0092824719	0.0188646313	0.0066899515	-0.0503857389	0.0148958857	0.0787169876	0.0015227182	0.0150705077	0.1252294653	-0.0247848709	0.0668595568	0.0223646069	-0.0733010298	-0.0110882161	-0.0267843085	-0.0878465048	0.0529227014	-0.070135452	-0.0617328538	-0.0266085379	-0.066462937	0.0563927828	0.0469632753	-0.0627252375	-0.1698869712	0.0261711058	0.043548686	-0.0368521682	0.0963957064	-0.043187161	-0.0078898974	0.0404358318	-0.0754290277	-0.0680845468	0.0477960788	-0.1275291707	0.0193473193	-0.0255018157	-0.1288522593	0.0548062046	0.0598524795	0.0005662229	0.0438998464	0.0358202867	0.0004730789	0.0036157605	0.0899992741	0.043813529	0.0395636702	-0.0513454328	-0.0562090538	0.1034268358	-0.0380139684	-0.0365167832	-0.026072143	-0.0824253814	0.0343763616	0.0481007342	0.0434523215	-0.0381956205	0.0397713056	0.013934874	0.0514636392	0.003936342	-0.0188141355	-0.0645963655	-0.0508993927	-0.0589227033	-0.0232091414	-0.1156384125	-0.0500849641	-0.0147584297	-0.0027025086	-0.066786087	0.0883145713	-0.0070410172	-0.0158384305	-0.0182936904	-0.0033783312	0.1073747413	-0.0013044709	0.0999431462	-0.0115619365	0.0607510312	-0.0070452621	0.0420282358	0.0411421928	-0.0315660179	0.0841785739	0.0490894968	-0.0086973659	0.0836068848	-0.0149273106	-0.0432245667	-0.0117895105	-0.0083027021	0.0015225027	0.0336594921	-0.0640394326	0.0309548985	0.0228193809	0.1106803905	0.0349894828	0.004242963	0.0788999062	0.0099910918	-0.0602557833	-0.0248341148	-0.0336062939	-0.0744445435	0.0848780435	0.0159869912	-0.0958886693	0.008135996730985	-0.0096762169317656	9.36291741105892e-05	6.61944428065986e-05	0.0189185965310514	0.0004121825587048	1.6989446170051737e-07	0.0003579132947047	0.2686256014161614	0.0205836427811973	0.0004236863501439	0.0721597137361944	-0.0074328907854923	-0.0007325458431369	5.524786542905634e-05	5.366234122972978e-07	-0.0026208340994653	-0.0001721018858856	6.86877137692009e-06	2.9619059125380134e-08	0.0012902794740884	-0.0001125363697618	1.2664434519164588e-08	1.6648211212538378e-06	0.0	0.0	0.0	0.0	0.0	0.0	0.0	0.0	0.0	0.0	0.0	0.0	0.0	0.0	0.0	0.0	0.0	0.0	0.0	0.0	0.0	0.0	0.0	0.0	0.0	0.0	0.0	0.0	0.0	0.0	0.0	0.0	0.0	0.0	0.0	0.0	0.0	0.0	0.0	0.0	0.0	0.0	0.0	0.0	0.0	0.0	0.0	0.0
567.0219254844895	0.4149684114634056	0.1721987825124622	321513.86398013803	780.0657858178319	-1.69959160984763	2.888611640264459	608502.6302035915	552.8791720189085	0.8133018213674177	0.661459852639559	305675.37885231385	589.8349759588822	553.9600760081071	1.370809	25.802551	0.1493915752607951	0.0711054779678291	-0.0297657107	0.1065665464	-0.0619957768	-0.0661756053	0.0146948856	-0.0117138155	0.0379429902	0.0807287985	-0.048548884	-0.031762	-0.073989938	-0.0213149817	0.0544281344	-0.0683494345	0.1038390289	-0.0152339042	-0.0540663989	-0.0125083022	0.0140800281	0.0101118173	0.029724551	0.0464538521	0.1124657588	0.0367604411	-0.0579792821	0.1261849136	-0.0433981553	0.0297406727	0.0490844538	0.1028227094	-0.0503742747	0.002302071	0.0242227601	-0.0269820494	-0.0014454365	-0.0239596387	-0.0212371278	0.0127738681	-0.0729735774	0.0243375376	0.0289774469	-0.0346476195	-0.0038819363	0.0132631925	0.0047493187	-0.0441034773	-0.0567425148	-0.022338266	-0.0250983912	-0.0530237779	0.0562747432	-0.0035065685	-0.0344283701	0.0003246552	0.0375087319	0.0644721731	-0.031839438	-0.0307700117	-0.0573569459	0.0782925511	0.1229648399	-0.071528224	0.0435609695	0.077335854	-0.0478456679	-0.0451394942	-0.0028965172	-0.0767903257	-0.0454427486	-0.0445585444	-0.0262676658	-0.0479547985	0.0621592841	-0.0255884725	0.0610118861	-0.0438579113	0.0907177168	-0.0206812658	-0.0217797139	0.0325224957	-0.0579903498	0.0060798843	-0.0213930136	0.0949096724	-0.0140716745	0.0061380409	-0.0970141605	0.0404006392	-0.0633745542	0.032549696	-0.0221984782	-0.0164124192	-0.0069503131	0.0388307916	-0.0232596139	-0.012190421	-0.0316355496	-0.0034292666	0.1156810483	0.0740858945	-0.0469143091	-0.010955431	0.0989543093	-0.0001782447	0.0247033639	-0.0189629073	-0.091861184	-0.0219900793	0.0256254405	0.020328139	-0.0466211157	0.0600021126	0.0213495329	-0.0382421763	-0.0184822108	-0.0047684011	-0.0925573692	0.0087984039	0.0334440576	-0.0774494038	-0.0416827791	0.0810550041	-0.0418179763	0.0299188754	-0.0580618603	0.0291742129	0.0475262118	-0.0543368953	-0.0327853546	-0.0852336438	0.0154118008	-0.0349731308	-0.0725235089	0.0869533332	0.0102009335	-0.0942647084	0.0452034439112907	0.0370674471803057	0.0013739956404647	0.0020433513414412	0.024496684150975	0.0055780876199236	3.1115061495544947e-05	0.0006000875343926	0.2956105597731522	0.0269849583569908	0.0007281879775285	0.0873856030493964	-0.0065082202845063	0.0009246705009859	4.235693127165926e-05	8.550155353937001e-07	-0.0030435462214915	-0.0004227121220261	9.263173602355186e-06	1.7868553810789295e-07	0.0015381184931477	0.0002478390190593	6.14241793682761e-08	2.365808498962951e-06	0.0	0.0	0.0	0.0	0.0	0.0	0.0	0.0	0.0	0.0	0.0	0.0	0.0	0.0	0.0	0.0	0.0	0.0	0.0	0.0	0.0	0.0	0.0	0.0	0.0	0.0	0.0	0.0	0.0	0.0	0.0	0.0	0.0	0.0	0.0	0.0	0.0	0.0	0.0	0.0	0.0	0.0	0.0	0.0	0.0	0.0	0.0	0.0
566.6493478098356	-0.3725776746539395	0.1388141236505368	321091.48337331205	782.8954769272402	2.8296911094083725	8.007151774664786	612925.3277931309	552.8666317091075	-0.012540309801011	0.0001572593699053	305661.512457374	590.901368881722	556.505257772498	1.367741	25.744791	0.0561064585317445	0.0330540310076369	0.0110691451	0.0064423018	-0.0534378141	0.1047491801	0.0059587042	0.0323250185	0.039618869	-0.0028206981	-0.0376366026	0.0617259766	0.0130257993	0.0177458809	0.0280127147	-0.0686462893	0.0113439326	0.0093870509	-0.006060365	-0.0441303645	0.0417919867	0.0023610396	0.1512193151	0.0133440328	0.0894224524	0.0262693929	0.0005075973	-0.0807831121	-0.0093123725	0.1264216679	0.0090560502	-0.0319499593	-0.0220837019	0.0052422457	0.0706562593	0.1357488254	-0.0589689326	0.044702504	-0.0401438973	0.0948926847	0.0574968817	-0.0812785004	0.0266871693	0.0646191764	0.0399311435	-0.0422410483	0.0002422118	0.0358778016	0.0177153941	-0.0111381497	-0.1066628088	-0.0916716135	-0.0385174665	0.1485201765	-0.0231986401	0.1016289396	0.0053215805	-0.0526656967	-0.0859580915	-0.0382726906	-0.1216296798	-0.0929664654	-0.0440601273	-0.0558996562	-0.0579914331	-0.0054759194	0.0243331003	-0.0674823449	0.0188532247	-0.0799501553	0.0114380842	0.0238285709	0.0812955035	0.0065652799	-0.03308477	-0.0110416069	0.0291819664	0.0910110586	0.1218071851	-0.0833892699	-0.0725286045	0.0535634198	-0.0768465399	-0.0231486501	-0.0548605752	-0.1567320255	0.0203024464	0.0524353435	0.0042999768	-0.0092074481	-0.0421423783	0.0477791215	-0.061014487	-0.0229960573	0.0748737514	-0.0919464186	0.0626361414	-0.0041901327	-0.0156583191	0.0223790268	-0.0040365629	-0.0643263838	0.057691811	0.0340095829	0.0873996755	0.0227018017	-0.0387642011	-0.0228405091	-0.013958842	-0.0264664169	0.0249773321	0.0210721534	-0.0546515519	0.0576143882	0.0700420696	-0.0253164836	-0.0327987449	-0.0031142815	-0.0581089477	0.0226706746	0.0224364385	-0.0022730612	0.0073099496	-0.0118737985	-0.0387784462	-0.0512864728	-0.0071316227	0.0055489846	0.1087485912	0.0921852989	-0.1042537952	0.0282134664	-0.0072740846	-0.0363321408	-0.070537556	0.0888535104	0.0043783591	-0.0921135811	0.0502777976229111	0.0050743537116203	2.5749065590635716e-05	0.0025278569338104	-0.0031698673352025	-0.0276665514861775	0.0007654380711373	1.00480589227838e-05	0.2994515514212139	0.0038409916480616	1.4753216840479548e-05	0.0896712316485719	-0.0067403187014746	-0.0002320984169683	4.543189619744824e-05	5.3869675159190946e-08	-0.0029012784365256	0.0001422677849658	8.41741656624843e-06	2.024012263910349e-08	0.0015542435249312	1.6125031783499957e-05	2.6001665001888377e-10	2.4156729347905616e-06	0.0	0.0	0.0	0.0	0.0	0.0	0.0	0.0	0.0	0.0	0.0	0.0	0.0	0.0	0.0	0.0	0.0	0.0	0.0	0.0	0.0	0.0	0.0	0.0	0.0	0.0	0.0	0.0	0.0	0.0	0.0	0.0	0.0	0.0	0.0	0.0	0.0	0.0	0.0	0.0	0.0	0.0	0.0	0.0	0.0	0.0	0.0	0.0
565.8882344953788	-0.761113314456793	0.579293477443405	320229.4939402968	785.3266379727896	2.431161045549402	5.910544029396861	616737.928309645	552.319569858936	-0.5470618501715308	0.2992766679130983	305056.9072491601	592.2110205492507	554.92859640416	1.042488	19.622612	0.0985963255765208	0.0541296782954862	0.0071238447	0.0129760901	0.0525506685	0.0261151567	0.0335571217	-0.0005659147	0.0457983304	-0.0856103969	0.0360739901	0.0961985785	0.0182470554	0.0212354332	0.0231646135	-0.0485900517	-0.093979721	0.0521439012	0.0295878094	-0.0482040167	0.03083498	-0.0558647752	-0.0313170499	-0.0017415899	0.0587692823	0.0231891002	0.0101896167	-0.0515620849	-0.0260956233	-0.0499158857	-0.0625810401	-0.0434663167	-0.0563646923	-0.0156139842	-0.0085878735	0.0170757621	-0.0358569883	0.1242412706	-0.0704647732	0.0701679356	0.0275061701	0.056443848	0.1252698534	0.0825312763	0.0521705586	0.0808964612	0.0145353775	0.0937198614	0.1440233152	0.0561798578	0.0199431585	0.038069394	-0.0774557155	0.0379405871	-0.0799868332	0.0468725844	-0.0304214378	0.0563549991	-0.0074605535	0.0227336876	-0.0228568284	-0.0112187278	-0.0022277335	-0.0696121664	-0.0869746835	-0.0881841944	0.1302121006	-0.0457975017	0.0730203505	-0.0502947809	-0.0273462628	0.0101879016	0.0425429073	0.0202934425	-0.0417268419	-0.0309057897	0.0420020969	0.0017592123	0.0128009625	0.0526747651	-0.048792638	0.040230836	0.0404798747	-0.0682471313	-0.0260676704	-0.043579856	0.1478102098	-0.0699936407	0.008520106	-0.0504041124	0.1500521273	-0.0169570957	0.0163556607	0.0363091283	0.0462018928	-0.0801969724	-0.0336919141	-0.036981281	0.1445563509	-0.0098407861	0.0599626895	0.0302414406	0.1040760691	0.0152446203	-0.0315755053	-0.0557407807	-0.0919317474	0.0400613652	-0.0525174084	-0.0139328343	0.0275719415	0.0415115341	-0.0332201584	0.0482881758	0.0781613195	-0.0017916683	-0.0092320136	0.0136124967	0.032417011	0.03619972	0.0568458872	-0.046594779	0.0564667053	-0.0156808939	0.0394464222	0.0352396765	0.0557125917	0.0109371973	0.0270461191	0.0690740459	-0.0413970016	0.0383810968	-0.0646389389	-0.0376830199	-0.0684884625	0.0905747485	-0.0014598886	-0.0894473172	0.0335798106340661	-0.0166979869888449	0.0002788227694796	0.0011276036822197	-0.0018541741771969	0.0013156931580056	1.731048486022749e-06	3.437961879383801e-06	0.2513276201119936	-0.0481239313092202	0.0023159127646545	0.0631655726311585	-0.0069972426528578	-0.0002569239513831	4.896140474297246e-05	6.600991679435678e-08	-0.0027152530606247	0.0001860253759009	7.372599183231801e-06	3.4605440479071173e-08	0.0013480185698063	-0.0002062249551248	4.252873211626694e-08	1.8171540645426228e-06	0.0	0.0	0.0	0.0	0.0	0.0	0.0	0.0	0.0	0.0	0.0	0.0	0.0	0.0	0.0	0.0	0.0	0.0	0.0	0.0	0.0	0.0	0.0	0.0	0.0	0.0	0.0	0.0	0.0	0.0	0.0	0.0	0.0	0.0	0.0	0.0	0.0	0.0	0.0	0.0	0.0	0.0	0.0	0.0	0.0	0.0	0.0	0.0
564.1451839242967	-1.743050571082108	3.038225293349663	318259.78854497854	776.6049001303064	-8.721737842483208	76.06871099300363	603115.1709064032	551.869602343358	-0.4499675155780096	0.2024707650754463	304560.0579906161	589.7445100840956	541.5016643861359	1.279531	24.084438	0.0954287128472591	0.0443319836836571	0.001251339	0.0369220192	0.053191396	-0.0967701734	0.0700352372	0.0735836974	-0.0217992519	0.0435757542	0.1286627754	0.0320469858	-0.0265224095	-0.0573122963	0.0033349197	-0.0133899727	0.0228222843	0.0158435193	0.022414438	0.0064787525	0.09340987	-0.1086021779	0.0097271779	0.0049515037	0.0899767961	-0.0698597198	-0.0214083865	0.1514141168	0.0152904945	0.0307228555	0.0249979949	-0.0128351996	-0.0604032453	-0.0355025139	0.0448737505	-0.0315710765	-0.0674295373	-0.0441128643	0.0896728289	0.0485084665	-0.0887165608	0.1250477533	0.1247210638	-0.0311800497	0.0763295843	0.0868036306	-0.0055368474	0.0416819066	0.0049894764	0.0805731661	0.0487965729	-0.0330238531	-0.0628672949	0.1277505533	-0.0412658848	0.0229721132	-0.0698721421	0.1250506009	0.0575314512	-0.0784049525	0.0484585218	0.0976083872	-0.0110868655	0.0197679199	-0.0757846837	0.0464901966	0.0683439789	0.084952195	0.0541728787	-0.0111518749	0.0375301459	-0.0588945196	-0.0901852134	-0.0803764211	-0.0121346229	0.0223962558	0.0929372368	0.0164454019	0.0039519606	-0.066146839	-0.0069871159	-0.038264161	-0.1316327536	-0.0225008807	-0.0482602228	0.0677276516	-0.0285698458	0.0097449509	0.0847495803	0.0585357492	0.0436093547	0.0749005582	-0.0785841824	0.0249260369	-0.0284899193	-0.1104113744	-0.0118172055	0.0826256336	0.0185144739	0.0023988522	0.0395200658	-0.0729611308	0.0991660628	0.023063293	-0.1239003799	-0.1047148136	0.0076567017	0.1762785728	-0.0946627273	-0.0142884419	0.0388470284	0.0314332753	-0.0007632038	0.0674728875	0.0358704583	-0.0833804439	0.0768810316	0.0139739425	-0.0215434434	-0.0228833916	0.0679709053	-0.0950280678	-0.0060097284	0.0494928208	-0.0376404177	0.0555518871	0.0731739331	0.0768629133	0.0215108875	-0.0324461777	-0.0170190937	-0.08894372	-0.0452070557	-0.0390254656	-0.0663780624	0.0921135811	-0.0072929104	-0.0862808277	0.0468004912514317	0.0132206806173656	0.0001747863959863	0.0021902859813753	0.02619395792928	0.0280481321064769	0.0007866977146623	0.0006861234320008	0.2722635347672053	0.0209359146552116	0.0004383125224503	0.0741274323639332	-0.0074573928829857	-0.0004601502301279	5.561270861120577e-05	2.1173823428675987e-07	-0.002511062595758	0.0002041904648667	6.305435359814904e-06	4.1693745942479125e-08	0.0013481575841758	1.3901436949985933e-07	1.932499492744342e-14	1.8175288717707288e-06	0.0	0.0	0.0	0.0	0.0	0.0	0.0	0.0	0.0	0.0	0.0	0.0	0.0	0.0	0.0	0.0	0.0	0.0	0.0	0.0	0.0	0.0	0.0	0.0	0.0	0.0	0.0	0.0	0.0	0.0	0.0	0.0	0.0	0.0	0.0	0.0	0.0	0.0	0.0	0.0	0.0	0.0	0.0	0.0	0.0	0.0	0.0	0.0
563.0653290969838	-1.079854827312943	1.166086448071065	317042.56483109464	773.1839255520617	-3.4209745782446817	11.703067064996375	597813.3827320961	551.7350976576499	-0.134504685708066	0.0180915104774256	304411.6179872965	590.0523415205333	544.9991872871773	1.456924	27.423477	0.096846401048187	0.0490293222798155	0.0541415493	-0.0408109794	-0.0917057163	-0.02262226	0.0922010876	0.0846683906	-0.0568791032	-0.0104460426	0.017546714	-0.0438068695	0.0221789848	0.012632512	-0.0097077055	0.0273596015	-0.0082433255	0.0436202558	-0.0675514495	-0.0761302058	0.0911772281	-0.0108902217	-0.0328799	0.0036048139	0.0532768311	0.0879418568	0.0570395349	0.0915506545	-0.0898951922	0.0032946502	0.0529670072	0.0589979997	0.0422415567	-0.1279802972	-0.0277691327	0.1348706273	-0.0172406826	0.0135601353	0.0579223731	-0.1373795608	0.0423046964	-0.0502535392	0.01868482	-0.0186574135	-0.0365458788	-0.0214650131	0.007996655	-0.0015864712	0.0483538321	0.0683356326	0.0124356359	0.0215564741	-0.1665332548	-0.0788208746	-0.0185345817	0.0578869709	-0.0153270833	-0.027801765	0.055873052	0.0552411059	-0.0327480411	-0.0372763302	-0.0868110184	0.1114315207	0.0769135811	-0.061260342	0.0250474052	-0.0073559728	-0.0604034807	-0.0378810342	0.0072765979	0.0337828907	-0.0787911215	-0.0509266414	0.023029923	-0.0953996963	-0.0372680036	0.0183023432	0.1169456253	-0.0745913433	-0.0010840777	0.0292578981	0.0304045243	0.0784558828	-0.0242835202	0.0566078701	0.0498696027	0.1109433659	0.0743281469	-0.0565755853	0.065273227	0.0450302916	0.0498226865	-0.0402316821	0.0746825499	0.0134729314	0.0285213468	-0.0227462382	-0.130643936	0.1201607341	0.0758178224	0.0401594378	0.0575761833	0.0388278239	-0.0783356154	-0.0032462324	-0.0395517469	0.0008583812	-0.0317048378	-0.0184744689	0.020971394	0.0124823655	-0.0180710848	0.0527608942	0.0143354911	-0.0840387628	-0.0793211484	-0.0245764081	-0.0170694888	-0.0282518507	0.0872275776	-0.0817812568	-0.0183271659	0.0255375277	-0.0312340914	-0.0527907844	-0.032857526	0.0309906184	0.0594280133	0.0151315157	-0.0253394135	0.0124921764	-0.0056038533	-0.0403591775	-0.0642082451	0.0934669092	-0.0130998254	-0.0826318208	0.0334422889064427	-0.013358202344989	0.0001784415698896	0.0011183866873019	-0.016609749288591	-0.0428037072178709	0.0018321573515932	0.0002758837714298	0.2801014711348273	0.007837936367622	6.143324650289208e-05	0.0784568341318945	-0.0069472349798601	0.0005101579031256	4.826407386539177e-05	2.602610861215092e-07	-0.0025879622268354	-7.689963107740004e-05	6.697548487526842e-06	5.913553259840231e-09	0.0014180311523269	6.987356815109998e-05	4.8823155261664136e-09	2.010812348969556e-06	0.0	0.0	0.0	0.0	0.0	0.0	0.0	0.0	0.0	0.0	0.0	0.0	0.0	0.0	0.0	0.0	0.0	0.0	0.0	0.0	0.0	0.0	0.0	0.0	0.0	0.0	0.0	0.0	0.0	0.0	0.0	0.0	0.0	0.0	0.0	0.0	0.0	0.0	0.0	0.0	0.0	0.0	0.0	0.0	0.0	0.0	0.0	0.0
564.0383579642246	0.9730288672408278	0.9467851764839684	318139.26925497875	776.6672370328482	3.483311480786483	12.133458872178922	603211.9970802384	551.7970210784072	0.061923420757239	0.003834510038278	304479.9524710041	590.0937931217263	531.9123239710182	1.265699	23.82407	0.167702575045373	0.0867365096609336	0.0179403656	-0.0703132386	0.1074784517	0.0487261482	0.0960436098	0.0885152402	-0.0236299626	-0.0353690947	0.057938058	0.023288976	0.0437009703	0.0272603845	-0.0303427785	0.0085742774	-0.0168549689	0.0216863858	-0.0290335119	-0.0622253457	0.0601975699	0.0621126304	-0.0117995035	0.0817644748	-0.0646400532	0.0650245951	0.0502283469	0.0032728438	0.0020805073	-0.0944926924	0.1078236206	-0.0830261575	-0.0012338412	-0.0709003622	-0.0743656053	-0.1179933559	0.0058221423	0.094513112	-0.0354562097	0.0651473315	0.0097849902	0.0347206103	-0.0944863325	-0.049444346	-0.0357891407	0.1079471564	0.1021819441	-0.0845230508	0.0238991956	-0.0508918121	0.055601189	0.0488107638	-0.0576525373	0.0755937366	-0.0812577059	-0.0340032908	-0.1346611178	-0.1085464274	-0.0762278917	0.0288193648	-0.0185132943	-0.0122895061	-0.134946897	0.0140024277	0.1267191429	-0.0301968806	0.0512989222	0.0305381638	0.0118812243	-0.0096064984	0.034219486	0.0214110103	0.0034141306	0.0196751544	0.0833738712	-0.1300793849	0.0180152316	0.0424441353	-0.0782262216	-0.0535894437	-0.1150120586	-0.0397950574	0.0422808235	0.075101349	0.0223306679	0.0159104173	0.0300767399	-0.0490555425	-0.0258726187	0.0898541078	0.0259161923	-0.0490429462	-0.072763663	0.0391236864	0.02341182	0.0055996017	0.020663741	-0.1042883891	0.0897506583	0.130545091	-0.0084750654	0.0610467476	-0.1283359564	0.0186670847	0.0104142695	-0.093157392	0.0019454185	0.0188569489	0.0856577651	-0.0221754769	0.0393677584	0.0376612746	-0.0450632092	0.0594815044	0.0835025935	-0.0705103808	-0.049159783	-0.001757424	0.0179020739	0.0075329072	0.0488833748	0.0150700925	0.056143278	-0.0693072072	0.0604533951	-0.0117855699	0.0721054669	0.0418315944	0.0210433815	0.0807123221	0.0144887336	-0.0336835504	-0.0362779351	-0.0416838572	-0.0619809526	0.0946320074	-0.0188598464	-0.0785207032	0.0483346103976884	0.0148923214912457	0.0002217812393986	0.0023362345622963	0.0462666722906419	0.0628764215792329	0.0039534443906094	0.0021406049648496	0.2703035011579828	-0.0097979699768445	9.600021566714644e-05	0.0730639827382636	-0.0081650367387845	-0.0012178017589243	6.666782494570061e-05	1.4830411240393605e-06	-0.0029597911104335	-0.000371828883598	8.76036341740117e-06	1.3825671867780934e-07	0.0014049445548884	-1.3086597438499974e-05	1.7125903251735406e-10	1.9738692023105644e-06	0.0	0.0	0.0	0.0	0.0	0.0	0.0	0.0	0.0	0.0	0.0	0.0	0.0	0.0	0.0	0.0	0.0	0.0	0.0	0.0	0.0	0.0	0.0	0.0	0.0	0.0	0.0	0.0	0.0	0.0	0.0	0.0	0.0	0.0	0.0	0.0	0.0	0.0	0.0	0.0	0.0	0.0	0.0	0.0	0.0	0.0	0.0	0.0
566.5706674450527	2.532309480828076	6.412591306691758	321002.32120913244	780.378221105859	3.710984073010764	13.771402790139556	608990.1679763449	552.3852735396919	0.5882524612846964	0.3460409582075033	305129.4904235202	590.3851037463845	550.0829403910774	1.387976	26.125685	0.1900312061394508	0.1115696187550467	-0.0354093743	0.0669781297	-0.0611054376	-0.0721225504	0.0874263174	0.0531014	0.0275411723	0.0591472416	-0.0867850387	-0.0980332208	-0.0227735545	0.0390648774	0.0142268347	-0.0013035218	0.0697432581	0.0032693802	-0.0590148201	-0.0471026239	-0.00566386	0.0131436419	-0.057354843	0.0368957518	0.0256593291	0.1060236021	0.0621021991	0.0132546263	0.1256683084	0.0154928753	0.0970868071	0.0214708713	-0.0771699362	-0.0282870546	-0.0310284755	0.1320793243	-0.0350163222	0.126673765	-0.0829258672	0.0454797932	0.0615942515	-0.0932661601	-0.0811481229	0.0005768217	-0.0566048774	-0.045580901	0.043525543	0.0141151817	-0.0095961565	-0.0120582131	0.0567627524	-0.002817449	0.0048989963	-0.0741904755	0.0762684825	-0.0440541517	0.0313252671	-0.0205187952	0.0368503095	0.1235268493	0.1317401451	0.0929932787	0.0425437569	-0.0058739347	0.0735174713	0.0207688316	-0.0375536061	-0.0791654713	-0.0702317018	-0.0264714268	-0.0002517471	-0.0269893903	-0.0773051982	-0.0402489476	0.0133811806	-0.0581937437	0.0040684324	-0.0767855717	0.0082018173	-0.1044112473	-0.1296979929	-0.0338784056	-0.052482786	0.0813229168	-0.0911048455	-0.0210721735	0.0705019115	-0.0632320537	-0.0267317148	-0.0372415596	-0.0150392901	-0.120137118	-0.0483931249	0.0207978527	0.0522057802	-0.0150213487	0.0957076753	-0.0507865152	0.0567806044	0.119895174	-0.0443134309	-0.0788676804	-0.0055901029	-0.056990143	0.0081593582	0.0671550927	-0.1059269939	-0.0952701692	0.0486782048	-0.0372646567	0.0358812344	0.0642862745	-0.0175240758	0.1016919313	0.1161948796	-0.0746819693	0.022234521	0.0310025604	-0.0093181508	0.0426791995	0.0334235381	0.0136755386	0.042338897	0.0158715584	-0.0140980982	-0.0275064496	-0.0758541973	0.0318215276	0.0720581723	-0.0122001127	0.0449572667	-0.0688082456	-0.0432818546	-0.0429992082	-0.0596981788	0.0956065293	-0.0245523541	-0.073970466	0.0488186192209525	0.000484008823264	2.342645409974957e-07	0.0023832575826403	-0.018867606991094	-0.0651342792817359	0.0042424743375511	0.0003559865935703	0.3254191687746086	0.0551156676166257	0.0030377368168263	0.1058976354059571	-0.009273277859598	-0.0011082411208135	8.599368226131046e-05	1.2281983818619648e-06	-0.0026980074087108	0.0002617837017226	7.279243977458366e-06	6.853070648763942e-08	0.0013890243690681	-1.59201858202999e-05	2.5345231655287796e-10	1.9293886978650333e-06	0.0	0.0	0.0	0.0	0.0	0.0	0.0	0.0	0.0	0.0	0.0	0.0	0.0	0.0	0.0	0.0	0.0	0.0	0.0	0.0	0.0	0.0	0.0	0.0	0.0	0.0	0.0	0.0	0.0	0.0	0.0	0.0	0.0	0.0	0.0	0.0	0.0	0.0	0.0	0.0	0.0	0.0	0.0	0.0	0.0	0.0	0.0	0.0
565.8208567048861	-0.7498107401665948	0.5622161460691767	320153.2418822512	781.0572825359053	0.6790614300463176	0.4611244257765499	610050.478602373	553.0176972205486	0.6324236808567321	0.3999597121083776	305828.57343911834	590.2744900866647	539.7508264189711	1.410795	26.555199	0.1305284412309628	0.094639661377085	0.0158889993	-0.0467870337	-0.0091317954	0.1131356592	-0.0136198825	0.0930490709	0.027468473	-0.0027202769	-0.0383009653	0.0334975621	0.0582219796	-0.0027061289	0.0392624233	-0.0466829732	0.0494527611	-0.0176381558	-0.014268653	-0.1028881183	0.0499447534	0.0303721417	0.0542448168	0.0465677309	-0.0541735008	-0.0813646574	0.0965706639	-0.085570997	0.0774310387	0.0535481687	0.1025701731	0.005623272	0.1862400667	0.0126422077	-0.020699897	0.0733925828	-0.109573833	-0.0425267056	0.0970762125	0.058506385	-0.0372657146	0.0234046505	0.0115087953	0.0339054877	-0.1128946826	0.0015898203	0.0040364864	0.0588287643	0.0316651736	0.02845754	-0.004744271	-0.0189145097	-0.0139926522	0.0733469599	-0.2037834483	0.0234173162	0.1382455638	-0.0733767625	0.0209951022	0.0121876707	-0.0360873296	0.1159206453	0.0032542359	0.2274809283	-0.1009388268	0.0338099738	-0.0043540427	-0.0644093966	0.0299850121	-0.0254541378	0.0708320431	0.0712864155	0.077553684	0.0400733135	0.0061935934	0.0369714355	0.0439481058	0.0324274213	0.0790560317	-0.0772540168	-0.1082022238	-0.0100279734	-0.0777141345	0.1072568571	0.0033731935	-0.1468631323	-0.0452605734	0.0190461166	0.050129108	0.0613498262	0.0584926815	0.0781104395	-0.1503288695	-0.1333387248	-0.0797061706	-0.017816293	-0.053495815	-0.0218042443	-0.0639179077	0.0097636346	-0.051923393	-0.0473781551	0.058514634	0.1360808451	-0.0298167102	0.0074845111	0.0813870849	0.1055523783	0.0365977151	-0.0169112111	0.0234276815	0.0316410163	0.0055543493	0.0785214753	-0.0007313954	-0.0879674703	0.0464313966	0.0024957906	-0.0782174539	-0.0087926089	0.0338189225	0.0051129532	-0.043998485	-0.0108358889	-0.0367822429	-0.0374357227	0.0577549415	-0.0166385832	0.1046077949	0.0440977235	-0.0963371776	0.0173670526	0.0231992213	-0.0443049362	-0.0573619671	0.0963885124	-0.0301569707	-0.0690065559	0.0492940489037323	0.0004754296827797	2.260333832680988e-07	0.0024299032573235	-0.024758139357317	-0.005890532366223	3.469837155752074e-05	0.0006129654644363	0.2728764375103836	-0.0525427312642249	0.0027607386087045	0.0744615501483582	-0.0078657057277581	0.0014075721318399	6.186932659568657e-05	1.981259306332324e-06	-0.0027190242673638	-2.1016858652999838e-05	7.393092966513249e-06	4.41708347640174e-10	0.0013928303369299	3.805967861799991e-06	1.4485391365054395e-11	1.939976347472259e-06	0.0	0.0	0.0	0.0	0.0	0.0	0.0	0.0	0.0	0.0	0.0	0.0	0.0	0.0	0.0	0.0	0.0	0.0	0.0	0.0	0.0	0.0	0.0	0.0	0.0	0.0	0.0	0.0	0.0	0.0	0.0	0.0	0.0	0.0	0.0	0.0	0.0	0.0	0.0	0.0	0.0	0.0	0.0	0.0	0.0	0.0	0.0	0.0
565.3198045036909	-0.5010522011951934	0.2510533083225486	319586.4813640913	782.5084687504902	1.4511862145849364	2.1059414294013568	612319.503666237	552.520925189377	-0.4967720311716448	0.2467824509544016	305279.37277212506	591.3559423767695	546.9525399578773	1.414411	26.623264	0.0276390888981583	0.0163644123292156	-0.0286547224	0.0354471436	0.0941620045	-0.0677017288	0.0112957773	-0.0279316918	0.0284448622	-0.0330103	0.0585492484	0.066567788	-0.0030564683	0.0332568392	0.0112654355	-0.0879745161	-0.0617627126	0.0525224529	0.0526397656	-0.0087664157	-0.0233727205	0.0669579971	-0.0395062149	0.1244712569	0.0547137037	-0.1017540925	0.0917631801	-0.1246756403	-0.0307005256	-0.1294298188	0.0540322825	-0.0151674263	-0.065511354	-0.0496608768	-0.0746664259	0.0406006601	-0.0895894034	-0.0547270151	-0.0682479387	-0.0087402775	0.06265171	-0.1891663366	0.0323559745	-0.0437291854	-0.0175731987	-0.1433652032	0.0415391517	-0.1210435186	-0.0638338318	-0.0285247785	0.0291880456	0.1215720929	0.0397154868	-0.011023847	-0.0518311016	0.0086638414	-0.0357781723	0.030129785	0.0948675546	0.0534375116	0.0185507434	-0.1114231752	0.0256110959	-0.0769693498	0.0640627666	-0.0324810367	0.1055321765	-0.0017008981	0.0763849097	-0.0589993203	-0.0760485478	-0.0231597555	0.0810798299	-0.0411276955	0.0955400475	-0.0161050382	-0.0155153983	0.0198401619	0.0869905307	0.0416913424	-0.0600060022	0.0032172307	0.0196286944	0.0503630441	0.0643237832	-0.1191333516	0.0259950473	-0.0126851698	-0.0304109238	-0.0993766788	0.1203480651	0.0033798656	-0.0850811504	0.0786651658	-0.1325401605	-0.0132581745	0.1156043007	-0.148105295	0.015692055	-0.0391615813	0.0665624804	0.0792892163	0.0042871472	-0.0675044087	0.0020115575	-0.0143881987	-0.0617409481	-0.0829448379	0.1567977488	-0.0277384567	0.0164181727	0.0297683564	-0.0295264182	0.0402590775	0.0467697506	-0.0480032761	-0.1046783197	0.002706626	0.002707111	0.0404164697	0.069507418	-0.0682202822	0.0394397598	0.0399250274	0.0916026837	0.0458452102	0.062062038	0.0181599396	-0.0194306759	-0.0276874004	-0.0845993783	-0.0399198478	-0.0183057822	-0.0456007488	-0.0549744086	0.0969763818	-0.0356536332	-0.0636567332	0.0548999586513616	0.0056059097476293	3.142622409856526e-05	0.0030140054599212	-0.0248447737767349	-8.663441941789835e-05	7.505522627876322e-09	0.0006172627840171	0.2601905708603524	-0.0126858666500311	0.0001609312126623	0.067699133164636	-0.0077451280333299	0.0001205776944281	5.998700825267269e-05	1.4538980393620172e-08	-0.0027440931823214	-2.5068914957600188e-05	7.530047393262789e-06	6.284504971513903e-10	0.0014323972891657	3.956695223579997e-05	1.5655437092300764e-09	2.051761994009246e-06	0.0	0.0	0.0	0.0	0.0	0.0	0.0	0.0	0.0	0.0	0.0	0.0	0.0	0.0	0.0	0.0	0.0	0.0	0.0	0.0	0.0	0.0	0.0	0.0	0.0	0.0	0.0	0.0	0.0	0.0	0.0	0.0	0.0	0.0	0.0	0.0	0.0	0.0	0.0	0.0	0.0	0.0	0.0	0.0	0.0	0.0	0.0	0.0
565.0354635572174	-0.284340946473435	0.0808497738414088	319265.0750773196	772.8185148430637	-9.68995390742657	93.89520672805146	597248.4568842386	552.1681644194716	-0.3527607699053305	0.1244401607842015	304889.68179836863	590.2592648259315	554.2645495905282	1.3839	26.04895	0.1943981375450402	0.1031335650453435	0.0018795267	0.0019971286	-0.034492538	-0.0084735839	0.08019891	0.0413667166	-0.0574039393	0.0643055162	0.031654094	-0.0713161925	-0.0517030091	0.0037003301	0.0065789617	-0.0224812127	-0.0386134725	0.0898722861	-0.0004615212	-0.0777699051	-0.0157774974	-0.1053703944	0.0328293529	-0.0178646022	0.0741013316	-0.0586692492	0.0132462899	-0.0217962088	0.0542796989	0.0115614143	-0.0635275415	0.0495964486	0.0240890897	0.0598195493	-0.0852365161	0.0104914198	0.0522594787	0.0173587497	0.0575643949	0.0171830464	0.0343536324	0.0607218212	0.0645327086	0.0080258003	0.0186036023	-0.0591373189	0.0277855097	-0.1015164716	-0.0526754624	0.0182101709	0.1000441799	-0.0179035963	-0.0558630087	-0.004737914	-0.0166662996	0.0362174228	0.0634545714	0.1698474359	0.0823213561	0.0083716051	0.0526661111	-0.0461283452	-0.0309414994	-0.0420232354	0.0128993648	-0.0099793536	0.0424596628	0.002938467	-0.0299640594	-0.0765950107	0.0028163681	0.0122340921	-0.0285792742	-0.0742027506	-0.0970896864	-0.0244305829	0.0865247704	-0.078163003	0.0160546684	-0.0177076859	-0.025641538	-0.0039955234	0.0086034365	-0.0139147406	0.0075202543	0.0279081657	-0.0846189409	-0.0406775064	-0.0015003977	-0.0331120033	0.031244019	-0.0087917542	-0.0601164517	-0.0550231762	0.0650618701	-0.0118064842	0.0108941674	0.054548597	-0.0066153543	-0.0982668844	0.0429087192	-0.0020600861	-0.0413310715	-0.0016613455	0.0508678374	-0.0044753121	0.0743277793	0.0476254349	-0.0504617159	-0.0439532044	0.0332446485	0.0382967879	-0.0230861867	0.0872453414	0.1210313608	-0.081890108	0.0025299709	0.0295485032	0.0219316287	0.0455957118	0.0424454662	0.0150642031	0.0403456499	0.0038195959	-0.0418838603	-0.0226371829	-0.0464384195	0.0173666923	0.0748160164	0.0364422755	0.011244775	0.0106478117	-0.0659614	-0.0468863562	-0.0525376406	0.0973689537	-0.041022665	-0.0579509162	0.0558305593239083	0.0009306006725466	8.660176117443622e-07	0.0031170513544204	0.0275419958476561	0.052386769624391	0.002744373631679	0.0007585615352723	0.3137784343107199	0.0535878634503674	0.0028716591091752	0.0984569058384867	-0.0090618804942272	-0.0013167524608973	8.21176780916554e-05	1.7338370432790963e-06	-0.0029429940903931	-0.0001989009080716	8.66121421608871e-06	3.956157123174685e-08	0.00119819258218	-0.0002342047069857	5.4851844774257614e-08	1.435665463991176e-06	0.0	0.0	0.0	0.0	0.0	0.0	0.0	0.0	0.0	0.0	0.0	0.0	0.0	0.0	0.0	0.0	0.0	0.0	0.0	0.0	0.0	0.0	0.0	0.0	0.0	0.0	0.0	0.0	0.0	0.0	0.0	0.0	0.0	0.0	0.0	0.0	0.0	0.0	0.0	0.0	0.0	0.0	0.0	0.0	0.0	0.0	0.0	0.0
564.5791581444631	-0.4563054127543182	0.2082146297088887	318749.6258111107	775.5354655315598	2.7169506884961265	7.381821043719576	601455.2582972532	552.0407137389577	-0.1274506805139026	0.0162436759634568	304748.9496254179	589.7835045238533	541.3916666037993	1.111241	20.916731	0.1626423122821285	0.0829941644350696	-0.0264042998	-0.0160644286	-0.0443762975	-0.0283143304	0.0494317785	0.0436444665	-0.0361072888	0.02748024	0.048977472	-0.0398966814	0.0665010599	0.0124745724	0.0013648235	0.044063456	0.0237959254	-0.0244500092	0.0303059291	0.0327985874	0.1006987138	-0.1254853368	0.0439100592	0.0227508952	0.043240158	0.0194286097	0.0008123903	0.0169899241	0.0558958392	0.0102936837	-0.0474623512	0.022174354	-0.058993257	0.1043719647	-0.0796563155	0.0498677557	-0.0657146041	0.0429047662	0.0153566404	-0.0121708789	0.0194187571	-0.0538464813	0.0697667703	-0.0238858981	0.0812897481	0.0080959983	-0.074339335	0.0518264766	0.021513822	0.0345216626	-0.0393369436	-0.0367999946	0.1058191867	-0.0201397808	-0.0559673928	0.003555369	-0.0226899715	-0.0505007857	-0.0301571618	-0.0905943046	-0.0860830306	-0.0626172459	0.1234265029	0.0655041645	-0.0307482763	0.0024830942	0.0284290703	-0.0127000747	-0.0391779485	-0.0148734175	0.0993813796	0.0342784343	-0.011799865	-0.0473725511	-0.020038512	0.0730144311	0.0751187535	0.0704483886	-0.0048163845	-0.0619481641	-0.0004897388	-0.0368120355	-0.0709901744	0.048801787	-0.0364918173	0.0126875637	0.0593937175	0.0171396338	-0.0062049098	-0.0212358876	0.0653180315	-0.0267824544	0.0133718204	0.0083238659	0.0116997141	0.0058849381	0.0158757485	-0.0410544901	-0.0078236935	-0.0773892258	-0.0053054461	0.0582272236	-0.0027925075	-0.0839513072	0.0313816768	0.1032852063	0.0825697668	0.017560766	-0.0243437303	-0.0358755088	0.0015618099	0.0146857205	-0.001341999	0.0730607135	0.0395937699	-0.0754945714	0.0350911052	0.0089791552	-0.0408708074	-0.0106294779	0.0525876928	-0.0325926988	-0.0113043113	0.0592674274	-0.0182651253	-0.0312064882	0.0082455712	-0.013039131	0.0617957887	-0.0294876523	-0.0437620534	-0.0049220096	-0.0100116853	-0.0481614706	-0.0500538442	0.0975654375	-0.0462448462	-0.0519210142	0.0484063392111124	-0.0074242201127959	5.511904428324316e-05	0.0023431736758212	-0.0371046516611244	-0.0646466475087805	0.0041791890341245	0.0013767551748933	0.3042970099545528	-0.0094814243561671	8.989740782171894e-05	0.0925966702672811	-0.0080312642499781	0.0010306162442491	6.45012054529763e-05	1.0621698429101204e-06	-0.0025807816165335	0.0003622124738596	6.660433752237265e-06	1.311978762194916e-07	0.001427164270159	0.000228971687979	5.2428033895952566e-08	2.0367978540184714e-06	0.0	0.0	0.0	0.0	0.0	0.0	0.0	0.0	0.0	0.0	0.0	0.0	0.0	0.0	0.0	0.0	0.0	0.0	0.0	0.0	0.0	0.0	0.0	0.0	0.0	0.0	0.0	0.0	0.0	0.0	0.0	0.0	0.0	0.0	0.0	0.0	0.0	0.0	0.0	0.0	0.0	0.0	0.0	0.0	0.0	0.0	0.0	0.0
565.1355979711716	0.5564398267084698	0.3096252807473519	319378.24409423367	774.0511076287572	-1.4843579028025715	2.2033183836124484	599155.1172213058	551.3979417643416	-0.6427719746161529	0.4131558113519483	304039.6901819522	588.9228087105542	540.2693685436655	1.174615	22.109604	0.1586158339711947	0.0824366394474609	-0.0203327179	-0.0421117332	0.1011978466	-0.0128631457	0.0444051133	-0.0017924288	-0.0456198072	0.047075029	-0.0286654884	-0.0795086913	-0.0474356277	-0.0233628573	-0.0279746977	0.0492830792	0.0362726509	-0.0137633586	-0.0319647345	-0.0582455559	0.0542379357	0.0279554137	0.0743310331	0.0304699191	0.1032887879	0.0522068932	-0.0376040269	-0.0118900396	-0.0491544531	0.0750958877	-0.0843662475	-0.1136806564	-0.1175499732	-0.0052099075	0.0348441238	0.0591075332	0.071585743	0.0664979238	-0.0413448302	0.0663546451	0.1125720965	0.0053831815	0.0662102922	-0.0144874628	-0.1063139337	0.1012300319	0.073316982	-0.0007885734	-0.0975685884	0.0168477542	0.044455916	0.045036153	0.0228067561	-0.1040069474	0.059836177	0.0095200207	-0.0004653722	0.0431019128	0.0422101956	-0.0868636604	-0.0020763021	-0.1206608683	0.1101849015	-0.0320924245	0.0157920446	-0.0065283224	-0.0213334164	0.0176995981	-0.0538048737	0.0346000072	-0.0064707085	-0.0421949027	-0.0354296056	-0.0254916094	0.0588558401	-0.1137540832	0.1039222833	-0.000893034	-0.0146361644	-0.046073714	-0.0275627693	0.0285991332	-0.0177358012	-0.0630473832	-0.0317033434	-0.0515478496	-0.0440473898	0.0479521045	-0.0025348081	0.0376736772	-0.107342368	-0.0888610162	0.0111853661	-0.0334142471	0.1544492322	-0.0736465551	0.1174969388	-0.0717407009	-0.010528763	-0.1024445733	-0.0836632229	0.0098582073	-0.0634874666	-0.0416316996	0.0304414832	-0.0347110415	-0.0202679737	0.042682816	-0.0931616374	-0.0257441533	-0.0266127558	0.0707761679	-0.0739922254	0.0695585866	0.0479034775	0.0117754041	-0.0859155408	-0.0145571748	0.0783331798	-0.0642601471	0.0815538978	-0.0333062531	-0.0505281782	-0.0362836313	0.0221842459	0.0009328893	0.128473887	0.0361530838	0.009241295	0.04395291	0.0882668716	0.0269257329	0.0769947156	-0.0494258066	-0.0475252429	0.0975654375	-0.0513014829	-0.0456007488	0.0335963945172039	-0.0148099446939084	0.0002193344618366	0.0011287177245556	0.0243584682198019	0.0614631198809263	0.0037777151054971	0.000593334974015	0.2665324400471078	-0.0377645699074449	0.0014261627402942	0.0710395415974651	-0.0077428975961563	0.0002883666538218	5.995246318456301e-05	8.315532703638213e-08	-0.0021361726031103	0.0004446090134231	4.563233390279036e-06	1.976771748171512e-07	0.0015857525926923	0.0001585883225332	2.5150256043925943e-08	2.5146112852303512e-06	0.0	0.0	0.0	0.0	0.0	0.0	0.0	0.0	0.0	0.0	0.0	0.0	0.0	0.0	0.0	0.0	0.0	0.0	0.0	0.0	0.0	0.0	0.0	0.0	0.0	0.0	0.0	0.0	0.0	0.0	0.0	0.0	0.0	0.0	0.0	0.0	0.0	0.0	0.0	0.0	0.0	0.0	0.0	0.0	0.0	0.0	0.0	0.0
567.1697484434117	2.0341504722400714	4.1377681437145055	321681.52354936284	780.7158194545761	6.664711825818927	44.41838372121065	609517.1907466303	552.0548573415214	0.6569155771798023	0.4315380755414728	304764.56551436754	588.8504698347338	549.7388128254233	1.189245	22.384983	0.1405279741912758	0.0777696058651411	-0.0313821937	0.0044819436	-0.0604869983	0.0565544927	-0.0094858433	0.0352344983	0.0122347428	0.0181166357	-0.0238569508	0.0159538149	0.0595617993	0.0189029923	0.0101900157	0.0725684008	0.060124097	-0.038681476	-0.0106444494	0.0251028018	0.0293419264	-0.0829420715	-0.0192203524	-0.0145997245	-0.1463554761	0.0679269079	0.0501668116	0.0856476564	0.0541620999	-0.037464254	0.0193225363	0.0058778863	0.0021477393	0.0091963457	-0.088756008	0.0305397109	0.0181439807	-0.0373440156	-0.0491138458	-0.0158227138	-0.071200632	-0.0126226823	-0.0150698873	-0.0355714155	0.0381601575	0.0477642482	-0.0737254826	-0.022243457	-0.0028238595	-0.1421636066	0.1168175394	-0.0406446541	-0.0223544708	-0.032316707	-0.0087570992	0.0501558155	-0.0556347151	0.1009625923	0.0026241574	0.102991041	-0.0330740729	-0.033512124	0.1609939569	0.0903839856	0.0060043315	0.0322712119	-0.0319044289	0.0012173124	-0.0332039716	0.0620295519	0.0658097254	0.0415324175	0.0037848521	-0.0033374422	0.019610957	-0.0544066832	-0.0238114561	0.0202108635	-0.0969810112	-0.0928505809	0.0158443167	-0.0576354444	-0.0408449639	0.069561573	-0.0211671796	0.0644537294	0.0855107344	-0.0102480999	0.0361503244	-0.0052679365	0.0208345437	-0.0009002785	-0.0136651829	0.0184627569	-0.0207755457	0.1682989991	-0.0418664745	0.0138448527	-0.0007044852	-0.0184063852	0.0727508305	-0.0108498552	0.0035561886	-0.0097759226	0.0523240964	-0.0420028436	0.0860977331	0.0121663479	-0.074966744	-0.030851796	0.0094820911	0.0315032084	-0.0175560942	0.0544338371	0.0941628437	-0.0207645736	0.0293094677	0.0158755766	0.0031588544	0.0538511251	-0.0110799255	0.1105172921	0.0013538928	0.0013320877	0.0047934083	-0.0299649291	0.0011887155	0.0049315383	0.0877076972	0.0531671729	0.0872633092	-0.1083180869	-0.0079834169	-0.0506790813	-0.0449541001	0.0973689537	-0.0561744736	-0.0390254656	0.0331477634046137	-0.0004486311125901	2.012698751839198e-07	0.0010987742187282	0.0499274762055961	0.0255690079857942	0.0006537741693776	0.0024927528802603	0.2736383221670593	0.0071058821199515	5.049356070264644e-05	0.0748779313584033	-0.0090372823459377	-0.0012943847497813	8.167247220019721e-05	1.6754318804666555e-06	-0.0027591877742825	-0.0006230151711721	7.613117173750015e-06	3.881479035107255e-07	0.0013550634541871	-0.0002306891385052	5.3217478624271355e-08	1.8361969648734749e-06	0.0	0.0	0.0	0.0	0.0	0.0	0.0	0.0	0.0	0.0	0.0	0.0	0.0	0.0	0.0	0.0	0.0	0.0	0.0	0.0	0.0	0.0	0.0	0.0	0.0	0.0	0.0	0.0	0.0	0.0	0.0	0.0	0.0	0.0	0.0	0.0	0.0	0.0	0.0	0.0	0.0	0.0	0.0	0.0	0.0	0.0	0.0	0.0
567.0402299304185	-0.1295185129931724	0.0167750452079625	321534.6223595419	784.3291615865317	3.6133421319555055	13.056241362564757	615172.2337150316	552.7904640337742	0.7356066922528726	0.5411172056872123	305577.29712667543	589.9034519762096	546.4663752615769	1.145519	21.561937	0.371196359690408	0.2142232816161818	-0.0461107064	0.0223867791	-0.0135043906	0.0226882909	-0.0421233192	-0.027629447	0.0443892249	0.0384455625	-0.0768623012	-0.013573618	0.065437712	0.0401907977	0.0318525884	-0.0043901052	0.0833026177	-0.0737851686	-0.0009748616	0.0738677914	0.0844764282	0.0284026984	0.1231145381	0.0400544386	0.022361085	0.0171750568	0.0492637476	-0.0216127611	0.0551366071	0.0815716501	-0.1193510781	0.0174891058	0.0322089614	-0.017384403	-0.0687638324	0.1113848733	-0.0378993255	-0.0950220812	0.0040775968	0.0166918266	0.0209538585	-0.0519359641	-0.0229321397	0.0181529952	0.0990819341	0.076514598	-0.0557938662	-0.0721263445	0.1217321633	0.0918944099	0.0761762542	-0.1047317946	0.0224530135	0.0338050895	-0.0201927926	-0.0311839725	0.022981916	0.0741814892	0.0776479749	-0.0657247753	-0.0535291993	0.0318949127	0.0316762123	-0.024837935	0.0437478727	0.0381915606	-0.0618896603	-0.0811631431	-0.0201979239	0.0003331773	0.0373460016	0.0027011706	0.0182586722	-0.0079897731	0.0369462515	0.0863033065	0.0096620981	0.0772398087	0.019618012	-0.0805199592	-0.0603382008	0.0554401922	-0.0958979134	0.033314042	0.0454542904	-0.01531799	-0.0486712805	0.002285682	0.0570748598	-0.0426620825	-0.0223647427	0.0630572068	0.0083242861	-0.0209332687	0.0523533605	-0.0118487993	0.1264013135	0.0088420079	0.0040845489	-0.0476687973	0.0835700773	0.0071202542	0.0127495276	-0.1207209306	-0.0171056176	0.0832961837	0.1406887924	-0.0014663356	0.0758354539	-0.0075521145	-0.0292431227	-0.0366631551	0.0183483159	-0.0297096809	-0.0607318885	0.0050165452	-0.014780456	-0.0294312194	-0.0966055079	-0.0073238491	0.0388013663	0.0405318818	0.0333595861	0.0817770999	-0.0010518124	0.0344908867	0.01799289	0.0204653886	0.0982858678	-0.0733027378	-0.0867571554	-0.070526289	0.150055602	-0.0519210142	-0.0423427173	0.0969763818	-0.0608463743	-0.0322319361	0.0499360048826957	0.016788241478082	0.0002818450519263	0.0024936045836446	-0.0524099235021395	-0.1023373997077356	0.0104729433789408	0.0027468000815001	0.2061978207183088	-0.0674405014487505	0.0045482212356589	0.0425175412689798	-0.0055844729944505	0.0034528093514871	3.118633862574694e-05	1.1921892417717452e-05	-0.0026983113053793	6.087646890319976e-05	7.2808839007377425e-06	3.7059444661222476e-09	0.0015339819749135	0.0001789185207264	3.201183705892325e-08	2.353100699359521e-06	0.0	0.0	0.0	0.0	0.0	0.0	0.0	0.0	0.0	0.0	0.0	0.0	0.0	0.0	0.0	0.0	0.0	0.0	0.0	0.0	0.0	0.0	0.0	0.0	0.0	0.0	0.0	0.0	0.0	0.0	0.0	0.0	0.0	0.0	0.0	0.0	0.0	0.0	0.0	0.0	0.0	0.0	0.0	0.0	0.0	0.0	0.0	0.0
566.6188887906823	-0.4213411397362279	0.1775283560342235	321056.96513438754	781.7766100412392	-2.552551545292431	6.515519391374777	611174.6680075718	552.2558704341224	-0.5345935996518847	0.2857903167887595	304986.5464289501	590.4830853625436	554.3710961082872	1.076252	20.258142	0.0579548945594499	0.0291161371454098	-0.0451643824	0.0453496743	0.0728432336	-0.0210658476	-0.0166502578	-0.0613284159	0.0091574735	-0.0148817858	0.0313774833	0.0865645333	-0.051099462	-0.0474119089	0.0183465534	-0.0029380534	-0.0646463046	-0.0304764633	0.038581616	-0.0394805828	-0.0456813514	0.0472645983	0.0620828322	0.0152918333	-0.0416455549	-0.0775026185	0.0352098163	0.0404562691	0.0719338685	-0.1081343244	0.0102278688	0.0416841556	0.0148093667	-0.1042385219	-0.0497641317	-0.0560516582	-0.036809302	0.0171707024	-0.2439158506	0.0389320362	-0.0015196719	-0.0213458081	0.0211635264	-0.1336708695	-0.0289764605	-0.018958711	0.0114417863	0.0211618249	-0.0578359492	-0.0790168622	-0.0795898502	0.0552891476	-0.0317081572	0.1165534523	0.0642368991	-0.2107024258	-0.0043010998	-0.0284931041	-0.0239164081	-0.0589368888	0.006946723	0.0354282856	0.0095299899	-0.0276074346	-0.0312735188	0.0105526539	0.0652074877	0.020415877	0.0747520634	0.0327101114	-0.0605931066	-0.0365369276	0.0382514526	-0.0111626735	0.037653032	0.0075602704	0.0561488952	-0.0002557546	0.0408227024	-0.0052115769	0.0107850625	-0.0485486745	-0.0484373908	0.0015849755	0.139563708	0.0226618007	0.0290348357	-0.1320413638	-0.0733994323	0.0594114996	0.0520367112	-0.0299902331	0.0645884694	0.1856685339	-0.0537742339	0.0582205107	0.1373377319	-0.1230904128	-0.0692534209	-0.0158346992	0.0306585834	-0.0570990739	-0.0080167494	0.0842232919	0.0082772236	-0.0589454492	0.0281852369	-0.036422274	0.0293717207	-0.0159892157	-0.014816403	-0.0155696703	-0.0197389801	-0.0462719155	0.0343365178	0.0352627203	-0.0934186914	0.0057956378	0.0047759445	0.0647271735	0.0536069808	0.0338794196	0.1024720628	0.0303367706	0.0453367928	0.0928757796	0.0229108344	0.0424606618	0.0359674095	-0.0506206221	-0.0530710042	-0.1114119771	0.0568883578	-0.0531513274	-0.039693432	0.0963885124	-0.0653004608	-0.0252581525	0.0500902303925272	0.0001542255098314	2.3785507882785292e-08	0.0025090311807764	-0.0329634992880727	0.0194464242140668	0.0003781634147134	0.0010865922853147	0.1993868585618372	-0.0068109621564716	4.63892054968885e-05	0.039755119367158	-0.0059892018760712	-0.0004047288816207	3.5870539112334785e-05	1.638054676179427e-07	-0.0027501478259122	-5.183652053289975e-05	7.563313064369599e-06	2.6870248609577372e-09	0.0017082822263415	0.000174300251428	3.038057764786402e-08	2.918228164834272e-06	0.0	0.0	0.0	0.0	0.0	0.0	0.0	0.0	0.0	0.0	0.0	0.0	0.0	0.0	0.0	0.0	0.0	0.0	0.0	0.0	0.0	0.0	0.0	0.0	0.0	0.0	0.0	0.0	0.0	0.0	0.0	0.0	0.0	0.0	0.0	0.0	0.0	0.0	0.0	0.0	0.0	0.0	0.0	0.0	0.0	0.0	0.0	0.0
565.520137527041	-1.0987512636412475	1.2072543393532382	319813.0259486034	776.9091605067732	-4.8674495344660045	23.692064970573323	603587.8436793392	552.5108313604233	0.254960926300896	0.0650050739402109	305268.21877058607	590.4556112761545	556.8378393144781	1.348846	25.389137	0.2002880277069527	0.1018201205422974	-0.0036897787	0.0052514929	-0.1148280903	0.0059677625	0.0132005343	0.0436603997	-0.032784105	0.0122867564	0.0117971504	-0.0012860648	0.0445081538	-0.0116059199	0.0403431655	0.0022404802	-0.0380726783	0.0201479855	0.0668916045	-0.0489032355	0.1057450126	0.038451115	0.0594948289	0.075673014	0.0683452142	0.1090980738	0.0105636592	0.0882502154	-0.0479228682	0.0723461412	0.0237254186	0.0399610281	0.0553117692	0.0604424594	-0.1460281155	-0.0069696974	0.002094852	-0.001880466	-0.0286744356	-0.0990531265	0.0107139968	-0.0488033399	-0.0345560235	-0.0724474234	0.1296524799	0.0012992051	0.0058383954	0.0568660043	-0.0490902845	-0.083440442	-0.0188460866	-0.0052351427	0.0583426112	-0.0683448008	-0.0105197355	0.0245689714	0.1304708972	-0.0467517938	-0.041108409	0.0288163948	0.0496713939	-0.0508468802	-0.044464118	0.0447788574	-0.0590134008	-0.0256727164	0.0642390465	-0.0469485655	-0.0545051903	-0.0458042052	-0.0061675122	-0.0046317533	0.0125231943	-0.0397245742	-0.0674908019	-0.0068739318	0.0329382747	0.0219893635	0.0373658521	-0.0630266799	-0.0641445477	0.008651102	-0.0553144333	0.0196987225	0.0360631425	0.1686051214	0.0256908141	0.1404729407	-0.0259136551	0.0964661348	-0.0533539579	0.0335079191	0.0601268829	0.0366601159	0.0219288062	-0.0080629629	-0.0147022451	-0.0226457741	-0.1156220405	0.1333445515	-0.1098553846	0.0956120106	-0.0376001087	-0.0344314118	0.0165276258	0.0505855044	0.0359756446	0.024474127	-0.0453468086	-0.0233887897	-0.0076268537	-0.0263641989	0.0016590297	-0.007783547	0.0464365026	-0.0160628725	0.033383327	0.0211343437	0.0023633714	0.0131637506	0.039061497	0.0591209043	0.0587827733	0.03427705	-0.0794381761	0.0289479574	-0.0363494818	0.0391420124	0.0705985841	0.0090364193	0.0391047906	-0.0722615413	0.0201994311	-0.0543697455	-0.0370086157	0.0956065293	-0.0695207885	-0.0181431151	0.0336258418318777	-0.0164643885606494	0.000271076090676	0.0011306972389024	0.0330771487440273	0.0660406480321	0.0043613671924997	0.0010940977690345	0.2598490109631655	0.0604621524013282	0.0036556718730014	0.0675215084985352	-0.0068390909398924	-0.0008498890638211	4.677316488411831e-05	7.22311420802875e-07	-0.0026880740730725	6.207375283970003e-05	7.225742222324579e-06	3.853150791604168e-09	0.0014738282687449	-0.0002344539575966	5.4968658232708324e-08	2.172169765751589e-06	0.0	0.0	0.0	0.0	0.0	0.0	0.0	0.0	0.0	0.0	0.0	0.0	0.0	0.0	0.0	0.0	0.0	0.0	0.0	0.0	0.0	0.0	0.0	0.0	0.0	0.0	0.0	0.0	0.0	0.0	0.0	0.0	0.0	0.0	0.0	0.0	0.0	0.0	0.0	0.0	0.0	0.0	0.0	0.0	0.0	0.0	0.0	0.0
563.6603428755303	-1.859794651510697	3.4588361457877945	317712.9821305604	776.1928281669157	-0.7163323398575585	0.5131320211258047	602475.3064977551	551.9758691350254	-0.5349622253978623	0.2861845826026332	304677.3601073667	590.3079410320968	543.5024477767741	1.20202	22.625452	0.1538833490236837	0.0845085484708551	0.0012639927	-0.1084492769	0.0401031762	0.0144630918	0.0055446963	0.0027042959	-0.0419390019	-0.0451971941	0.0727259588	0.0124313074	0.0882882307	-0.0356874742	-0.0150679329	0.0132763545	-0.1031935328	0.0526739479	0.0622064837	-0.0949134949	-0.0765336409	0.0268090327	0.0874698247	-0.016821217	-0.0329569116	-0.0371453857	-0.0660064858	0.0095158066	-0.0989243158	-0.032382071	0.0438072232	0.0489055706	0.0733743249	-0.0083980205	0.0460506149	-0.0839877677	0.0228014807	-0.0111072786	-0.0657888442	-0.0022223384	-0.0489238608	-0.1091033592	0.0397284889	0.1559280366	0.0164961413	0.0064071827	-0.0770396306	-0.0483939778	0.0878858861	0.1524528961	0.002555412	0.0350498938	-0.0472996032	0.0155224091	-0.0117683985	-0.013023852	-0.0544151408	-0.1083141239	-0.1210236237	-0.0103440573	0.0103018298	0.0505061089	-0.1295268884	0.0066776361	-0.0138351622	-0.0547707416	0.0827300132	0.0258771458	0.0237082774	0.0200391909	0.0488938802	0.0290462983	0.0579887016	-0.0125323272	0.0391124934	-0.027561851	0.0051135618	-0.0563312477	0.0694365668	0.0443643894	0.1117694501	0.1134957077	0.1234975856	0.0002031078	0.0347995849	0.0453843478	-0.0616148863	-0.0441313684	-0.1145676047	0.0339650517	0.0103754901	0.1284337464	0.0422656908	-0.0681483726	-0.0246550243	-0.0253722519	0.0743902276	-0.0593845279	0.0677402303	0.0307116558	-0.0511625615	-0.0165581723	-0.0044881777	0.101097912	0.0365463102	0.0204773448	0.0344715688	0.0813876524	0.0366528884	-0.0119889742	-0.034941515	-0.0527959131	0.0131821721	-0.0242016264	-0.0378707389	-0.0265010759	-0.0735764779	-0.0251440435	-0.0189430964	-0.0336269777	0.0687086886	-0.0325698473	-0.0079503916	0.0016863709	0.040849452	-0.0096685323	0.0867347025	-0.0477016546	-0.0390651472	0.0031553385	-0.0743446972	0.0487435313	0.0059816818	-0.0555759958	-0.0342906716	0.0946320074	-0.0734922499	-0.010926614	0.0336431105601207	1.7268728242994524e-05	2.9820897513039673e-10	0.0011318588881605	-0.0182096033190362	-0.0512867520630635	0.0026303309371781	0.0003315896530366	0.2140855265525232	-0.0457634844106422	0.0020942965054031	0.0458326126792711	-0.0059054003790862	0.0009336905608062	3.4873753637311435e-05	8.717780633385966e-07	-0.0026408391269232	4.72349461492997e-05	6.97403129428849e-06	2.2311401377272423e-09	0.0016292196382241	0.0001553913694792	2.414647770862125e-08	2.6543566295750672e-06	0.0	0.0	0.0	0.0	0.0	0.0	0.0	0.0	0.0	0.0	0.0	0.0	0.0	0.0	0.0	0.0	0.0	0.0	0.0	0.0	0.0	0.0	0.0	0.0	0.0	0.0	0.0	0.0	0.0	0.0	0.0	0.0	0.0	0.0	0.0	0.0	0.0	0.0	0.0	0.0	0.0	0.0	0.0	0.0	0.0	0.0	0.0	0.0
564.6593769941018	0.9990341185714442	0.9980691700698224	318840.21202736715	772.5275272231504	-3.66530094376526	13.434431008366506	596798.7803175154	551.1718779747639	-0.8039911602614893	0.6464017857786158	303790.439070228	589.4064839105457	548.876719860731	1.298314	24.437983	0.101163373150948	0.0684186459191548	-0.0247695807	-0.0079615071	-0.0602293404	-0.0796537046	0.1036351468	-0.0577336083	-0.0631028651	0.0565928203	0.0046231161	-0.1274975794	-0.0275831902	-0.0615866287	-0.0362593808	0.0817556229	0.0147275375	-0.0064130933	0.0861274397	0.0296883022	-0.0211959387	-0.0633833123	0.0379725498	0.1369511008	0.1477590277	-0.0219925292	-0.1329039575	0.0758387676	-0.032885532	-0.1247925647	0.0322919012	0.0002713292	-0.0159712217	-0.0704630694	0.0740677857	-0.0916803006	0.0618469144	0.0156733142	0.060931934	-0.0019148076	-0.0279867885	0.0724386577	-0.0403491744	-0.0253190255	-0.0416224176	0.105383783	0.0787599776	-0.012881456	-0.0241979775	0.0133786774	0.0094333056	0.0101804396	-0.1017646819	0.078537147	0.001498905	-0.0092921528	0.0357075125	0.0272547431	0.0813762748	-0.1301179214	0.0638636283	-0.0670065031	0.0445926497	0.0196936384	0.0492581558	-0.0334172575	0.0006112479	-0.0004722478	-0.0925946575	0.0136067068	0.0108084306	-0.1210880986	-0.0778130041	-0.0925137426	0.0023694451	-0.0234663182	0.0602235704	0.0081490047	0.0273725333	0.0735393305	0.0461394086	-0.0303675156	0.0351990186	0.0499537634	0.0399959854	0.1083261305	-0.0147064928	-0.0297648971	-0.0438796954	0.0150181427	-0.0365017594	0.0405600325	-0.0005354704	-0.0910453176	0.0179902079	0.0086570151	0.0003664073	-0.0233772393	0.0331798606	0.0220679796	0.0207487741	0.1063417127	-0.2015616773	0.0422538132	-0.1164416899	-0.2121310276	-0.0794671854	0.0123795329	-0.0426692108	-0.0221930619	-0.0131664002	-0.0188660942	-0.0052146531	-0.0063940438	0.0656427784	0.0045270452	-0.0515730539	0.0138721126	0.064340264	0.0319339725	0.0433224633	0.003723204	-0.0056699688	-0.0305784806	-0.011570341	-0.0657066827	-0.0795644166	-0.0084241003	-0.0160885807	-0.0119953998	0.030353564	-0.0166298922	-0.0750608491	-0.0567698085	-0.0315420328	0.0934669092	-0.077200628	-0.0036490069	0.0429443618547082	0.0093012512945875	8.651327564506571e-05	0.0018442182151081	-0.0078920512115701	0.0103175521074661	0.0001064518814902	6.22844723260451e-05	0.2296442905716276	0.0155587640191044	0.0002420751378021	0.0527365001921461	-0.0071520066590844	-0.0012466062799982	5.11511992515876e-05	1.5540272173309504e-06	-0.0026032348292872	3.760429763600016e-05	6.776831576413957e-06	1.414083200696887e-09	0.0015937141012625	-3.550553696159988e-05	1.260643154931535e-09	2.5399246365629386e-06	0.0	0.0	0.0	0.0	0.0	0.0	0.0	0.0	0.0	0.0	0.0	0.0	0.0	0.0	0.0	0.0	0.0	0.0	0.0	0.0	0.0	0.0	0.0	0.0	0.0	0.0	0.0	0.0	0.0	0.0	0.0	0.0	0.0	0.0	0.0	0.0	0.0	0.0	0.0	0.0	0.0	0.0	0.0	0.0	0.0	0.0	0.0	0.0
566.0694385538646	1.4100615597628805	1.9882736023209269	320434.6092646875	780.377224014466	7.849696791315637	61.61773971559101	608988.6117605241	551.717469556616	0.5455915818521362	0.2976701741879162	304392.1662139556	589.6071668568223	539.0412968461886	1.217971	22.925699	0.1175760880849596	0.0703278235331035	-0.0317567031	-0.0806566863	0.0138017432	0.0805888663	4.67608e-05	0.0391665377	-0.0062299063	-0.0120570034	-0.0189380745	-0.0138736826	0.1110592958	0.0008757348	-0.0018075603	0.1024881751	0.0180769218	-0.0216331118	0.0281140935	0.0063804074	0.105653886	-0.1105449989	-0.0025350029	0.0318942205	-0.1190778074	0.1423744458	-0.0699228629	0.0134852898	-0.0572309363	0.0223592767	0.1011682611	0.0027154287	0.0070442749	0.0032843224	-0.0845665647	0.0548561847	0.0709341937	0.1200000312	0.077037003	0.1120598857	0.1136260005	-0.0733045004	-0.0208193792	0.1069012359	0.1585259846	-0.1373173969	-0.0284658984	0.0664194617	-0.0153393604	-0.0662345245	0.0817860444	0.0945955608	-0.0933035609	0.0284374752	0.1427443012	0.0078288074	-0.0524174304	0.0530751026	0.0399856414	-0.0066775411	0.0295374533	0.0018493526	0.0391732208	0.0354798866	0.136612022	-0.0205909692	0.0058529573	-0.0380870232	-0.0685907666	0.0476044454	0.0948521715	0.0392096279	0.0032714183	0.0274915324	-0.0034148472	0.0250994277	0.0835355676	0.0384004496	-0.1122679553	-0.0956698671	0.0157071385	0.02118623	0.11146287	0.1431578759	-0.0130876877	-0.0057591479	0.1160166913	0.0669629484	-0.0933122966	-0.0803943104	-0.0152567405	0.0004581319	-0.0318041531	-0.0131536704	0.0829856809	-0.0529560086	-0.1386982192	-0.0384179304	0.1071052438	0.096569661	0.076978497	0.026469943	-0.0187938287	-0.0514868269	-0.0535368456	0.0449422213	-0.0364534371	-0.1653998466	-0.0217559274	-0.0237820137	-0.0128977212	-0.005122895	0.0276770961	0.0271992642	0.0374351473	-0.0205850198	0.0632945571	0.029865064	0.0028703402	-0.0064823549	0.0066139412	0.0577353354	0.0026724098	-0.0595670126	0.0277396217	-0.0376855441	0.0498686589	-0.0512472059	-0.0029452409	0.038713401	-0.0114348033	-0.0206167963	-0.0401471855	-0.0579509162	-0.0287651596	0.0921135811	-0.080632648	0.0036490069	0.0331713997717884	-0.0097729620829197	9.55107878741881e-05	0.0011003417628198	-0.0427847752723096	-0.0348927240607395	0.0012175021923789	0.001830536995102	0.2522371942005179	0.0225929036288902	0.0005104392943843	0.0636236021381497	-0.0081070786741665	-0.0009550720150821	6.572472462912527e-05	9.121625539929848e-07	-0.0025539938196643	4.924100962289992e-05	6.522884430883441e-06	2.424677028682522e-09	0.0015916771597193	-2.0369415432001416e-06	4.149130850414574e-12	2.5334361807720978e-06	0.0	0.0	0.0	0.0	0.0	0.0	0.0	0.0	0.0	0.0	0.0	0.0	0.0	0.0	0.0	0.0	0.0	0.0	0.0	0.0	0.0	0.0	0.0	0.0	0.0	0.0	0.0	0.0	0.0	0.0	0.0	0.0	0.0	0.0	0.0	0.0	0.0	0.0	0.0	0.0	0.0	0.0	0.0	0.0	0.0	0.0	0.0	0.0
565.6733260080656	-0.396112545799042	0.1569051489393981	319986.3117570273	778.0173228620047	-2.3599011524613616	5.569133449388462	605310.9546733608	551.975846421828	0.2583768652119715	0.0667586044767653	304677.33503309346	589.003374480122	545.1217640794504	1.388483	26.135216	0.2521938852716051	0.1485240419432119	-0.0564952609	0.0338282165	-0.0006567756	-0.1376383663	-0.0094317049	-0.0657478428	-0.0123679633	0.0542996645	0.0241431388	-0.0141085347	-0.0893224795	-0.0471822139	-0.0143946944	0.0296320309	0.0155355616	-0.0123768911	-0.0143009265	0.0378304532	-0.1174848073	0.0414938392	0.020511397	0.0569632773	-0.0021367085	0.0227370882	-0.1043372808	0.037081586	0.0177525456	0.018066941	-0.0079567405	0.0099961352	-0.1034065473	-0.1101940828	0.1202777581	-0.0550589795	-0.065987988	-0.0496919256	0.0602764298	-0.0642179983	-0.0794529652	-0.0592562373	-0.106741322	0.0366069298	-0.0863129783	-0.100909817	-0.0500412696	0.0094836142	-0.0827885961	-0.0267561585	-0.0063292028	0.0191296751	-0.03256134	0.0868679495	0.0525372601	0.047855154	-0.0187672942	-0.049273361	-0.1033718129	0.0616130888	0.1257578639	0.0087183146	-0.1117539857	0.1111138563	-0.02676076	0.0384288953	-0.0182569842	0.04774903	0.0057597083	0.0561101115	-0.0312888785	-0.0556654617	6.8592e-05	-0.0874841509	0.0489496541	-0.0513179828	-0.0032280377	-0.026762644	0.0269877043	0.061081845	0.085906442	-0.0299566051	-0.0971747121	0.0936554601	-0.0417272531	-0.0599553753	-0.0869340873	0.0558826751	0.0035023727	-0.0275956697	-0.1105125269	-0.0445015638	0.0104578631	0.0438219134	-0.1560462845	-0.0343672463	0.0140975271	0.0372742487	-0.0535952802	0.0245188722	-0.0841803651	-0.1102882338	0.0054297	0.0387001085	-0.0794618674	-0.0527125686	-0.1146512852	0.0143769286	0.1578465236	-0.0057001538	-0.032310337	-0.0583083632	0.0117917767	-0.0317517767	-0.0446907835	-0.0169287019	-0.0404987173	-0.0022104576	0.0112627991	0.0094749722	0.0241852507	-0.0373019371	-0.0690181642	0.0599582257	0.0062628106	0.0361466864	-0.0251330319	-0.0141305283	-0.0692954387	-0.0988806631	-0.0036003098	-0.0995928843	0.0318638977	-0.0591190548	-0.0259625377	0.0905747485	-0.083776024	0.010926614	0.0511441694756626	0.0179727697038742	0.0003230204508284	0.0026157260713552	0.0363856352306868	0.0791704105029964	0.0062679538992129	0.0013239144511405	0.1973361168048484	-0.0549010773956694	0.0030141282992052	0.0389415429956167	-0.0062350912427946	0.0018719874313719	3.887636280597392e-05	3.5043369432143653e-06	-0.002601228693974	-4.723487430969989e-05	6.766390718353682e-06	2.2311333510531467e-09	0.0015079069120196	-8.377024769969988e-05	7.017454399669073e-09	2.273783255316486e-06	0.0	0.0	0.0	0.0	0.0	0.0	0.0	0.0	0.0	0.0	0.0	0.0	0.0	0.0	0.0	0.0	0.0	0.0	0.0	0.0	0.0	0.0	0.0	0.0	0.0	0.0	0.0	0.0	0.0	0.0	0.0	0.0	0.0	0.0	0.0	0.0	0.0	0.0	0.0	0.0	0.0	0.0	0.0	0.0	0.0	0.0	0.0	0.0
565.9408859404793	0.2675599324137465	0.0715883174332486	320289.08637909463	782.0841977222856	4.066874860280905	16.53947112918483	611655.6923269111	552.10761869938	0.1317722775520451	0.0173639331312532	304822.82262590004	590.3976698016177	549.3163043302469	1.597349	30.066668	0.1084134708110022	0.0688555013892377	0.0020751126	-0.0669615607	-0.0871413413	0.0783379924	-0.0176862569	0.0095648548	0.0074321264	0.0073493815	-0.0793926227	-0.019034063	0.0659133317	0.0167647262	-0.0194609586	0.0317894827	0.0477577031	-0.0582383781	0.0308321701	0.0042177307	0.0538649288	0.0879439578	-0.0164763829	-0.0418025823	-0.0186816655	0.1191411806	-0.0787386485	-0.0659588855	0.0166008804	-0.0444196479	0.0730459419	-0.0287057009	0.1008516371	0.0191652722	0.0946310048	0.0531165952	0.0303397626	0.0069481422	-0.0578191147	-0.071356158	-0.0800952076	0.1201169401	0.0121704529	0.0760579633	-0.1378001572	-0.0805326023	-0.067825698	-0.0366310384	0.0053756201	0.0390994008	0.0573007293	-0.0547650529	-0.0353741539	0.090002437	0.1171920667	0.0392134482	0.0072896281	0.0448524488	-0.0191843209	-0.0732485485	-0.0680028332	-0.0914752613	0.0320789626	0.0237565993	-0.0273636921	-0.0456334799	-0.0150253508	-0.0849635837	-0.0696448267	-0.0074878085	0.0422974182	-0.0229916194	0.0110988853	-0.0046574052	0.0676474225	-0.0058614453	-0.0380629867	0.0072116235	-0.0041402736	-0.0220387735	-0.0540114617	-0.0647844627	0.0646763633	0.0097427026	-0.0272909257	-0.0071005821	0.0678449487	-0.0245237045	-0.0337001829	0.0245995097	-0.0569007397	0.0365912242	0.0429220629	-0.0447742618	-0.0388941465	-0.0114573948	-0.0390925716	0.1078563028	-0.1542158525	0.0349158021	-0.0078579458	-0.1379453676	-0.0217270974	0.1652818912	0.0365301622	-0.1274688331	0.0322614388	-0.0050316356	-0.0091593155	-0.0176360944	-0.0249093379	-0.0323366241	0.0008459996	-0.0230137611	0.0324049924	0.0028362506	-0.0483295561	-0.004386665	0.0147225789	0.0078577004	0.0063697088	0.0852968243	-0.0496472078	-0.0671793872	-0.0105754292	-0.0937563348	-0.0568305656	-0.0557232931	0.0028975117	0.0576456869	-0.0484387496	0.0344843497	-0.0244229197	-0.0602739627	-0.0231366758	0.0888535104	-0.0866195036	0.0181431151	0.0536528008561703	0.0025086313805076	6.293231403267964e-06	0.0028786230397118	-0.0167182140703374	-0.0531038493010242	0.0028200188105858	0.0002794986817016	0.2290932493253237	0.0317571325204753	0.001008515465923	0.0524837168864349	-0.0066551052385037	-0.000420013995709	4.429042573555939e-05	1.7641175659152365e-07	-0.0026020451269581	-8.164329841002342e-07	6.770638842726395e-06	6.665628175268133e-13	0.0015078601885329	-4.672348670009367e-08	2.18308420941383e-15	2.273642348162473e-06	0.0	0.0	0.0	0.0	0.0	0.0	0.0	0.0	0.0	0.0	0.0	0.0	0.0	0.0	0.0	0.0	0.0	0.0	0.0	0.0	0.0	0.0	0.0	0.0	0.0	0.0	0.0	0.0	0.0	0.0	0.0	0.0	0.0	0.0	1.0	0.0	0.0	0.0	0.0	0.0	0.0	0.0	0.0	0.0	0.0	0.0	0.0	0.0
566.8090004790463	0.8681145385669424	0.7536228520712954	321272.4430240555	782.2141357789557	0.1299380566700847	0.0168838985711981	611858.9542124185	552.5513675234733	0.4437488240932907	0.1969130188841783	305313.01375206053	590.3089724247999	551.7591565033625	1.140008	21.458212	0.1341286612972068	0.0996894050347261	-0.0382601138	-0.0182394729	0.0074019141	0.0226925196	-0.0104858985	-0.0436815517	0.0177531226	-0.0082665038	0.0052205937	0.0527664602	0.071461937	-0.0019931849	0.012055025	-0.0191078145	-0.018337572	-0.0122429365	0.0071607454	-0.0283433757	-0.0158820189	0.0384183329	0.0750865841	0.0702203417	-0.1286128282	0.0471005098	-0.0091247827	0.0388233277	0.0784408848	0.0037988218	-0.0504360367	0.0637960537	-0.0090962	0.0166543733	0.0112742952	-0.0126844585	0.0213604059	0.004995383	-0.001758284	-0.0320770526	0.0110370083	-0.0210360821	-0.0001118769	0.0029230692	-0.0106384298	-0.0060937315	-0.0374234341	0.0200443038	0.143661213	0.0601623646	-0.029531464	0.0310822322	0.0059676253	0.1668814782	0.0419466621	-0.0516658844	0.0004707125	0.0188763468	-0.1295287548	-0.0371530888	0.1714177074	0.0325516865	0.0109396372	0.0188246109	-0.0088434138	0.0091910058	0.0389351171	-0.0054670513	0.0237804717	-0.0154686756	0.0277551466	0.0236630552	0.0685671352	0.0057372283	0.0149294618	-0.023165697	0.0303412184	-0.0351084619	-0.0423426824	-0.0319391163	-0.0491585995	-0.0401037434	-0.0495141449	0.0697745929	0.0455513527	0.0446896383	0.0376626426	-0.0449501942	-0.0551038353	-0.0199311243	-0.0389232198	-0.0258627844	0.084804411	0.043189986	-0.1092779325	-0.0078437581	0.0874967224	0.0381187574	0.0568155661	0.0101993954	-0.0810527847	-0.0173417723	-0.0447607456	0.0782197947	-0.0569162787	0.0886362837	-0.0604760107	0.1106677941	0.0033521486	-0.0245596406	-0.0083947408	-0.0132230637	0.0159996878	0.009131588	0.0647928357	0.0113774842	0.0185177888	0.0384783883	0.039386835	0.0438618094	0.0070442944	0.0878929703	0.0489501587	-0.035121802	0.0323241443	0.0022522361	-0.0145647107	-0.0119381072	-0.0373982832	-0.0028111256	-0.0046322741	-0.0867019481	-0.0185237851	-0.0614153816	-0.0202901034	0.0869533332	-0.0891529079	0.0252581525	0.0484206879804247	-0.0052321128757456	2.7375005144542945e-05	0.0023445630244976	-0.0378453775961418	-0.0211271635258044	0.000446357038646	0.0014322726053945	0.2435962761492405	0.0145030268239167	0.0002103377870552	0.059339145753777	-0.0084380550526242	-0.0017829498141205	7.120077307111679e-05	3.178910039672325e-06	-0.0026052457734424	-3.200646484299765e-06	6.787305540039488e-06	1.0244137917460446e-11	0.0015870368893629	7.917670082999997e-05	6.268949954323317e-09	2.518686088198669e-06	0.0	0.0	0.0	0.0	0.0	0.0	0.0	0.0	0.0	0.0	0.0	0.0	0.0	0.0	0.0	0.0	0.0	0.0	0.0	0.0	0.0	0.0	0.0	0.0	0.0	0.0	0.0	0.0	0.0	0.0	0.0	0.0	0.0	0.0	0.0	0.0	0.0	0.0	0.0	0.0	0.0	0.0	0.0	0.0	0.0	0.0	0.0	0.0
566.5280057203786	-0.2809947586677026	0.0789580543987204	320953.9812655093	780.4663069698227	-1.7478288091330114	3.0549055460353207	609127.6563151134	552.0435109969673	-0.5078565265060888	0.2579182515148296	304752.0380338587	589.5080656189224	540.2082231720161	1.171172	22.044815	0.0491971984783237	0.034139923083769	-0.0613793392	-0.0066397028	0.0312932957	-0.0528827013	-0.0561173403	0.0441179835	0.0089853342	0.0752543094	-0.0555538584	-0.0687047798	0.0003256513	0.0140857999	0.0106897422	0.0435659547	0.0393802847	-0.0319810976	-0.0349537101	0.1346996384	0.0415005249	-0.0295698321	-0.0230119186	0.0632111036	-0.0543918621	-0.0049861322	-0.0308016909	0.0611947416	0.0426204015	-0.0337042547	-0.016131435	0.042661229	-0.1347025258	0.0316014775	0.0352629651	-0.0134603127	-0.0718123287	-0.0375545778	-0.0497030246	0.0876855506	-0.1033773376	0.022435219	0.0925103449	-0.0274727711	-0.0448452492	0.0185697735	-0.098341434	0.0476904696	0.0916509539	0.072522476	0.0872614046	-0.0076353398	0.0862902347	-0.0420219196	0.0542524577	-0.0256335176	-0.0177244885	-0.0573124887	0.0688069235	-0.0457222528	0.0076454781	-0.0323185499	-0.055682125	-0.0565046769	-0.0981284484	0.0542821572	-0.0447771408	-0.0223667211	-0.0167985727	0.0261239169	-0.0004411064	-0.0092000788	-0.0779709891	-0.0588900961	0.0085178584	0.1155279073	0.0298093731	0.007428699	-0.0441611433	0.01322807	-0.0859920185	0.0138262037	-0.0884406116	0.0339049842	0.003195257	0.0307749295	0.106583899	-0.0741246124	-0.0199769955	-0.0175574514	-0.0339469602	0.0446597171	0.0582116089	0.0065563794	-0.0937136871	0.0232743739	0.0016250895	0.0059799834	0.0865310262	-0.1529602118	-0.0118184191	-0.0319263364	0.0856657908	-0.0080398721	0.0042137382	0.0561835682	-0.0566784753	-0.0020750404	-0.0534478494	-0.0168961917	-0.0178335885	-0.0112835746	0.0399250349	0.0152822605	0.009139929	-0.0271795305	0.087312285	0.0204283931	-0.0124353095	-0.0107780021	0.0015715583	0.0626307201	-0.0791529235	-0.0084333503	-0.0114406954	-0.0195738551	0.0219029943	-0.0423082309	-0.0807937364	0.0010772582	-0.0322358076	-0.1105323442	-0.0296310011	-0.0625430558	-0.0174253687	0.0848780435	-0.0913671679	0.0322319361	0.0480727945276839	-0.0003478934527407	1.2102985445991397e-07	0.0023109935737009	-0.0405116611490683	-0.0026662835529264	7.109067984606332e-06	0.0016411946890569	0.2306955384363291	-0.0129007377129114	0.0001664290335373	0.0532204314544277	-0.0078549612561077	0.0005830937965165	6.170041633495305e-05	3.3999837553602565e-07	-0.0026778205318809	-7.25747584385001e-05	7.1707228009629066e-06	5.267095562406641e-09	0.0015970140096028	9.977120239900056e-06	9.954292828142336e-11	2.550453746867612e-06	0.0	0.0	0.0	0.0	0.0	0.0	0.0	0.0	0.0	0.0	0.0	0.0	0.0	0.0	0.0	0.0	0.0	0.0	0.0	0.0	0.0	0.0	0.0	0.0	0.0	0.0	0.0	0.0	0.0	0.0	0.0	0.0	0.0	0.0	0.0	0.0	0.0	0.0	0.0	0.0	0.0	0.0	0.0	0.0	0.0	0.0	0.0	0.0
567.0640678966962	0.5360621763176141	0.2873626568783768	321561.6570995489	783.1647577860269	2.6984508162042857	7.281636807473576	613347.0378380462	552.8307580160439	0.7872470190766307	0.619757869045041	305621.8470085937	590.6063612812479	544.2389344874535	1.17928	22.197422	0.1020669661491805	0.0648803237630615	-6.83382e-05	-0.0297503858	-0.0023981877	0.0455646485	-0.088139949	-0.0190025536	0.0234182383	-0.0512006721	-0.0171897054	0.1021886818	0.0291652872	-0.0528891823	0.0252554351	-0.0700998259	-0.006097139	0.0094048394	0.016285272	-0.0367807025	0.128775625	0.091809534	-0.0116192752	-0.0046867151	-0.0522557163	0.0064323711	0.0009315021	-0.013721217	-0.000771047	0.0361633184	0.0237646521	0.0726996023	-0.0630369616	-0.0538016651	0.0030269756	-0.0638557113	0.0024654904	0.0840507589	0.0134584654	-0.0659194036	0.108438149	-0.0565387819	0.1108957803	0.0059198321	-0.0131020102	0.005877596	0.0414818468	-0.0470192206	-0.1268510858	0.0474403959	-0.0358066521	-0.0192739393	-0.0789918926	0.0496792246	0.0561116772	0.0567903867	0.0464093466	0.0004352253	0.131424667	-0.0827070356	0.0678849104	0.0468871711	0.0243586516	0.0222509045	-0.0656428987	-0.0260685835	0.0341389127	-0.0483511887	0.0447009353	-0.0284457109	-0.0486516182	0.022134296	0.0649671482	0.0360325163	0.1610961573	-0.0046501742	-0.0558498992	0.0656354826	0.0530915993	-0.0373690127	0.045707718	-0.0202499528	-0.0491366925	0.0605854903	0.0493159595	0.0315277148	0.0121420553	0.0413458094	-0.0399961609	0.0199698922	0.0495316954	-0.0329211278	0.0107077701	0.0604029422	0.1060401301	0.0233436962	-0.0441495124	-0.0566737369	0.006153389	-0.0462536083	0.015943847	0.0131130964	0.106825036	0.0149073396	-0.0311075698	-0.0544120664	-0.0475734344	0.0685167641	-0.0294071885	0.0052560012	-0.0215619297	-0.0169551211	0.0399437218	-0.0255912682	-0.0476588805	0.0158355308	-0.087796819	0.0146475451	0.0439647037	0.0212346481	0.0099867769	0.0381873294	-0.1062953204	-0.0376580676	0.0472980242	-0.030347563	0.0399153272	-0.0461988602	-0.0383704049	-0.0336740388	-0.0454366699	-0.071259336	0.0567801538	-0.0636567332	-0.0145450358	0.0826318208	-0.0932543571	0.0390254656	0.0453767446604587	-0.0026960498672252	7.26868488656502e-06	0.0020590489559804	-0.0295138360310858	0.0109978251179824	0.0001209521573257	0.0008710665172698	0.1753598051665363	-0.0553357332697928	0.0030620433765056	0.0307510612680455	-0.007429793047421	0.0004251682086866	5.520182472750543e-05	1.8076800567785727e-07	-0.0026050754549142	7.274507696669987e-05	6.786418125796427e-06	5.291846222891088e-09	0.001759847881833	0.0001628338722302	2.6514869945481096e-08	3.0970645671920968e-06	0.0	0.0	0.0	0.0	0.0	0.0	0.0	0.0	0.0	0.0	0.0	0.0	0.0	0.0	0.0	0.0	0.0	0.0	0.0	0.0	0.0	0.0	0.0	0.0	0.0	0.0	0.0	0.0	0.0	0.0	0.0	0.0	0.0	0.0	0.0	0.0	0.0	0.0	0.0	0.0	0.0	0.0	0.0	0.0	0.0	0.0	0.0	0.0
567.2789923223677	0.2149244256714837	0.0461925087502171	321805.45513028087	779.9835048507016	-3.1812529353253467	10.120370238516134	608374.2678391844	553.052123008518	0.2213649924741503	0.0490024598930806	305866.6507642289	591.4952337758713	556.9099889344935	1.075721	20.248146	0.0877065080846954	0.0461502977845238	-0.0291523965	0.0358036964	-0.0509045258	-0.038605547	-0.0574688487	-0.02375932	-0.008361021	0.0239395132	-0.0567189737	-0.0118642877	-0.0285117294	-0.0221939332	0.0491029973	-0.02774683	-0.0718257119	-0.0165393546	0.0509549404	-0.0469894729	-0.1290354896	-0.028182738	0.0049720431	-0.1283820566	0.1663302327	0.1375766985	0.0230935995	0.0694741823	0.0459895793	0.0143565973	0.0203230104	0.0563708324	0.0049176574	-0.0936651116	0.0543626277	-0.0139746802	0.0379240863	0.0697618632	0.0498881466	0.0042076628	-0.0262099176	0.0003591503	-0.0344932183	-0.0089500993	-0.0154017397	0.0690509232	-0.0336809121	-0.0353517038	0.034637057	0.0583041557	-0.0249010053	-0.0561498627	-0.0182848738	0.0521427969	0.0711372993	-0.0860715659	0.0025681222	-0.1751257624	-0.0313354683	0.0504724432	-0.0989231065	0.0701328907	0.112203615	-0.0721922243	-0.0035460872	-0.0352498465	0.0551359118	-0.0756009446	-0.0138821146	-0.0080839643	-0.0496899926	-0.057130433	-0.0176245767	-0.0523688073	-0.0937365613	0.027292877	-0.04416745	-0.0921111335	0.1176226275	-0.0540514621	0.1122918546	0.015820226	0.0039074155	-0.1386458392	-0.0402426041	0.0257771758	0.0202237569	0.0339695392	-0.0100445158	0.0738992755	0.0178141796	-0.0739693141	0.0699118939	-0.0241265978	-0.0064191298	-0.012654749	-0.0019448866	0.0251533152	-0.0399097852	0.0678664579	-0.0448651435	-0.0778692317	-0.0917647263	0.015902897	-0.0737881084	-0.0037724962	-0.0409171448	0.0045767926	0.0622626527	-0.0110991214	-0.0692273631	0.0950210557	-0.0508928015	0.0347123262	-0.0233293978	0.0774869839	-0.0276371739	0.0520222028	0.1286687585	-0.0489340353	0.0810805786	0.0631182788	-0.1087497567	0.0487222941	0.0151293216	-0.0570117391	0.0477818874	-0.0164930203	-0.0598917013	0.0021740909	0.0211431346	0.1345059518	0.1289936122	-0.0647561645	-0.0116516832	0.0802191885	-0.0948077199	0.0456007488	0.057885920672362	0.0125091760119033	0.0001564794844967	0.0033507798120869	-0.0211553563652415	0.0083584796658442	6.986418232433261e-05	0.0004475491029403	0.1899897491683191	0.0146299440017828	0.0002140352614953	0.0360961047890408	-0.0081970839579411	-0.0007672909105201	6.719218541353534e-05	5.887353413667651e-07	-0.0024149034310898	0.0001901720238244	5.831758581489289e-06	3.61653986454682e-08	0.0016731326480742	-8.671523375880009e-05	7.519531765843342e-09	2.7993728580517845e-06	0.0	0.0	0.0	0.0	0.0	0.0	0.0	0.0	0.0	0.0	0.0	0.0	0.0	0.0	0.0	0.0	0.0	0.0	0.0	0.0	0.0	0.0	0.0	0.0	0.0	0.0	0.0	0.0	0.0	0.0	0.0	0.0	0.0	0.0	0.0	0.0	0.0	0.0	0.0	0.0	0.0	0.0	0.0	0.0	0.0	0.0	0.0	0.0
567.3078343208663	0.0288419984985921	0.0008318608773927	321838.17888183147	781.0199499168549	1.0364450661533056	1.07421837515353	609992.1621681266	552.7133734816805	-0.338749526837546	0.1147512419326613	305492.07322549965	589.999251887687	552.4838893898506	1.210907	22.792725	0.1584292657270065	0.0713609759413259	0.0062466468	-0.0447053705	0.0036673316	0.0634549378	-0.077367596	0.0414274302	0.0031552465	0.0011298404	-0.0048648175	0.0127795482	-0.0658369934	0.02903778	0.0184363511	-0.0478369949	0.0080508629	-0.08359017	0.0552677078	-0.1501741595	-0.0776249048	-0.0337317194	-0.0750548662	-0.0751447921	-0.0294027558	-0.1167654138	0.04169214	0.0345716468	0.1081670041	0.0577554237	-0.0086203334	-0.0081809749	0.0601203951	-0.0238417717	0.0047831017	0.0196630016	-0.0260841097	0.0132706736	-0.0619833845	-0.0867286871	-0.0707631623	-0.1481033437	-0.0815297495	0.038737984	0.0229805224	-0.0057533114	0.0057061106	0.0865465158	-0.0466244293	0.0138661381	-0.0668830428	-0.0054927115	-0.0330649409	-0.0753741849	0.1235379446	0.1207914459	-0.052009892	0.0809260474	0.073916687	-0.0322374088	-0.0802515465	-0.0871836231	-0.0607188676	0.0998268402	-0.0752220183	0.0238212302	-0.004774487	0.0017357822	0.0402590586	-0.0003691629	-0.0143640885	-0.0564504828	0.01752906	0.0992330177	-0.0618721159	0.0457895173	0.0299695846	-0.0666148117	0.0150913327	0.0134730696	0.0818090027	-0.0938372116	-0.0069859043	0.0217526768	-0.1163439892	-0.0583547595	-0.1259203148	-0.0532451464	0.0147031964	0.0154061259	0.1445961852	0.059249156	0.0467616547	0.0193685059	0.0631996405	0.0942400328	0.0598598323	-0.0877060074	-0.0453641668	0.0802170706	-0.0236997102	-0.1117845674	0.1654052489	-0.0081100688	0.0109911264	0.0672996595	0.0224581686	-0.0151445172	-0.0362639845	-0.0057249755	-0.0905629897	0.1498195961	-0.0430109809	0.040823241	-0.1000078973	0.0711179277	0.0548025628	0.1004641408	0.0952458071	-0.0971304601	0.0379290475	0.0552788798	-0.11103216	-0.0579258627	-0.0012000612	-0.0568633381	0.05769615	-0.0212056545	0.0799925253	-0.0105354487	0.0925287833	0.0663865301	0.0301138398	-0.0658411035	-0.0087479008	0.0776450055	-0.0960216957	0.0519210142	0.035947027385319	-0.021938893287043	0.0004813150386602	0.0012921887778408	-0.0676357459643952	-0.0464803895991536	0.0021604266172891	0.0045745941321602	0.1800776297738693	-0.0099121193944498	9.825011088982794e-05	0.0324279527449747	-0.0084959853671485	-0.0002989014092073	7.218176735880144e-05	8.934205242616935e-08	-0.001805088854349	0.0006098145767408	3.258345772094985e-06	3.7187381800556113e-07	0.0023663739310532	0.000693241282979	4.805834764263701e-07	5.599725581568175e-06	0.0	0.0	0.0	0.0	0.0	0.0	0.0	0.0	0.0	0.0	0.0	0.0	0.0	0.0	0.0	0.0	0.0	0.0	0.0	0.0	0.0	0.0	0.0	0.0	0.0	0.0	0.0	0.0	0.0	0.0	0.0	0.0	0.0	0.0	0.0	0.0	0.0	0.0	0.0	0.0	0.0	0.0	0.0	0.0	0.0	0.0	0.0	0.0
567.0502112740605	-0.2576230468057474	0.0663696342454763	321545.94210595667	785.5865219912855	4.56657207443061	20.853580510969483	617146.1835343646	552.6954597683127	-0.0179137133677613	0.0003209011266223	305472.2712485066	590.7905506527912	555.3234993667521	1.154286	21.726963	0.185151866420217	0.0981481306807037	-0.0130262551	0.020722314	-0.0303441199	-0.0004893113	-0.030487487	-0.0365369404	0.0412562958	-0.0139338078	0.036148137	0.0727911175	0.0299317576	0.0477360861	0.0238796181	-0.0510187618	0.0411644703	0.0256151827	0.0211306693	-0.0368940939	-0.0468870487	0.0232522733	0.0544907349	-0.0503768992	0.0453437494	-0.0895175018	-0.0434738363	-0.0791801983	0.0650729934	0.0592501658	0.0110793565	-0.0232278489	-0.0046255513	0.0562482345	-0.0842139861	-0.0234894738	0.0174946688	0.2077494466	0.1311618609	0.0211070348	-0.0509952164	0.0577739663	-0.0667194214	-0.0664339789	0.0043329801	0.0785532404	-0.0361350773	0.0223886476	-0.0926007796	-0.0980796012	-0.0132899723	0.0414488459	-0.0429206218	-0.0579525758	-0.0426971184	-0.0329766494	-0.0087857104	-0.1117114569	0.0057309712	-0.0275822026	0.041784445	-0.0211612355	0.0824496106	0.1454009467	0.0951152215	0.0188104058	0.0306691328	-0.0011432623	0.0580595244	-0.0289933171	0.0334099391	0.0035538365	0.0840268439	0.0149518135	-0.0060468832	0.100405264	-0.0467992428	-0.0118037161	0.1065110018	0.0700164946	-0.0621865742	-0.0685665727	-0.0237445353	-0.0513041325	-0.111236331	-0.057344832	-0.0101100078	-0.0356029785	-0.0339090196	-0.0035139507	0.0375481982	-0.1422421286	0.0726713658	-0.0153134168	0.0516105741	0.065000848	-0.1576950652	-0.0276376221	0.0016400267	0.0040250938	-0.0334574829	0.0156311588	-0.1026705047	-0.0774351971	-0.0973103307	-0.1149568527	0.0466628559	-0.0683930075	-0.0046311536	0.0012687967	-0.0215997741	0.0122167793	0.0285078521	-0.000649005	-0.0588097068	0.0174936949	0.0371809042	0.0167630722	0.054870545	-0.0394096053	-0.0173957636	-0.0545240002	-0.1608575519	-0.0048068251	-0.0192906197	-0.0053109251	0.0667638935	-0.0246765857	0.0024007854	-0.0260976676	0.0190319478	0.0944944286	-0.0331176056	-0.0669113075	-0.0058362878	0.0749144558	-0.0968919388	0.0579509162	0.0099107696290019	-0.0260362577563171	0.0006778867179533	9.822335463914648e-05	0.0146829941278099	0.0823187400922051	0.006776374970368	0.0002155903165573	0.1636098479754295	-0.0164677817984398	0.000271187837361	0.0267681823545431	-0.0079697067279987	0.0005262786391498	6.351622533030774e-05	2.7696920602536605e-07	-0.0020060566189137	-0.0002009677645646	4.024263158287465e-06	4.03880423941326e-08	0.0018870385993026	-0.0004793353317506	2.2976236026445785e-07	3.560914675257918e-06	0.0	0.0	0.0	0.0	0.0	0.0	0.0	0.0	0.0	0.0	0.0	0.0	0.0	0.0	0.0	0.0	0.0	0.0	0.0	0.0	0.0	0.0	0.0	0.0	0.0	0.0	0.0	0.0	0.0	0.0	0.0	0.0	0.0	0.0	0.0	0.0	0.0	0.0	0.0	0.0	0.0	0.0	0.0	0.0	0.0	0.0	0.0	0.0
565.3750544043655	-1.6751568696950017	2.806150538086357	319648.95214273926	779.8639842573418	-5.722537733943682	32.74743811640929	608187.8339417354	552.3709877084154	-0.324472059897289	0.1052821176539899	305113.7080619704	591.4867367130695	555.3881929233052	1.113983	20.96834	0.164304800153105	0.0903104977694689	-0.0048044794	-0.0216148961	0.0362938095	-0.0624616207	-0.026915045	-0.0370085004	-0.0342436436	-0.0473118193	0.0410383457	0.0380121777	-0.1288305959	0.0276878757	0.0003569462	-0.0185365103	-0.0401459442	0.0858780835	0.0809072696	0.0435723396	-0.0526820816	0.0016383843	-0.0334586356	-0.0850285874	0.0390155631	0.0217756095	0.0087537497	-0.0695057343	0.0529887228	-0.0426666578	-0.0080404467	-0.0535314544	-0.003954919	-0.0722766367	0.1032799389	0.0018501948	-0.0565502167	-0.0076271558	-0.0525247369	-0.1342305688	0.010436832	0.1465474888	-0.0340393537	0.0367314937	-0.0132329215	-0.0404974216	-0.1265274197	-0.0177355152	-0.1155857435	0.049500665	0.033806129	-0.0010630622	0.1765933657	-0.0262343952	-0.066148084	0.0951285283	-0.0633778802	-0.100081435	-0.0338764126	0.0536190316	0.0380186533	-0.0224658188	-0.0333399621	0.0218694012	-0.0701925028	-0.0699763373	0.1192962355	0.0308081194	0.0168489757	-0.0057019726	-0.083339601	-0.097712103	-0.0020009944	-0.0157502021	0.0268504278	-0.0487977057	-0.080492474	0.0454605965	0.0090807499	0.0729740197	0.1081912398	-0.0005064413	0.0412603275	-0.1293286033	-0.023116987	-0.0853129554	-0.0115392523	-0.0789298142	0.0715962712	-0.0475679294	0.0677749255	0.0077171302	0.0914637218	-0.0109125241	-0.0030222354	-0.0622832108	-0.1198279518	0.074251493	-0.0751463844	-0.0086955632	0.000378448	-0.0874706773	0.0725312422	-0.0860630975	0.0126569814	-0.0278045624	0.0739967139	0.012791718	0.0728011601	-0.0055786816	-0.0190248426	-0.0166078993	0.0492734124	0.0049097244	-0.0454636461	0.0240878686	-0.0558773644	-0.0081694291	0.0954523182	-0.0198409116	-0.0106446138	-0.1210588972	-0.0688955712	-0.0062497804	0.0546724903	-0.0336424466	-0.0238339352	-0.0434685996	-0.0647391199	-0.122724001	0.0360200074	0.0677571318	2.46551e-05	-0.0679665371	-0.0029194506	0.0720330383	-0.0974153338	0.0636567332	-0.0016341241793895	-0.0115448938083914	0.000133284573047	2.670361833665407e-06	-0.057993442993137	-0.0726764371209469	0.0052818645125949	0.0033632394301982	0.1871312245976213	0.0235213766221918	0.0005532551582029	0.0350180952194053	-0.0083708847885431	-0.0004011780605443	7.007171214306224e-05	1.60943836262166e-07	-0.0013451307569183	0.0006609258619953	1.8093767532075985e-06	4.368229950543624e-07	0.0018179006698109	-6.91379294916999e-05	4.780053294399267e-09	3.3047628452989187e-06	0.0	0.0	0.0	0.0	0.0	0.0	0.0	0.0	0.0	0.0	0.0	0.0	0.0	0.0	0.0	0.0	0.0	0.0	0.0	0.0	0.0	0.0	0.0	0.0	0.0	0.0	0.0	0.0	0.0	0.0	0.0	0.0	0.0	0.0	0.0	0.0	0.0	0.0	0.0	0.0	0.0	0.0	0.0	0.0	0.0	0.0	0.0	0.0
564.8707250253948	-0.5043293789707377	0.25434812249301	319078.9359907152	776.967348336216	-2.896635921125835	8.390499659556514	603678.2603806108	551.6906701534166	-0.6803175549988509	0.4628319756396146	304362.5955343259	590.4238247689296	550.4978033767594	1.041721	19.60817	0.0592684241300143	0.0365910904002248	0.0216836196	-0.0364106957	-0.0647028049	0.0012385525	0.0573372198	0.0029167873	-0.0413845502	-0.0340659373	0.0575746434	-0.008439203	0.0701971521	-0.0040025972	-0.0393934427	0.0466998851	-0.0591180423	-0.0195605226	0.0770553859	-0.126505515	-0.0225109179	-0.026867236	-0.0838283921	0.0341627323	0.0290160939	0.0110802073	0.0711699169	-0.1253162946	-0.0468702623	-0.0402678574	-0.0176930739	0.0091167307	0.0046781391	0.0121874467	-0.0515021622	-0.1188714917	-0.0270130927	-0.0307169641	0.0656518948	-0.1044307541	-0.0437153004	0.1237488481	0.0126131668	0.0323956722	-0.0325806656	-0.06149132	0.0263734052	-0.0016237734	0.1169677874	0.02356309	0.013720415	-0.0534402893	0.0578594698	-0.0690382367	0.1011663688	-0.0264122153	-0.0968304273	-0.0040625484	-0.0241606657	0.0820541424	0.1079533315	-0.08482967	-0.0312359464	-0.0203712985	0.0954103081	-0.0936395466	0.0541390074	-0.0232294902	-0.0427142272	-0.020463996	0.0899461037	-0.0029142393	-0.0432160377	0.0557928947	-0.0805475509	-0.0350260125	-0.0139019365	0.0238911826	0.008390236	0.1281673002	-0.0241811747	-0.0848938028	0.1324383809	0.0014345359	0.000487413	0.021017173	-0.0519618024	-0.0185856137	0.0501019701	0.0246587597	0.0793207324	0.0269699486	-0.0193778635	-0.0160243899	-0.0964831826	-0.076629081	-0.0668956103	0.0911250581	-0.0145252709	-0.0028316634	0.0884656536	-0.0019811441	-0.0543696662	-0.0327461359	-0.0400915504	0.0865584282	-0.1061505066	0.0078542457	0.0888150585	0.0039341727	-0.0086237632	-0.0135066724	0.0593511257	-0.005303921	-0.0323063681	0.0328630649	-0.0005891084	0.0026600633	0.1212859755	-0.0251851801	-0.0168758609	-0.059654438	-0.0666856403	-0.0821978816	0.0299430199	-0.0842195706	-0.0419737198	-0.0607613286	-0.0333651408	-0.0532238581	0.0330671006	0.0879168098	-0.0128642248	-0.0690065559	-0.0	0.0690065559	-0.0975900073	0.0690065559	-0.0090174712161967	-0.0073833470368072	5.451381346592966e-05	8.1314787134936e-05	-0.0586857057556926	-0.0006922627625556	4.792277324211125e-07	0.0034440120600437	0.1630342903141297	-0.0240969342834916	0.0005806622418629	0.0265801798182319	-0.0079209306496997	0.0004499541388433	6.27411423573521e-05	2.02458727062305e-07	-0.0013438612707306	1.2694861876998316e-06	1.8059631149696632e-06	1.6115951807606524e-12	0.0017272066938988	-9.069397591210004e-05	8.22539726674458e-09	2.983242963448823e-06	0.0	0.0	0.0	0.0	0.0	0.0	0.0	0.0	0.0	0.0	0.0	0.0	0.0	0.0	0.0	0.0	0.0	0.0	0.0	0.0	0.0	0.0	0.0	0.0	0.0	0.0	0.0	0.0	0.0	0.0	0.0	0.0	0.0	0.0	0.0	0.0	0.0	0.0	0.0	0.0	0.0	0.0	0.0	0.0	0.0	0.0	0.0	0.0
565.872504276497	1.0017792511022208	1.0035616679389263	320211.6910961541	776.1369032036348	-0.8304451325811897	0.6896391182277897	602388.4925145283	552.0852262514447	0.394556098028147	0.1556745144911968	304798.0970451089	589.2773979111473	543.000058589525	1.159091	21.817408	0.204302619921435	0.1030682396383212	-0.0379382711	-0.012423154	0.0581527688	-0.1050481498	0.0115328515	0.0119874722	-0.0316779577	0.04498448	0.049829265	-0.0671656922	-0.0768066151	0.0024192244	0.000198254	0.0378745154	0.0380207412	-0.0253174296	0.0313208198	0.019555572	0.0205271482	-0.0046567767	-0.1169861175	-0.0982209161	-0.0442100153	-0.1168776125	-0.039573849	-0.0633054705	0.0037133382	0.0702962562	-0.0754375113	-0.1445805878	-0.0747637244	0.0226769793	0.0012410778	0.1086099804	0.0491839895	0.0504994602	0.1139789401	-0.0139377034	-0.0493679529	0.0267167131	-0.012049758	-0.0500134107	-0.0486626598	-0.0640583609	-0.0457242673	-0.0488827762	0.0515146724	0.0494553694	-0.0858867656	-0.0071388006	-0.0267194144	-0.0075869546	-0.0453189199	-0.0406248303	0.0218432952	0.041359359	0.0053732826	0.1220298448	0.0845782211	-0.050610837	0.0295234381	-0.1547564671	-0.0270592598	0.0323165497	-0.001022625	0.0469918295	-0.0162842745	0.038703447	0.0157743148	-0.0553115894	-0.0802044995	0.0274178139	0.0258581651	0.042940444	0.0074554825	-0.01820876	-0.0929030064	-0.000316613	-0.0372196731	-0.0495327254	0.0748046213	-0.0178063867	-0.1164809106	-0.1115576102	-0.1224562136	0.0470423902	0.0633269001	-0.0785623367	-0.0187367784	-0.0711091448	0.0703056668	0.0453086097	0.0017378461	0.028768115	-0.0260553957	0.049163375	0.0390706069	-0.0407136448	-0.0009849477	-0.0613255121	-0.0336177859	-0.0400394894	0.0602486206	0.0319639716	-0.0275005995	-0.0267549852	-0.0786529965	-0.0088960065	-0.0085824662	-0.0017498136	0.0742936214	0.0372303483	-0.0061327297	0.00573306	0.077702947	0.0170506507	0.0936180688	-0.0426193582	-0.0108609624	-0.0419109927	-0.0282586943	-0.0327067252	0.0316850031	-0.0228903854	-0.0278978264	-0.0488339959	-0.0732523569	-0.0982013969	0.0451329066	-0.0539355526	0.0047456519	-0.0700311314	0.0029194506	0.0658411035	-0.0974153338	0.073970466	0.0087881199246737	0.0178055911408704	0.0003170390758758	7.723105181044686e-05	-0.1086473958048657	-0.049961690049173	0.0024961704725696	0.0118042566151791	0.2045144488309063	0.0414801585167766	0.0017206035505769	0.0418261597806093	-0.0090941253803737	-0.0011731947306739	8.270311643395708e-05	1.376385876081238e-06	-0.0016077815162967	-0.000263920245566	2.584961404145316e-06	6.96538960196705e-08	0.0012632180658466	-0.0004639886280521	2.152854469617627e-07	1.5957198818812252e-06	0.0	0.0	0.0	0.0	0.0	0.0	0.0	0.0	0.0	0.0	0.0	0.0	0.0	0.0	0.0	0.0	0.0	0.0	0.0	0.0	0.0	0.0	0.0	0.0	0.0	0.0	0.0	0.0	0.0	0.0	0.0	0.0	0.0	0.0	0.0	0.0	0.0	0.0	0.0	0.0	0.0	0.0	0.0	0.0	0.0	0.0	0.0	0.0
565.0876680626263	-0.7848362138706761	0.6159678826028577	319324.072596457	780.529171372992	4.39226816935718	19.292019671548275	609225.7873642095	552.0205449445532	-0.0646813068915435	0.004183671461198	304726.6820408815	589.0205183771071	544.8579069849528	1.317112	24.791821	0.156142063316546	0.1034515431464006	0.019669171	-0.0753652072	-0.1099224366	0.0365021199	-0.0049231665	0.0248577239	-0.009276733	0.0187844749	-0.0353091347	-0.0308471641	0.0781966985	0.061592655	0.0003288661	0.0224522891	0.0435617763	0.0090890099	-0.1131803163	-0.0577997193	0.0169883631	-0.004923416	0.0067738226	-0.0564643016	-0.0662684899	-0.0147140978	-0.0439369934	-0.1335557994	0.052573124	-0.0520516448	-0.0194865804	0.0522372357	0.0165386524	-0.0298657261	0.0831027639	0.0009692495	-0.0476796166	-0.0282845776	0.0721565268	-0.0056005437	-0.0257914959	-0.0265735429	0.1677701471	-0.1216252191	-0.0510218327	-0.1370610801	0.0305978331	0.0717175116	-0.0302032261	-0.0219937785	-0.0782143905	-0.0401829016	-0.0554475217	-0.0557856776	-0.0852921696	-0.0122350419	-0.0592285062	-0.0400878113	0.0290102679	0.0361543461	-0.0779783274	0.0433703677	-0.0465964291	-0.0653872521	0.046448679	0.0076683046	-0.053130564	-0.031722556	-0.0429103101	-0.0067881013	0.0542994308	0.1013217712	0.0089311661	-0.0134748118	0.0173568269	-0.0159368628	-0.0877227285	0.052308726	0.030097401	0.0346189054	0.0447505193	-0.1133812702	-0.0022210012	-0.0433832762	0.0413047664	-0.1209246031	-0.0077354997	-0.0275382148	-0.0635270377	-0.0464814762	-0.0471405485	-0.0031257368	0.0442929668	0.0103227524	-0.0622078831	0.0221187799	-0.0105253924	0.0264916962	-0.0597756686	-0.0630905029	0.0878210595	0.0520711442	0.1344700748	0.0460781395	0.0530947324	-0.0310035172	0.0186924128	-0.0222850156	-0.0240236093	0.0026609763	-0.023887501	-0.0426807068	0.0522171147	-0.0002835359	-0.0644978385	-0.0062412614	-0.0179199431	-0.056923261	0.0330282425	-0.0757693078	-0.0287789716	-0.0641744244	-0.1445991756	-0.0392418804	-0.0243031611	-0.1086162021	-0.0627799237	-0.0968641321	-0.0130024463	-0.0069362974	-0.0377665933	0.0377050238	0.028509425	-0.0710400341	0.0058362878	0.0625430558	-0.0968919388	0.0785207032	0.0018120312739995	-0.0069760886506741	4.866581286206537e-05	3.2834573379522507e-06	-0.0613703083904511	0.0472770874144145	0.0022351229943901	0.003766314751939	0.191173265726654	-0.0133411831042523	0.0001779871666211	0.0365472175285938	-0.0074799579217568	0.0016141674586168	5.5949770511252304e-05	2.60553658445774e-06	-0.0017488070446056	-0.0001410255283089	3.058326079262173e-06	1.9888199634804362e-08	0.0012789791618649	1.5761096018299852e-05	2.4841214769806744e-10	1.635787696484642e-06	0.0	0.0	0.0	0.0	0.0	0.0	0.0	0.0	0.0	0.0	0.0	0.0	0.0	0.0	0.0	0.0	0.0	0.0	0.0	0.0	0.0	0.0	0.0	0.0	0.0	0.0	0.0	0.0	0.0	0.0	0.0	0.0	0.0	0.0	0.0	0.0	0.0	0.0	0.0	0.0	0.0	0.0	0.0	0.0	0.0	0.0	0.0	0.0
565.8437784954319	0.756110432805599	0.5717029865974702	320179.18166198744	780.9846113886699	0.4554400156779365	0.2074256078807191	609936.9632259117	552.3197918813163	0.2992469367630974	0.0895487291620972	305057.15250382054	590.4313060215542	540.6517697944681	1.524819	28.70146	0.0726437875676746	0.0407589204784227	-0.0431697799	-0.036949594	0.159642915	-0.0634494604	-0.0193271022	-0.0256133983	0.0003696571	-0.0137017946	0.0464220526	0.0421732137	0.0001371611	0.0061560919	0.0078305344	0.0076390967	-0.0138622918	-0.0200037338	0.0181426009	0.0305213544	0.0416239488	0.1434947875	0.0504901238	-0.0790158522	0.0076541205	-0.0107210229	-0.0040869895	0.0052107539	0.061562071	-0.0402591172	-0.0043432884	-0.0964452944	0.0285193993	-0.04102852	0.0153949226	0.0670417766	-0.0304503737	-0.0155409024	-0.0515646318	-0.0014009735	0.0819618771	-0.0807644309	-0.0630427026	0.0318016971	0.0846248956	0.0550475611	0.0696851671	-0.0652973898	0.0123420589	2.97532e-05	0.1088730268	-0.0439696373	0.0505903998	0.0085265506	-0.028014245	-0.104494827	-0.0014924474	0.0434122366	-0.1265229729	0.1207376856	0.0328392583	-0.140321453	0.030982403	0.0836617335	-0.0218003791	0.0055398055	0.0374228201	0.0213374313	0.0350064592	0.0466540137	-0.0367843686	-0.0268217765	0.035678737	0.0328498116	0.1005117044	-0.0156608218	0.0370265494	-0.0173906555	-0.0434800992	-0.0579117003	-0.0088112048	0.0094435128	0.0227866605	-0.0797221036	0.0030269612	-0.0225338463	-0.022840101	-0.0207935435	0.052257061	0.0147185662	-0.0315234615	0.0063232526	0.0674804659	0.041452006	0.0022402675	0.0417351516	0.0757285097	-0.0046504407	0.0117790422	0.0460749638	-0.1273871933	0.0187123977	0.0012282684	-0.0696823564	-0.0035833905	0.0110084847	0.0813121316	-0.0465372879	0.1791357022	-0.000653448	-0.0164884351	-0.0327115372	0.0395376839	-0.020933164	-0.0118186284	0.0335684462	0.0100454983	0.0054687605	0.0663305812	-0.0312192255	-0.0212866105	-0.0093933264	0.0419071226	-0.0394480618	0.0986704456	0.0247097771	0.0223403526	-0.007996412	-0.1255044938	-0.0723215808	0.005881886	-0.0624357682	0.0197321467	-0.0720330383	0.0087479008	0.0591190548	-0.0960216957	0.0826318208	0.0090996070151163	0.0072875757411168	5.310876018251408e-05	8.280284782955378e-05	-0.060289264370823	0.0010810440196281	1.168656172373682e-06	0.0036347953983749	0.1808290749834142	-0.0103441907432398	0.0001070022821325	0.0326991543593572	-0.0082071854424687	-0.0007272275207118	6.735789288707013e-05	5.28859866880776e-07	-0.001858276161103	-0.0001094691164973	3.4531902909237025e-06	1.1983487466721312e-08	0.0015209020659294	0.0002419229040645	5.852669151100128e-08	2.313143094148317e-06	0.0	0.0	0.0	0.0	0.0	0.0	0.0	0.0	0.0	0.0	0.0	0.0	0.0	0.0	0.0	0.0	0.0	0.0	0.0	0.0	0.0	0.0	0.0	0.0	0.0	0.0	0.0	0.0	0.0	0.0	0.0	0.0	0.0	0.0	0.0	1.0	0.0	0.0	0.0	0.0	0.0	0.0	0.0	0.0	0.0	0.0	0.0	0.0
565.7535503182309	-0.0902281772010837	0.0081411239610301	320077.079697683	780.2977495308382	-0.6868618578316728	0.471779211743977	608864.5779228908	552.069290021144	-0.250501860172335	0.0627511819498	304780.5009844499	589.0830197368012	554.240416208903	1.755017	33.034447	0.184741308017607	0.1154858435732246	0.0137325441	-0.0018456422	-0.1130122817	0.0045496398	0.0562063635	0.0052190895	-0.0019911219	0.0485741307	-0.0234734645	-0.0668007087	0.0112131706	0.0334513961	-0.0108755243	0.0295561977	0.0305476606	-0.0221521093	0.0398597338	0.0064307051	0.0622171023	0.0680582383	-0.1346729827	0.052403264	-0.0271897821	-0.0144973136	-0.0001218538	-0.0811423078	0.0103171752	0.0714354166	0.0725758046	0.0065864833	0.0243553593	-0.0919361894	-0.0337227577	0.0870553315	-0.0120042658	0.0114338161	-0.0114232996	-0.0264900664	-0.088176193	0.0316644024	0.0588740896	0.0097576218	0.0361426164	0.0289422223	0.0352978455	0.0075237986	-0.066397625	-0.0948531587	-0.045806103	0.0265212414	0.0101689392	-0.0397349774	-0.0301666547	-0.0526901067	0.076081793	0.0632535056	-0.0045291975	-0.1360838967	0.0409942329	0.0581114412	-0.0470124137	-0.1533474182	-0.0132025	0.0126011834	-0.0450048518	-0.0255299822	-0.0365541928	0.0125695999	0.0305053432	-0.0148119712	-0.0637311913	0.0117783452	0.0154270686	0.0407238651	-0.0787681087	0.0073892163	0.0079804026	0.0383632157	-0.0988748361	-0.0255352484	-0.0070963955	0.0975422331	0.0555491321	-0.0617642722	-0.0215314709	0.0389861593	0.0488310097	0.0542519897	-0.0059812503	-0.0206657843	0.0570591638	0.0148251433	-0.0877071848	0.0077352935	-0.0572520122	-0.0219145593	0.0194175797	0.1118791251	-0.1571513434	-0.0529389905	0.0399505432	-0.0407880278	0.1266706062	-0.0153582159	0.0369776341	0.0117088439	-0.0133180946	0.0048058239	-0.0168565479	-0.0550544065	0.0326922459	-0.0608039926	-0.0156748117	0.0440789848	0.0169675852	-0.0288122561	0.0549287353	-0.0317171625	-0.0083856922	0.044698842	0.0104914826	-0.0149125043	-0.0762092403	0.008595717	-0.0936213385	-0.0007984404	0.0158552009	0.0033601943	0.0695235645	-0.0390441525	0.0289975185	-0.0730099218	0.0116516832	0.0555759958	-0.0948077199	0.0862808277	0.0092573376806939	0.0001577306655776	2.4878962863552692e-08	8.569830093439511e-05	-0.0023971444006605	0.0578921199701625	0.0033514975546396	5.746301277617987e-06	0.1806308329563322	-0.0001982420270819	3.929990130157672e-08	0.0326274978144983	-0.0064631999151881	0.0017439855272805	4.177295314368746e-05	3.0414855193641904e-06	-0.0023008331291627	-0.0004425569680597	5.293833088252622e-06	1.958566699781944e-07	0.001177580254174	-0.0003433218117554	1.1786986642701035e-07	1.3866952550205025e-06	0.0	0.0	0.0	0.0	0.0	0.0	0.0	0.0	0.0	0.0	0.0	0.0	0.0	0.0	0.0	0.0	0.0	0.0	0.0	0.0	0.0	0.0	0.0	0.0	0.0	0.0	0.0	0.0	0.0	0.0	0.0	0.0	0.0	0.0	0.0	0.0	1.0	0.0	0.0	0.0	0.0	0.0	0.0	0.0	0.0	0.0	0.0	0.0
565.4748239235711	-0.2787263946597704	0.0776884030800341	319761.77649139374	778.4900417404481	-1.807707790390168	3.267807455437304	606046.7450890446	551.8505035540379	-0.2187864671060424	0.0478675181887433	304538.9782728452	588.8928901963726	534.9504216392708	1.380516	25.985252	0.1365059596161524	0.0841227779428844	-0.0137811399	-0.0981793129	0.0768273038	0.0565610285	-0.010758695	0.0496177427	-0.0159054416	0.0169983017	0.0102355047	-0.0257377125	0.1016152887	0.012578407	0.0004876487	0.0471297428	0.0218938791	0.0253987118	-0.0174907134	-0.0210522971	0.0172718406	-0.0239976583	0.0282472381	0.0032355739	-0.0745928548	-0.0754179653	-0.1675474483	-0.0361061748	-0.0915350038	-0.0079914962	-0.0321267393	0.0231319125	0.0467617505	0.0817153225	0.037735613	-0.0116120439	0.1607048124	-0.0771478407	-0.0799269389	0.0217260488	-0.0064111448	-0.0070831046	-0.0025885316	0.1429990431	-0.0368189616	0.1771018607	0.0432261827	0.0161461623	0.0588413118	0.0117999724	0.065071034	0.1079919268	-0.0310429087	-0.0923627255	-0.0535331068	-0.1019038244	0.0484337097	-0.0178226145	0.0857908841	0.1137405246	-0.0226320931	0.0692566918	0.0249300808	-0.024319511	-0.0479410574	0.0456022184	-0.0174766795	0.0238881577	0.0027682164	0.0476814875	0.0643066896	0.0795535862	0.0521320375	0.0376811913	0.0498044525	0.1083033048	0.0759578466	-0.0294372458	-0.0640532485	0.0547918096	-0.0239588669	0.090792937	0.1380616554	-0.0278587548	-0.0192664772	-0.0458518052	0.0313770814	-0.0120501415	-0.1206624922	-0.0371238781	-0.0960654073	0.0661346176	0.0525461689	-0.1189009144	0.0386627875	-0.0127660439	-0.0016377072	-0.079264103	0.0738710285	-0.0683436905	-0.0301826322	0.0504878377	0.0246382567	0.0372534272	-0.0076239692	-0.0275556663	-0.0518941091	0.073453782	0.0303195936	-0.0027224204	-0.015961409	-0.0488632509	0.0306238957	-0.0115091808	-0.0379572162	-0.013308811	0.0707280773	-0.0420756387	-0.014754373	-0.0864425154	-0.0426993624	0.0012208	-0.0449232116	-0.0546584448	0.0272616793	0.0249444764	0.0891165306	-0.0507979338	-0.0908585029	0.0404943785	-0.0155827253	0.0519444121	-0.0056733891	-0.073970466	0.0145450358	0.0519210142	-0.0932543571	0.0894473172	0.0089093974778649	-0.0003479402028289	1.2106238474468558e-07	7.937736341858544e-05	0.0075580752860702	0.0099552196867307	9.910639901107048e-05	5.712450202990513e-05	0.2111692650106249	0.0305384320542927	0.0009325958323346	0.0445924584851275	-0.0078649387862335	-0.0014017388710454	6.185726211120008e-05	1.964871862599633e-06	-0.0018559272807072	0.0004449058484555	3.4444660712732216e-06	1.9794121398990842e-07	0.0012442228881191	6.66426339451002e-05	4.441240659140621e-09	1.5480905953194349e-06	0.0	0.0	0.0	0.0	0.0	0.0	0.0	0.0	0.0	0.0	0.0	0.0	0.0	0.0	0.0	0.0	0.0	0.0	0.0	0.0	0.0	0.0	0.0	0.0	0.0	0.0	0.0	0.0	0.0	0.0	0.0	0.0	0.0	0.0	0.0	0.0	0.0	0.0	0.0	0.0	0.0	0.0	0.0	0.0	0.0	0.0	0.0	0.0
566.5320882752337	1.0572643516626383	1.117807909296619	320958.6070454972	778.983988811692	0.4939470712439515	0.2439837091904773	606816.0548249744	552.544006942609	0.6935033885711164	0.4809469499596208	305304.879608194	589.6478953273833	557.9883709695266	1.468141	27.634611	0.1809135559407678	0.0867059767885712	-0.0285151894	0.0651867328	-0.0696166026	-0.1062190526	0.0335633896	-0.0687203691	-0.004666682	0.0385164651	-0.0742644582	-0.0708907461	-0.0650704616	-0.053843705	0.0405991676	-0.0258112452	0.0404145622	0.0018249956	0.0191973183	0.1028699128	-0.0826270721	0.0768869963	-0.0016937334	0.0731983562	0.1178306396	0.0587051203	0.010469861	0.0401783467	-0.1158302504	-0.0497971488	0.0632582015	-0.0101362969	0.1726395848	0.0070548409	0.0472118679	-0.0354774362	0.0866895658	0.0058822479	0.1154981421	-0.0097162547	0.0491385713	0.1098480193	-0.0482516353	0.0180381408	-0.0355059311	0.091918383	-0.0577250846	-0.0238932687	-0.0442598393	0.0555696483	-0.0083670019	-0.0551105126	0.0072026295	-0.0411876094	-0.0671979566	-0.0296827302	0.0692895787	-0.0004660854	0.0017091024	0.0950818013	-0.0227903858	0.1298265377	0.0324626557	-0.0532452479	-0.0518427998	0.0173906634	-0.0531886812	-0.0475418937	-0.023197018	0.0097636519	-0.0952563992	-0.0727094819	-0.0266241347	-0.0662700233	0.0637769723	-0.0259644538	-0.0263791592	-0.0156984752	0.0214064491	0.0257603648	0.0497568123	0.0279930024	0.0767636668	-0.0099792804	0.0919019576	-0.0120150085	0.0117198963	0.0493808912	0.026271877	0.0573015414	0.0263996611	-0.0595298991	-0.1151522905	-0.2019387855	0.0877953455	0.0563152293	-0.0543865906	0.1552049159	-0.0013059999	0.0791149814	-0.0005988151	0.0565858398	-0.0694834216	0.0185191588	-0.0370701285	-0.0037499453	0.10164395	0.0407539788	-0.0148677285	0.0010126901	-0.0223173416	-0.063143781	0.0156748848	-0.0572625265	-0.0348381198	0.0488177652	-0.0704430596	-0.0417035146	0.0157679898	-0.0088518703	-0.0068757533	-0.0371405476	0.037184458	0.0558680831	-0.0058770994	0.037148017	-0.1687115305	0.0004673746	-0.0379775296	-0.0902026994	0.0254317966	-0.0546773341	0.0989393287	-0.0749144558	0.0174253687	0.0481614706	-0.0913671679	0.0921135811	0.0236968372594645	0.0147874397815996	0.0002186683752944	0.0005615400961015	-0.0529112658920212	-0.0604693411780914	0.0036565412225124	0.0027996020582961	0.1908096238403231	-0.0203596411703018	0.0004145149885834	0.0364083125500856	-0.006748888912553	0.0011160498736805	4.554750155398081e-05	1.2455673205422608e-06	-0.0015381365733035	0.0003177907074036	2.365864118133833e-06	1.0099093371214405e-07	0.0015163249832504	0.0002721020951312	7.403955017484302e-08	2.299241454829326e-06	0.0	0.0	0.0	0.0	0.0	0.0	0.0	0.0	0.0	0.0	0.0	0.0	0.0	0.0	0.0	0.0	0.0	0.0	0.0	0.0	0.0	0.0	0.0	0.0	0.0	0.0	0.0	0.0	0.0	0.0	0.0	0.0	0.0	0.0	0.0	0.0	0.0	0.0	0.0	0.0	0.0	0.0	0.0	0.0	0.0	0.0	0.0	0.0
566.7760453657426	0.243957090508843	0.0595150620095398	321235.08560043026	782.069027942826	3.0850391311339536	9.51746644062774	611631.9644674368	552.7589386756267	0.2149317330176927	0.0461956498579887	305542.4442858053	590.5146498079853	543.6041275121914	1.438442	27.0756	0.2487856634706126	0.1276964038541792	-0.0097752854	-0.0486671234	0.008675453	0.1098686613	-0.0049300536	0.0209444279	0.0171568571	0.0081729969	-0.0611049132	-0.0104307304	0.0613040396	-0.0056791481	0.0198097791	-0.0155980689	-0.0270218247	-0.0328625626	0.0832992319	-0.0317552354	-0.0084000985	-0.0778946321	-0.0752096043	-0.004747695	-0.0656342213	0.1028403493	0.0275021248	-0.0181140592	0.0284663424	-0.0005495782	-0.1739131057	-0.0308382079	0.1921795715	-0.0009392585	-0.0317578946	0.0018354369	-0.0555810716	0.0021153557	0.066857873	0.0271374495	0.0134555005	-0.0016970495	-0.0328798708	0.1099751748	0.0368908517	0.0235515296	0.0482883549	0.0383273185	-0.002468955	0.053843922	-0.0285639663	-0.0513696059	-0.0370265021	0.1229623547	-0.058594566	0.0243375705	-0.0263833564	0.0239627241	-0.1000079918	-0.0828658239	-0.081079016	-0.0361946548	-0.058108891	0.0065218766	0.086731277	-0.0193214386	-0.0027518673	-0.1046877222	-0.0359048333	-0.0393631034	0.0686255067	0.0001680856	0.054288338	0.0369204417	-0.1142344697	0.0172488403	0.0181938585	-0.0017749177	-0.1593874564	-0.0237526518	0.0739137618	-0.0441580749	-0.0046956961	0.0145821168	0.0621687505	-0.0138492987	-0.0375400382	0.0863275259	0.0561100259	0.016355522	0.103172219	0.0493806192	-0.0105170637	-0.0668034122	0.0003486465	-0.0074523926	-0.0163669518	-0.0236303935	0.0413911875	0.0510936557	-0.0282826367	-0.0195459718	-0.0672620387	0.1169135688	0.0203346288	0.042336023	0.060584648	0.0789907444	0.0041424187	-0.0165038813	-0.0019018895	-0.0248326727	-0.0046151486	-0.0086227746	0.0342159166	0.0091075964	-0.0032668579	-0.0219662976	-0.0040012038	-0.0145848972	-0.0578257265	0.0693700268	0.0461214057	-0.064841896	0.0006745353	-0.0364511255	-0.0061204136	-0.0307823486	0.0270629006	0.0740153242	-0.0383353679	0.0432468442	0.0203834238	-0.07584168	0.0202901034	0.0443049362	-0.0891529079	0.0942647084	0.0150731127678227	-0.0086237244916418	7.436862410774265e-05	0.0002271987285114	-0.0122891741617507	0.0406220917302704	0.0016501543365425	0.0001510238015778	0.2516701918839885	0.0608605680436653	0.0037040087425976	0.0633378854829235	-0.0085408111184352	-0.0017919222058821	7.294545456078632e-05	3.210985191933729e-06	-0.0021941282623696	-0.0006559916890661	4.8141988317290405e-06	4.303250961237949e-07	0.001190653294098	-0.0003256716891524	1.0606204911537753e-07	1.4176552667464185e-06	0.0	0.0	0.0	0.0	0.0	0.0	0.0	0.0	0.0	0.0	0.0	0.0	0.0	0.0	0.0	0.0	0.0	0.0	0.0	0.0	0.0	0.0	0.0	0.0	0.0	0.0	0.0	0.0	0.0	0.0	0.0	0.0	0.0	0.0	0.0	0.0	0.0	0.0	0.0	0.0	0.0	0.0	0.0	0.0	0.0	0.0	0.0	0.0
566.704274316724	-0.0717710490185936	0.0051510834772293	321153.7345288447	781.1327231533556	-0.9363047894703412	0.8766666587851002	610168.3311809769	551.9084713437142	-0.8504673319125686	0.7232946826504831	304602.9607409554	588.1886414955495	545.0266942195872	1.111059	20.913305	0.1459689007871577	0.0920181694277055	-0.0411082801	-0.0095398139	0.0743821711	-0.0340739653	-0.0425160667	0.0179812141	0.0215467145	0.0513547486	0.0694781074	0.0261569952	0.0631343332	-0.0126912881	0.0124915761	0.0449198292	-0.0121636063	-0.0251540985	-0.0291060788	0.0410821351	0.0216829551	0.021465178	0.0517137421	0.03304968	-0.0110197442	-0.1719968211	0.064033126	0.0981028287	0.1432084708	-0.0014532316	-0.0206576816	0.0898784198	-0.071310008	0.0647138959	0.0076271722	-0.0759182866	0.0346945638	0.0550957021	-0.0092343924	0.0075298877	0.0635779399	0.0520392075	-0.0408510286	0.0346292899	0.0487063374	-0.0521001999	0.0090660373	0.0440320308	-0.0703314852	-0.1008158466	-0.008894066	0.0226536101	-0.037999096	-0.0601700244	-0.0737132649	0.0273950424	0.0527616834	-0.0660712933	-0.0736433577	0.1078794809	0.0347400748	0.0541844337	-0.0501075866	-0.0488028093	0.06472356	0.1171152582	-0.0090935192	0.0827425016	0.0300696939	0.0627089693	0.0164980676	0.046116484	0.043735521	-0.0182497504	0.0545726177	0.0620982714	0.066470433	-0.0291924669	0.0073454265	0.0248077905	-0.0294285809	-0.0320271472	-0.0914375875	0.0144219101	0.0814413701	0.1600635727	-0.0652348778	-0.0500422188	-0.0522731754	-0.1193405866	0.0494521743	-0.0104806425	-0.0394973598	0.0280884815	-0.0460490761	-0.0217756918	-0.0365934986	-0.0757960994	0.0841293393	0.0193046145	-0.062773316	-0.0030309733	-0.031938542	0.0028278784	0.0035677527	-0.0073332236	0.0177838058	-0.0062508763	-0.0032544705	-0.0216079015	-3.54955e-05	-0.0107257057	0.0323985664	0.0436866537	0.0192158451	-0.0451994444	0.0906241019	0.0091455687	-0.0371798463	-0.0156807829	-0.0679507232	-0.0007928103	-0.0162935458	-0.0065460542	0.0147668145	0.0513470917	0.0445831113	-0.0375140368	-0.0972053212	-0.010085917	-0.0413172927	-0.0532048464	-0.0196023365	-0.0767519312	0.0231366758	0.0403591775	-0.0866195036	0.0958886693	0.008512872278672	-0.0065602404891506	4.3036755275492206e-05	7.24689944329822e-05	-0.0576675040285152	-0.0453783298667645	0.0020591928214968	0.0033255410208788	0.277384544172861	0.0257143522888725	0.0006612279136362	0.0769421853459858	-0.0098343783626987	-0.0012935672442635	9.671499778071638e-05	1.6733162154314671e-06	-0.0022362594815621	-4.213121919250003e-05	5.000856468876393e-06	1.7750396306464827e-09	0.0011600321947066	-3.062109939139983e-05	9.37651727937987e-10	1.3456746927558113e-06	0.0	0.0	0.0	0.0	0.0	0.0	0.0	0.0	0.0	0.0	0.0	0.0	0.0	0.0	0.0	0.0	0.0	0.0	0.0	0.0	0.0	0.0	0.0	0.0	0.0	0.0	0.0	0.0	0.0	0.0	0.0	0.0	0.0	0.0	0.0	0.0	0.0	0.0	0.0	0.0	0.0	0.0	0.0	0.0	0.0	0.0	0.0	0.0
566.5407637978141	-0.1635105189099022	0.0267356897941854	320968.43704461056	778.608802979251	-2.52392017410466	6.370173045252497	606231.668076782	552.676146760993	0.7676754172788378	0.5893255462942377	305450.92319857865	590.0222739795647	554.0239535546024	1.272996	23.961418	0.1716939623022114	0.096462600924354	-0.0005734113	0.0145018158	-0.0625648626	-0.0355673543	0.0190323461	-0.0248953614	-0.0201140069	0.0237124453	-0.0873857567	-0.0483142935	-0.0305126203	-0.0460601	0.0305411229	-0.0222411539	0.0380929329	0.010095585	-0.0484059601	0.0805209944	0.0365291436	0.1036451796	-0.0861676529	-0.0707211083	0.0565832905	0.0434700115	-0.0200881577	0.1035855002	-0.0984526581	-0.0768315678	0.0380500366	0.0325207484	-0.0051956627	-0.1105930255	-0.0030704919	-0.0271636833	-0.0223013324	-0.0414346999	0.0566329312	-0.0556392672	0.0675106643	0.0478529006	-0.0148869807	-0.0004940729	0.0926665827	0.0476643345	-0.0829626707	0.0697940297	-8.31505e-05	0.0451532834	-0.0446463165	0.010346025	0.0166000367	-0.0319639366	-0.0046699947	-0.139008648	-0.081853938	0.1100736743	0.0423644357	-0.1415772763	-0.0305266509	-0.0739157146	0.0324022448	0.0800633192	-0.0444716982	0.000868977	-0.0496770935	-0.0509475374	-0.0448398477	-0.019495933	-0.086989254	-0.044106696	-0.0602087514	-0.0094431481	0.112253993	-0.0268090632	-0.0761751545	-0.0335423808	-0.0129750995	-0.0034313141	0.0334423598	0.1007159672	0.0722924992	-0.0455370548	0.0303756088	0.1026930993	0.003873573	0.0327201136	0.0348931387	0.0253357092	0.0496330671	0.0787572302	-0.0246621934	0.0289596568	0.1414469003	-0.0263101209	-0.1026703542	-0.0640937046	-0.0436508349	-0.0053744309	-0.0413348295	-0.0042584637	-0.0267180975	-0.0199796374	-0.0961330194	0.0821219233	0.0307787215	0.0541113801	0.0185347207	-0.0039280349	0.0014724895	-0.0348181281	0.0005798389	-0.022537884	-0.0186145193	-0.0063841547	-0.0697789347	-0.027657934	-0.0072239748	-0.005195634	-0.0541696058	0.000238052	-0.0262436394	0.0281501556	-0.0275910939	-0.0071415224	-0.1269997487	-0.0060816469	-0.0372740956	0.0168840524	0.0185570933	-0.0150819437	0.0449828543	-0.0776450055	0.0259625377	0.0363321408	-0.083776024	0.0969763818	0.0087802497967857	0.0002673775181137	7.149073719264221e-08	7.709278649395533e-05	-0.0086805173713315	0.0489869866571837	0.002399724861751	7.535138183398795e-05	0.233040052312532	-0.044344491860329	0.0019664339583507	0.0543076659818276	-0.0087710964934333	0.0010632818692654	7.693213369711794e-05	1.1305683335085237e-06	-0.0020675751318539	0.0001686843497082	4.274866925860672e-06	2.845440983647832e-08	0.0014899681010647	0.000329935906358	1.0885770230434086e-07	2.220004942190348e-06	0.0	0.0	0.0	0.0	0.0	0.0	0.0	0.0	0.0	0.0	0.0	0.0	0.0	0.0	0.0	0.0	0.0	0.0	0.0	0.0	0.0	0.0	0.0	0.0	0.0	0.0	0.0	0.0	0.0	0.0	0.0	0.0	0.0	0.0	0.0	0.0	0.0	0.0	0.0	0.0	0.0	0.0	0.0	0.0	0.0	0.0	0.0	0.0
567.7513075362398	1.210543738425713	1.465416142641701	322341.54720910994	784.0539788855127	5.445175906261738	29.649940650133345	614740.641806204	552.264194733506	-0.4119520274870183	0.1697044729506651	304995.7407846478	589.68489480457	552.5122551014122	1.131052	21.289631	0.1252199476787941	0.0634284516628472	0.0036562299	0.0042817362	-0.0235389758	0.1097427632	0.0080401937	0.0050097096	0.0328210309	-0.0235878421	-0.0778598998	0.0399029344	0.1020755961	0.0073976756	-0.0075543343	0.0189539207	-0.0018074644	-0.0152631123	-0.0217307165	-0.0445114939	0.0526161407	-0.0732439812	0.0275884144	-0.0480936036	0.0270876395	0.0427125422	0.0175301862	-0.1194474986	0.0412998304	0.0298862567	0.0844909911	-0.1282732486	-0.0851435711	0.0964629698	-0.0127233458	-0.1125678503	0.0141039398	-0.1968443745	0.0387372506	0.0239575162	0.1611036908	-0.0121603883	0.0410839306	0.0159130979	-0.0946397519	0.0387213868	0.0423505115	0.0752972363	-0.0156808819	-0.0376707519	-0.0047783169	0.0675776682	0.0804951582	0.0466241665	0.03673241	0.0050133946	0.0094696336	0.0620933933	-0.1097393293	0.0479011603	0.0951025239	-0.0733506099	-0.0887679289	0.0623803343	0.0172451144	-0.0144904418	-0.0401234654	-0.0622131443	-0.0499473969	-0.0096436618	0.036817865	0.0489180444	0.0397765556	0.1027288024	-0.0917109363	0.0004162927	0.0671876941	0.0191148647	-0.0523532536	-0.0608900919	0.0312610261	-0.0209453962	0.0106049718	-0.0461026558	0.0064314564	-0.0024782476	-0.062388103	-0.0667826017	0.0151186202	0.006386797	-0.1153846753	-0.0438334287	-0.2111289256	0.0194688903	0.0014903495	-0.0746346121	-0.0649954638	-0.004025507	-0.0131377523	-0.183638062	-0.1106934194	0.1644361361	0.1110980237	0.0491472529	-0.0782917212	-0.0832599374	-0.065187485	0.0067554653	0.0658839826	0.0043342593	0.0042996927	-0.0213828402	0.0125765882	-0.0561728826	-0.0058953234	0.0400302711	0.011905301	-0.0116842648	-0.0299526242	-0.0010765548	-0.0534873911	0.0833736603	0.0877364839	-0.0376453694	-0.0059720481	-0.0016436421	-0.0272034233	-0.0030575558	0.0646817788	0.0492196322	-0.0256580778	0.0705262129	0.061114576	-0.0785207032	0.0287651596	0.0322319361	-0.080632648	0.0975217631	0.0091785333250697	0.0003982835282839	1.5862976890235118e-07	8.424547399941504e-05	-0.040553050536559	-0.0318725331652275	0.0010158583703685	0.0016445499078207	0.2006634943116694	-0.0323765580008625	0.0010482415079832	0.0402658379493693	-0.0079396929597745	0.0008314035336588	6.303872429549275e-05	6.912318357803408e-07	-0.002217364931593	-0.0001497897997391	4.91670723985843e-06	2.2436984105879693e-08	0.0017202262273552	0.0002302581262905	5.3018804722811896e-08	2.9591782732807044e-06	0.0	0.0	0.0	0.0	0.0	0.0	0.0	0.0	0.0	0.0	0.0	0.0	0.0	0.0	0.0	0.0	0.0	0.0	0.0	0.0	0.0	0.0	0.0	0.0	0.0	0.0	0.0	0.0	0.0	0.0	0.0	0.0	0.0	0.0	0.0	0.0	0.0	0.0	0.0	0.0	0.0	0.0	0.0	0.0	0.0	0.0	0.0	0.0
567.9802941249962	0.2289865887564701	0.0524348578303247	322601.61451431725	784.2930954163334	0.2391165308206382	0.0571767153116972	615115.6595177337	552.5671674745893	0.3029727410832947	0.0917924818395251	305330.4745708908	589.0568505358663	547.1962821156072	1.216194	22.892252	0.2209487411653833	0.1251171514445906	-0.0438953984	0.0283411717	0.1285031399	-0.0129232758	-0.0580979416	0.0044840895	0.0372214584	0.0176604563	0.0113578706	0.0834153046	0.0021585912	0.0043205605	0.0316738285	-0.0220723189	-0.0294630959	0.0194550457	-0.0179620228	0.0568253103	-0.0013355539	0.0644505936	-0.0223056257	-0.0329517791	-0.1030439685	-0.0560620379	-0.0178879742	0.0277250211	-0.0637741326	-0.1017739525	-0.0288306596	0.0733416009	-0.0919733443	0.1400503282	-0.0831911395	0.0610398295	-0.0028146422	-0.0939152254	-0.0166614508	0.1124067758	-0.0050981994	0.05699948	0.0256516123	0.0429848634	0.0747612015	-0.1283925768	-0.0016348186	-0.0426169686	0.0465147108	-0.1107758602	-0.0470610997	0.0628256452	0.0809823578	-0.0829645751	0.0220360831	0.1036310344	0.0376426218	-0.0307424449	0.0958322708	-0.0317137129	-0.1528894749	0.0573391942	-0.0133060631	0.0460079051	-0.0135210018	0.0959660891	-0.0151382372	0.0654113808	0.0537564744	0.0282881029	-0.0389421753	0.0325160959	0.0089926398	0.0404983103	-0.0006983418	0.0881903721	-0.0078904	-0.0830876912	-0.0904514646	0.0291931311	-0.0966286236	0.0031105882	0.0307265384	-0.0455261891	0.0493849622	0.0841385121	0.1195135499	0.0566512372	-0.0008456144	-0.0619580529	-0.0458176708	0.0694457079	-0.0501320906	0.0865553067	0.0021445301	0.0139585153	-0.0836187342	0.0102276361	0.0120090393	-0.1362580628	0.1040536206	-0.0304103296	0.0021016398	-0.0442304573	0.1748381777	0.0880463925	-0.0189358621	-0.0491527773	0.0030202129	-0.0102534927	0.0150001479	0.0006075186	0.0198875152	0.004184395	0.002754858	-0.0128023689	0.0755345402	0.0120149258	-0.0510558641	0.0061922392	-0.0624358923	0.0525097801	0.086001683	0.0049089641	0.0326929541	0.1058120385	0.0771367262	0.0179780626	-0.0429200571	0.0094330049	-0.0357514181	-0.0964393406	0.0491281683	-0.0793788282	0.0315420328	0.0280668205	-0.077200628	0.0975217631	0.0058891474197082	-0.0032893859053615	1.0820059634390894e-05	3.4682057331055746e-05	-0.0671029339256392	-0.0265498833890801	0.0007048963079737	0.0045028037414286	0.247945614895201	0.0472821205835315	0.0022355989268756	0.0614770279457593	-0.0097876407484626	-0.0018479477886881	9.579791142096552e-05	3.414911029717239e-06	-0.0026736860452412	-0.0004563211136481	7.148597068517527e-06	2.082289587611333e-07	0.0011479481039433	-0.0005722781234119	3.27502250535846e-07	1.3177848493470172e-06	0.0	0.0	0.0	0.0	0.0	0.0	0.0	0.0	0.0	0.0	0.0	0.0	0.0	0.0	0.0	0.0	0.0	0.0	0.0	0.0	0.0	0.0	0.0	0.0	0.0	0.0	0.0	0.0	0.0	0.0	0.0	0.0	0.0	0.0	0.0	0.0	0.0	0.0	0.0	0.0	0.0	0.0	0.0	0.0	0.0	0.0	0.0	0.0
567.3104758176585	-0.6698183073377777	0.4486565648448456	321841.17597245803	781.9007670391037	-2.39232837722966	5.723235064498298	611368.8094963387	552.8702903537576	0.3031228791683134	0.0918834798752879	305665.5579558482	589.5206293864162	565.2066942200747	1.549916	29.173857	0.1929394464485296	0.1018921603413173	0.0062397731	0.0808082423	-0.0884089513	-0.0514086004	0.0127136248	-0.0232961164	0.0102865022	0.0224964562	-0.0827783982	0.0231336539	-0.0963912513	-0.0144049575	0.0535028749	-0.0830525986	0.0558188243	0.0322665144	-0.0439321259	0.1390459571	-0.0386780419	0.0660441291	-0.040743474	0.0168199041	0.1138769208	0.0007225153	0.0092506956	0.0489093117	-0.0588589402	0.0228034094	0.0361603753	0.0243884303	0.0575669745	0.0281388657	0.0333348278	-0.0294460232	-0.1297705733	-0.0414233022	-0.0869289387	-0.0399516036	0.0345877404	0.0520564785	-0.0072811559	0.0352059579	-0.0653459151	-0.0279706797	-0.081802144	0.0171196476	-0.0409866624	-0.0842976081	0.0956718391	-0.0501673936	0.0163397427	0.0285374222	0.0501349431	0.032063485	0.0006589047	0.1070748391	0.1106060018	0.0697306452	-0.066290961	0.0302067348	-0.0854626373	-0.0784266011	-0.0299082018	0.0491497319	-0.0543327511	-0.0106231454	0.0089859873	-0.0393232005	-0.1373306651	-0.0276737527	0.0025980457	-0.0159532546	0.0556472471	-0.0133434706	-0.0532019209	-0.0319764076	0.0593291102	0.0476689736	0.0297647866	0.1013261112	-0.044130335	-0.0305541175	0.0132224561	0.0312304236	0.0081431417	-0.04945807	0.0619888914	0.0507911873	0.0613930288	-0.0523754177	-0.1053167838	-0.0184368528	0.0269422968	0.0168599817	-0.0135673693	0.0138119982	-0.0660717607	-0.0103884796	0.000408229	0.0038664635	0.0468070218	0.0015542735	0.070657399	-0.0245618955	0.0863987282	-0.0854266036	-0.0461970031	0.003825503	0.0103420798	-0.0278937214	0.0061777846	-0.0456876572	-0.0554847853	-0.0057896542	-0.066498933	-0.0362935073	-0.0500921066	0.001705032	-0.0415319996	-0.0550320511	0.0074671863	0.0978959782	-0.0461343148	0.0571056917	-0.1191041769	0.0453022167	0.0155381555	-0.0496569608	0.0030723037	-0.0100552712	0.0832922651	-0.0802191885	0.0342906716	0.023845182	-0.0734922499	0.0969763818	0.0090249177768271	0.0031357703571189	9.833055732585594e-06	8.14491408784898e-05	-0.0308279059021145	0.0362750280235247	0.0013158776581075	0.0009503597823096	0.2029741232153199	-0.0449714916798811	0.0020224350639136	0.0411984946950278	-0.0085360958735126	0.0012515448749499	7.286493276179883e-05	1.5663645740136107e-06	-0.0020753117970253	0.0005983742482158	4.3069190548723805e-06	3.580517409279432e-07	0.0014691721085375	0.0003212240045942	1.0318486112753475e-07	2.158466684504524e-06	0.0	0.0	0.0	0.0	0.0	0.0	0.0	0.0	0.0	0.0	0.0	0.0	0.0	0.0	0.0	0.0	0.0	0.0	0.0	0.0	0.0	0.0	0.0	0.0	0.0	0.0	0.0	0.0	0.0	0.0	0.0	0.0	0.0	0.0	0.0	0.0	0.0	1.0	0.0	0.0	0.0	0.0	0.0	0.0	0.0	0.0	0.0	0.0
567.6566443839486	0.3461685662900891	0.1198326762873358	322234.0659132446	783.8664259699932	1.965658930889504	3.8638150325856655	614446.5737629709	552.7567469745601	-0.1135433791974946	0.012892098959586	305540.02132589783	590.4073541579186	554.598592795757	1.355913	25.522154	0.1468116906622112	0.1023965990945862	0.0138259878	-0.0135259317	-0.0151581323	0.0941327286	-0.0226934881	0.0297721761	0.0326512375	-0.0170630454	-0.0400301047	0.0449091324	0.0123300959	0.0121440058	0.0273709857	-0.0129251626	0.061133113	0.0359719561	-0.0239437799	-0.0540333353	0.0254340288	0.0012935184	0.0524820615	0.0578281633	-0.0259663858	0.0342114807	0.0378500255	-0.0723919125	0.0639339948	-0.110724218	-0.0548995664	-0.080286991	-0.0307126713	0.004033202	-0.0222817801	0.0764320648	-0.0405813335	-0.0663178803	0.1335821615	0.1666120142	0.0546599502	-0.0706935292	-0.0010903734	-0.0468989849	-0.0555419894	0.0830122336	0.0789566127	-0.0919086337	0.0700785711	0.0459498123	-0.0081564678	-0.0649680766	0.0313849317	-0.0058408266	0.0810002772	0.0372227484	0.1071037684	-0.0442032199	0.0201522499	-0.06202588	0.0735628391	0.0715584369	-0.0447688864	0.0293465423	-0.0240455217	0.0027023709	0.0028384474	-0.0455000054	-0.0253008134	-0.046693747	0.0527203038	0.0172962439	0.0322994036	0.034225805	-0.1007540122	-0.0444324323	-0.0517972436	0.0353519924	-0.0194225381	-0.0168894928	-0.1088734953	-0.098263336	-0.0517082742	-0.0303204617	-0.0044843448	-0.1157233247	0.0387628644	-0.0090627675	0.0415644863	-0.0277885614	-0.0869190575	0.0768885445	-0.0719748363	0.0012313069	0.0577986397	0.0975564793	0.1255705013	0.056843353	0.0183295479	-0.0833746606	-0.0124683044	0.0922676874	-0.0685105528	-0.0323859861	-0.061291546	-0.0013461928	-0.0979526724	-0.0299045444	-0.0027932393	-0.0109585892	0.0224222999	0.0142132788	-0.003515507	0.007878079	0.059669048	-0.0028639729	0.0173128823	0.0028645573	-0.0030862648	0.022846444	-0.0821079826	0.0452637107	0.0391216729	-0.0705851205	-0.0155020409	-0.0470473808	-0.0147445117	-0.0410644586	0.0012452267	0.107164374	-0.0493926295	0.07153566	-0.0322850045	-0.0810415961	0.0370086157	0.0195755225	-0.0695207885	0.0958886693	0.0087426615385339	-0.0002822562382931	7.966858405542728e-08	7.643413077735995e-05	-0.0378417435562852	-0.0070138376541707	4.9193918639062777e-05	0.0014319975553796	0.2707898673335123	0.0678157441181923	0.0045989751503041	0.0733271522505011	-0.0098442428708754	-0.0013081469973627	9.690911770078112e-05	1.7112485667093084e-06	-0.0019587359841108	0.0001165758129145	3.836646655450504e-06	1.3589920156676577e-08	0.0014598978657837	-9.274242753800004e-06	8.601157865641189e-11	2.1313017785198022e-06	0.0	0.0	0.0	0.0	0.0	0.0	0.0	0.0	0.0	0.0	0.0	0.0	0.0	0.0	0.0	0.0	0.0	0.0	0.0	0.0	0.0	0.0	0.0	0.0	0.0	0.0	0.0	0.0	0.0	0.0	0.0	0.0	0.0	0.0	0.0	0.0	0.0	0.0	0.0	0.0	0.0	0.0	0.0	0.0	0.0	0.0	0.0	0.0
567.1376955534248	-0.5189488305237546	0.2693078887019726	321645.1657176492	781.3062888149277	-2.5601371550654903	6.554302252746822	610439.5169417552	552.4929405352391	-0.2638064393210015	0.0695938374272252	305248.4493412752	588.7175854328161	549.6733956199865	1.071465	20.168032	0.1078629439040004	0.0498304378742225	0.0021516732	-0.0177234153	0.0693722082	0.0366913918	-0.0281570967	0.0222467842	0.0150434715	0.0084172986	0.0230002977	0.0584847602	0.0377239985	0.0222164196	0.0175078595	-0.0030867926	0.0563462637	0.0490140588	-0.0672152015	0.0285612354	-0.1214854492	-0.0629859965	-0.0461494091	-0.0353284823	-0.0619838823	-0.1052426447	-0.0036245968	0.0201403064	-0.1338227717	0.047441198	0.0691661041	0.0883369356	0.1280318126	0.1764060828	0.0238761609	-0.0024869681	0.0178194677	-0.004506257	-0.023324265	0.0700197756	-0.0233481803	-0.1040256744	0.1411702713	-0.002697343	-0.0421193498	0.0344687215	-0.023911058	0.0201234508	0.0084003472	0.099113626	-0.0315447184	0.0021136588	0.0067895214	-0.0575962677	-0.0088605736	0.1009557201	0.0113660619	0.0186490465	0.0320547857	0.0445398445	-0.0616095119	0.0437137161	0.0488105702	0.0101615353	-0.0261842378	0.0920079605	-0.0284080072	0.0887720716	0.0303884141	0.0245509623	0.0320629382	0.0633062668	0.0582106698	0.039098035	-0.0487053993	0.0682373213	-0.0281678321	-0.0471646555	0.0119873706	0.0663468721	0.005361727	0.1143694714	0.0650982732	0.0405635767	-0.0953572621	-0.0413208018	0.0496276095	0.045176563	-0.0827190286	0.0582304396	0.0575289632	0.0313803744	-0.079219611	-0.0712835522	-0.012830581	0.0423819793	0.0669321531	0.1657956619	-0.0176543741	-0.0396771855	0.0461415033	0.0510467599	0.1487449274	0.0435956566	-0.0025302025	0.0266376877	-0.0403254171	-0.016383509	-0.0868184393	0.0028374128	0.0116169017	-0.0198239928	0.0291353667	-0.019821469	-0.057915248	-0.0271656074	0.0610667303	-0.014432735	-0.1216473154	-0.0301442655	-0.0393572334	0.0608295099	0.0789612361	0.0576028978	-0.0163957505	0.097616511	0.0847034619	0.0462963403	-0.0003519702	0.0355506957	-0.0275608972	-0.019445635	0.0803310658	-0.0818458668	0.039693432	0.0152664406	-0.0653004608	0.0942647084	0.0085132233154752	-0.0002294382230587	5.264189820033386e-08	7.247497121915056e-05	-0.0626707075981443	-0.0248289640418591	0.0006164774553919	0.0039276175908521	0.2418485409407296	-0.0289413263927826	0.0008376003733735	0.0584907167551597	-0.0093602360210196	0.0004840068498557	8.761401836919284e-05	2.3426263070733394e-07	-0.00231628290528	-0.0003575469211692	5.3651664972923575e-06	1.2783980083757426e-07	0.0012241873318827	-0.000235710533901	5.555945579189453e-08	1.4986346235420838e-06	0.0	0.0	0.0	0.0	0.0	0.0	0.0	0.0	0.0	0.0	0.0	0.0	0.0	0.0	0.0	0.0	0.0	0.0	0.0	0.0	0.0	0.0	0.0	0.0	0.0	0.0	0.0	0.0	0.0	0.0	0.0	0.0	0.0	0.0	0.0	0.0	0.0	0.0	0.0	0.0	0.0	0.0	0.0	0.0	0.0	0.0	0.0	0.0
568.2753047270163	1.1376091735914995	1.294154631839535	322936.8219625832	779.7985911848076	-1.5076976301201055	2.2731521438697837	608085.8428138107	551.9734051555669	-0.5195353796722202	0.269917010731158	304674.63999903155	589.1467173575006	558.2026520019141	1.20863	22.749882	0.1642586882876832	0.097409896900111	-0.0222109665	0.0929840387	0.032351669	-0.0691224511	-0.005808487	-0.052643984	0.0028193529	0.0023639349	-0.0536432163	-0.0052672681	-0.1005388966	-0.0599999385	-0.0277179343	0.0037629625	-0.0066919595	-0.009699893	0.0103941997	-0.0446615199	-0.0620480726	0.0160094029	0.0043452308	-0.0080711215	0.0697830066	0.0503135538	0.0434523334	0.0677625856	-0.0694744083	-0.0592354246	-0.0265929856	-0.0831686258	-0.0418920622	0.0539121003	0.0665229957	0.0046346465	0.1278890604	-0.1678246733	-0.0096838594	0.0364655431	-0.0137789782	-0.0411441377	-0.0572389949	-0.0018620237	-0.000758632	0.0376112291	0.0175451986	-0.1075212878	-0.1343102063	-0.1851786129	-0.0495156317	-0.0130152935	0.021601002	0.0326229888	-0.033278718	-0.0191711884	0.0381105204	0.0611987827	-0.0034204987	-0.0338578393	-0.078590853	0.0458070269	-0.0547009359	-0.0172486308	-0.15901191	-0.0048433543	-0.0518384973	0.028353708	-0.0235602775	0.0283011972	-0.1152473033	-0.0798754735	-0.0360267696	0.0440653506	-0.0342273452	-0.0964458643	0.0313997019	-0.0690480721	-0.0020813474	-0.0415511557	0.0782794502	0.0206951804	0.0154471501	-0.1354061379	0.0030751219	0.031900309	-0.0334276887	0.068660494	-0.0977880254	0.027011263	-0.0360924626	-0.0083751437	-0.0626491016	-0.0170391226	-0.0128985255	0.0444710938	0.0175266344	0.0040871454	-0.0648194527	-0.0162593208	-0.0112036692	-0.0391989717	0.0333280171	-0.0568884556	0.0563493282	-0.1424638467	0.0233311272	-0.0648371027	0.0920068671	0.0155140594	0.0147678798	-0.0079810023	-0.00401683	-0.0608915926	-0.0215841316	0.0481823565	-0.0649332044	-0.0015642313	0.0090026069	0.0608834254	-0.0464549883	-0.0145131939	0.0278811419	0.0384950135	0.062442231	0.0522118182	-0.05209683	0.0085744247	-0.083100276	0.0007698033	-0.0523137146	-0.0224878652	0.003518994	-0.0826318208	0.0423427173	0.010926614	-0.0608463743	0.0921135811	0.008690719367749	0.0001774960522737	3.1504848572783215e-08	7.552860312896756e-05	-0.0759686102988297	-0.0132979027006853	0.0001768342162368	0.0057712297507354	0.1576322724362455	-0.0842162685044841	0.0070923798808193	0.0248479333134147	-0.0087081293682693	0.0006521066527502	7.583151709451429e-05	4.252430865611997e-07	-0.0027858019553566	-0.0004695190500765	7.760692534468655e-06	2.2044813838483265e-07	0.0014339020496606	0.0002097147177779	4.3980262852664246e-08	2.0560750880208696e-06	0.0	0.0	0.0	0.0	0.0	0.0	0.0	0.0	0.0	0.0	0.0	0.0	0.0	0.0	0.0	0.0	0.0	0.0	0.0	0.0	0.0	0.0	0.0	0.0	0.0	0.0	0.0	0.0	0.0	0.0	0.0	0.0	0.0	0.0	0.0	0.0	0.0	0.0	0.0	0.0	0.0	0.0	0.0	0.0	0.0	0.0	0.0	0.0
568.3966986367255	0.1213939097092406	0.0147364813144952	323074.8070211286	782.4445452709275	2.6459540861199	7.001073025854597	612219.4664242285	552.902826046725	0.929420891158088	0.8638231929210947	305701.535050455	589.8280986586251	565.4102045573112	1.402898	26.406561	0.2918945708833435	0.1739616844086532	0.0089637606	0.0499859376	-0.0974033528	0.0146706433	-0.0374350462	0.0094964093	0.0201986124	0.0241238728	-0.0149224229	0.0169026329	-0.0295501983	0.0099553202	0.0244321951	-0.026239836	0.0553412759	0.0142947514	0.0096778527	0.0458310331	-0.0849582282	-0.0050470477	-0.0579115905	-0.1041246115	-0.0044533711	-0.0378345733	0.1055120553	-0.0370664918	-0.0303962148	-0.0219074007	0.079714816	-0.0349413052	-0.0187206723	0.0320965437	-0.0647267602	-0.0010406165	0.1613160158	0.0535280146	0.0813152237	0.0173686083	-0.1786257337	0.0024338771	-0.05758089	-0.0430068747	-0.0370079782	-0.0296321083	0.0457800415	-0.0453084201	0.0365896012	0.0518798943	-0.0192735278	-0.0200337089	0.0553209584	-0.0059397441	0.0249656388	0.0626729811	0.0622179133	-0.0088016643	-0.0329317737	-0.0610283701	0.0251459346	-0.1001264388	-0.0671324494	-0.0799647385	0.0384582675	0.0353942838	-0.0126365504	0.01142718	-0.01280256	-0.0323600112	0.0095201353	-0.0239622299	-0.045740966	0.0098619063	-0.1229109265	0.0358062909	-0.1169989467	-0.0489223047	-0.0089721615	-0.0176344382	-0.0832024642	0.007841056	0.0564537003	-0.0208644492	-0.0846987169	0.0092973893	-0.0436860808	-0.0260791638	0.0373001075	-0.0301171713	-0.0113333197	-0.0531856074	-0.0019451918	-0.0151755872	-0.0730897073	0.0919842601	-0.0694063825	0.1305226639	0.0400400788	0.0552160801	0.057201152	0.024790798	-0.0298448871	-0.0220936413	0.0255912931	-0.0118964545	-0.0489233362	0.0367322381	-0.0178295685	-0.0086526362	0.022113852	0.0208644492	0.0146358632	0.009323565	0.0650915377	0.0082625241	0.0687736738	0.0330617983	-0.0132606821	0.0665927629	-0.0516925306	0.059134129	0.0645998985	0.0014118913	-0.0818165001	0.0164751176	-0.0727707628	0.0118782962	0.0520039932	0.0265599261	0.0741873091	0.0102312025	-0.0822382599	-0.083399282	0.0449541001	0.0065647827	-0.0561744736	0.0894473172	0.0039221742717927	-0.0047685450959562	2.273902233216887e-05	1.5383451018312597e-05	-0.0633639831853827	0.012604627113447	0.000158876624669	0.0040149943651174	0.2857749976926058	0.1281427252563602	0.016420558036127	0.0816673493062088	-0.0105964954587314	-0.001888366090462	0.0001122857160069	3.5659264916071105e-06	-0.0019764351949485	0.000809366760408	3.906296079831115e-06	6.550745528535027e-07	0.0012040614321792	-0.0002298406174814	5.282670944423126e-08	1.4497639324614262e-06	0.0	0.0	0.0	0.0	0.0	0.0	0.0	0.0	0.0	0.0	0.0	0.0	0.0	0.0	0.0	0.0	0.0	0.0	0.0	0.0	0.0	0.0	0.0	0.0	0.0	0.0	0.0	0.0	0.0	0.0	0.0	0.0	0.0	0.0	0.0	0.0	0.0	0.0	0.0	0.0	0.0	0.0	0.0	0.0	0.0	0.0	0.0	0.0
566.1056972506766	-2.291001386048947	5.248687350878197	320475.6604596747	779.0128998047855	-3.4316454661419584	11.776190605292658	606861.0980622609	551.3823530214643	-1.520473025260685	2.31183822054538	304022.49922348664	588.3074914913366	555.071391915107	1.469858	27.666937	0.3794176828110739	0.2456245158755702	0.0356893817	-0.003110878	-0.0007593371	0.0735966946	-0.0143268872	-0.059305535	-0.018020372	-0.0382311285	0.0567891986	0.0318249957	0.013454128	0.0125299351	-0.0677360853	0.1192684736	-0.0175188166	-0.0765730948	-0.0483454896	0.0135224382	-0.0751877766	-0.1178449376	0.0928072305	-0.129876769	0.1007300134	-0.0871072544	-0.0713187078	-0.0776583858	-0.0448521664	0.0417565879	-0.0213785131	-0.0159803416	0.0761946094	-0.0286609128	0.0122543024	-0.0744968563	-0.0295349299	0.0752304669	-0.0084622854	0.0388829147	0.0314369786	-0.0073358352	-0.0203732874	-0.0884535607	0.0143196414	-0.0952105667	0.0356824679	0.034447887	-0.033782863	-0.0656071532	0.0591919211	-0.0366655564	0.0935391563	-0.0899739976	0.0501984175	-0.0085250611	0.0390089625	-0.101876114	-0.1551649554	-0.0531609811	0.0219777261	0.005470315	0.0819957646	-0.1204537179	0.0544566524	0.0073917104	-0.036076386	0.0829690101	-0.012045549	0.0997358167	0.0784398269	0.0687306725	0.0308785553	0.0299721244	-0.0727472643	0.0329823695	0.132557498	0.0456560358	0.0827857199	0.0645902111	0.1392002442	0.0504595237	0.0282447839	-0.0953785891	0.045862808	-0.0055430608	-0.1071905721	-0.0212351051	0.0007190474	0.0597633808	0.0028654295	-0.0982628525	0.0323149139	0.0043526621	-0.0131696157	0.0077091268	-0.0120130517	0.0989063241	0.0545704122	0.0598916202	-0.0400361357	0.0226262751	-0.0241372728	-0.0115489969	0.0872826336	0.0772699317	0.0328060676	-0.0689157378	0.0477908282	0.0275302473	-0.0241201433	-0.0464352306	0.0156680645	-0.1441967259	-0.160413371	0.0717469463	-0.0438990877	-0.068474878	-0.1958155581	-0.0066525404	0.1495751984	0.0313412558	0.1775209459	0.1055010221	-0.0984693927	0.153034397	0.1426718202	0.1577240153	0.3766318811	-0.0855765061	0.1603006618	0.1388322749	-0.0970562321	-0.0841480788	0.0475252429	0.0021897309	-0.0513014829	0.0862808277	0.0093730257805901	0.0054508515087974	2.971178217095889e-05	8.785361228360664e-05	-0.0441573493248768	0.0192066338605058	0.0003688947842515	0.0019498714993991	0.166462990115555	-0.1193120075770508	0.0142353551520662	0.0277099270782113	-0.0069508259234233	0.003645669535308	4.831398101773337e-05	1.329090636067357e-05	-0.0020167683334706	-4.033313852210008e-05	4.067354510889782e-06	1.626762063042913e-09	0.0022270225556434	0.0010229611234642	1.0464494601191389e-06	4.959629463344461e-06	0.0	0.0	0.0	0.0	0.0	0.0	0.0	0.0	0.0	0.0	0.0	0.0	0.0	0.0	0.0	0.0	0.0	0.0	0.0	0.0	0.0	0.0	0.0	0.0	0.0	0.0	0.0	0.0	0.0	0.0	0.0	0.0	0.0	0.0	0.0	0.0	0.0	0.0	0.0	0.0	0.0	0.0	0.0	0.0	0.0	0.0	0.0	0.0
566.9652986696346	0.8596014189580501	0.7389145994746932	321449.649895548	777.515958395349	-1.4969414094365447	2.240833583285869	604531.0655594381	552.1089877557317	0.7266347342674635	0.5279980370439473	304824.3343606587	589.7353214765708	562.7998244963007	1.280724	24.106886	0.2228059396964919	0.1134779709789346	-0.0108981666	0.0897982828	0.0475709331	-0.0760822585	0.0193089984	-0.0966732676	-0.0263754954	0.0055911586	0.0668760015	-0.0059698196	-0.1344881976	-0.0516595185	-0.0088833101	0.0259364101	-0.0503828762	0.0508278233	0.0132825487	0.092128608	0.0184597357	0.0192066817	0.0322015854	0.0168664294	0.041097634	0.0406206418	0.1019706706	0.0600489459	0.019968813	0.0568583197	-0.0904457894	0.0362334088	-0.0867328416	-0.0514252036	-0.0279578078	0.0541173814	0.1043837219	-0.0376411242	-0.0655019936	0.0178453909	0.0113738547	0.092678145	-0.126369698	-0.0538525423	-0.0437282991	0.1098921817	0.0745308677	0.1127318715	-0.0984828404	0.0054352381	-0.1783405332	-0.0562120806	0.0440013264	0.0582696152	-0.0271719585	-0.0525865325	-0.1090462207	-0.0118718866	0.0975835961	0.0056487943	0.034598777	0.0238416986	0.0168519533	0.0727795012	-0.124886713	-0.0042415626	0.0280241861	0.0873304488	0.0176378007	0.0582511572	-0.0747787176	-0.0739846252	-0.0600966277	-0.0308088415	-0.0486587741	-0.0233000463	-0.0473912717	0.0543031211	-0.1061753569	-0.0174703066	0.0070720503	0.0112195882	-0.1004862816	-0.0736206285	0.0450501626	0.0335542243	-0.0339059338	-0.0038865149	0.0026960865	-0.0247337608	-0.0886358698	-0.1298124598	-0.0050049929	0.0042410126	0.1619503965	-0.0115757225	0.0946916213	-0.0805276478	-0.1233043291	0.0395950469	0.0293802135	-0.0517617865	0.0901181909	-0.0421268484	-0.0700282752	-0.0319065274	-0.0439225841	0.1225562301	0.126256604	0.0110991419	0.0012243396	-0.0222540739	-0.0222783703	-0.1095840502	-0.0062310608	0.0898007431	-0.0798308326	-0.041802181	-0.0386196831	0.0868643507	0.0951123519	0.0025568364	0.184935585	0.086356282	0.0011194126	0.126157585	0.0377211464	0.1294016604	0.1550812442	-0.0524443165	0.0952941082	0.0316881048	-0.1979671626	-0.0848780435	0.0500538442	-0.0021897309	-0.0462448462	0.0826318208	-0.0108800727615943	-0.0202530985421844	0.0004101880005594	0.0001183759832975	-0.03763923084162	0.0065181184832567	4.248586856177391e-05	0.0014167116983487	0.1876216395288708	0.0211586494133158	0.0004476884449956	0.0352018796195015	-0.0078841135201961	-0.0009332875967727	6.215924599933894e-05	8.710257382899471e-07	-0.0030081329830389	-0.0009913646495683	9.04886404364651e-06	9.828038684136782e-07	0.0006541533368298	-0.0015728692188136	2.473917579491305e-06	4.279165880855618e-07	0.0	0.0	0.0	0.0	0.0	0.0	0.0	0.0	0.0	0.0	0.0	0.0	0.0	0.0	0.0	0.0	0.0	0.0	0.0	0.0	0.0	0.0	0.0	0.0	0.0	0.0	0.0	0.0	0.0	0.0	0.0	0.0	0.0	0.0	0.0	0.0	0.0	0.0	0.0	0.0	0.0	0.0	0.0	0.0	0.0	0.0	0.0	0.0
566.4270075048121	-0.5382911648225672	0.2897573781260362	320839.55483085645	777.0401061031234	-0.4758522922255679	0.2264354040163272	603791.3264927533	552.3043529265517	0.1953651708199686	0.0381675499695155	305040.0982616169	589.6612184732268	549.6873517610268	1.368915	25.766897	0.4163915512977231	0.2211550091775745	0.0220512633	-0.0230814432	-0.0799140272	0.0370856783	-0.0072527419	0.044530953	-0.0285526573	0.0305326999	0.0307981471	-0.0200243424	0.0436467442	-0.000954894	0.0122050569	0.0563134158	-0.0136131881	0.0134898817	0.005764439	0.0005660808	0.0707011291	-0.1008143227	0.0111788427	-0.0446421521	-0.0756423521	0.0494680792	0.0312279445	0.0767409584	0.0881266353	-0.0066475342	-0.086250398	-0.0104601032	-0.0178646767	-0.1461136726	-0.0334632784	-0.0455263302	-0.1074803504	-0.0142839367	0.0430302643	0.0038731289	0.0355551524	-0.0245513838	0.1316039513	-0.0578639052	-0.054651317	0.0013989964	0.0783757482	0.0322684149	0.0641436281	-0.003871425	-0.0712609281	0.0352104793	-0.054007536	-0.1882001316	0.0284849587	0.0482114167	0.0843194244	-0.0576375966	0.042360581	-0.1074278244	0.0199070202	0.0733144302	0.0230398074	-0.0790853077	-0.0191572661	0.005623294	0.0097527097	0.0184142274	-0.0448104113	-0.0208365402	0.0647660106	0.0298758703	-0.0866872647	-0.0432540102	-0.063470732	0.0073386276	-0.0299144912	0.0602463789	-0.030081649	-0.0716228228	0.064642821	-0.1122245566	-0.0691235544	0.0053185445	0.0717848677	0.0601474817	0.0551284194	0.0087613784	0.1410890702	0.0340938634	-0.0244035399	0.078593225	0.0937729973	0.0745996868	0.0313352287	0.068273019	0.0164257558	-0.0277596468	0.0307406993	-0.0222303598	0.0250867971	-0.0059000893	0.057877449	0.0518156001	-0.0036885132	0.1046483847	-0.0960701278	0.0040918539	-0.0861787697	-0.0059238865	0.0166959055	0.0101054833	-0.0122113107	0.0102466911	0.0620957118	-0.0225731221	0.0515210341	0.0226168938	-0.0177838372	0.0350533168	-0.0359372126	0.0516702822	0.0639554098	-0.0245627342	-0.0861824781	-0.0326191995	0.0051361139	0.0079126882	0.0319505628	0.0738068081	0.0701824024	-0.0004127683	-0.1073782411	-0.0855890129	0.0525376406	-0.0065647827	-0.041022665	0.0785207032	0.0073381742291189	0.0182182469907132	0.0003319045234146	5.3848801016904766e-05	-0.0077920202513581	0.0298472105902618	0.0008908559800194	6.071557959757475e-05	0.3121625609786989	0.124540921449828	0.0155104411155722	0.0974454644767798	-0.0109581096332994	-0.0030739961131033	0.0001200801667354	9.449452103374197e-06	-0.0020784251028478	0.0009297078801911	4.319850908147887e-06	8.643567424894292e-07	0.0015261527888738	0.000871999452044	7.603830443650363e-07	2.3291423349872778e-06	0.0	0.0	0.0	0.0	0.0	0.0	0.0	0.0	0.0	0.0	0.0	0.0	0.0	0.0	0.0	0.0	0.0	0.0	0.0	0.0	0.0	0.0	0.0	0.0	0.0	0.0	0.0	0.0	0.0	0.0	0.0	0.0	0.0	0.0	0.0	0.0	0.0	0.0	0.0	0.0	0.0	0.0	0.0	0.0	0.0	0.0	0.0	0.0
566.5580020751064	0.1309945702943196	0.0171595774465934	320987.9697153363	780.634308719252	3.594202616128541	12.91829244578525	609389.9239495844	552.7255225575299	0.42116963097817	0.1773838580582879	305505.50328649447	589.9699825950526	541.4578580968042	1.330739	25.048313	0.2594859597944849	0.161199739879861	0.0156216579	-0.0267999771	0.1363917179	0.0234050326	-0.0277551766	0.0253479511	0.0018408144	-0.0360530648	0.0441075453	0.0574391381	0.0617293837	-0.0124393503	0.00733346	0.0034705422	0.0051438571	-0.0287430068	0.0067176564	0.0135364039	-0.0170118325	0.037678944	0.0313445769	0.0076100354	-0.0685402756	-0.0806623734	-0.0879802284	0.0258478608	-0.0722698806	-0.0405520173	-0.0162798588	0.0840402001	0.0497169543	0.0833850927	-0.0084694617	0.035961558	-0.0056548993	0.0358461043	-0.1580982837	-0.1192099674	-0.0152389033	-0.0638985491	0.0087614534	0.0706170973	0.1485691585	-0.1088097281	-0.0514816179	-0.0490569681	0.0754165933	-0.0500796568	0.0431026116	0.0118836182	-0.0882136869	-0.029606421	-0.0428437347	-0.0443833258	0.0681310325	0.013897371	0.0387113946	0.0078955402	0.0193984693	0.1699415906	0.0045169044	-0.0219320764	-0.015451484	0.0423886735	-0.0168293855	0.0408543395	0.0495924987	0.0274215769	-0.0182122627	0.0484943931	0.0659675417	0.0536893814	0.0929669374	0.0447382785	0.0564446519	-0.0206873007	0.0137780979	0.0682402346	0.027860987	0.0707930752	0.1032336651	0.0749115919	-0.0197678249	0.1259803449	0.0360319966	-0.0249696811	0.0111595794	0.0102648751	-0.0061843704	0.0643080929	0.0762004246	-0.0015964582	-0.108259366	0.017294472	0.0500173351	-0.0090096056	0.0293888324	0.0483255305	0.0718117093	-0.0064208925	0.0039343005	0.0249847617	0.156242723	0.057196527	-0.0170419246	0.0148079286	-0.0549568524	0.0214967724	0.0020259234	-0.0381336888	-0.0017199052	-0.065134187	-0.0863316926	-0.0113412852	-0.0071490197	-0.0308286288	-0.1345092147	-0.0323819249	-0.0112829576	-0.0022076962	0.0818201115	0.0663769065	0.0374252491	0.0780096251	0.1180600956	0.0656101666	-0.0151943567	0.0304748129	-0.0335722327	0.0316765996	0.0444612411	-0.0862808277	0.0549744086	-0.010926614	-0.0356536332	0.073970466	0.0078158834946862	0.0004777092655672	2.2820614240884807e-07	6.108803480250815e-05	-0.0438901082598022	-0.0360980880084441	0.0013030719578653	0.0019263416030571	0.2191466969069253	-0.0930158640717735	0.0086519509690186	0.0480252747652157	-0.008639798360214	0.0023183112730853	7.464611570515652e-05	5.374567158914847e-06	-0.0022809721932459	-0.0002025470903981	5.20283414636101e-06	4.1025323828736095e-08	0.0016031803943643	7.702760549049988e-05	5.9332520076000885e-09	2.5701873768740723e-06	0.0	0.0	0.0	0.0	0.0	0.0	0.0	0.0	0.0	0.0	0.0	0.0	0.0	0.0	0.0	0.0	0.0	0.0	0.0	0.0	0.0	0.0	0.0	0.0	0.0	0.0	0.0	0.0	0.0	0.0	0.0	0.0	0.0	0.0	0.0	0.0	0.0	0.0	0.0	0.0	0.0	0.0	0.0	0.0	0.0	0.0	0.0	0.0
568.0109321031471	1.4529300280406687	2.1110056663822583	322636.41898868594	779.2650950175213	-1.3692137017307004	1.8747461610070877	607254.0883126665	553.2319736305727	0.5064510730428537	0.2564926893862579	306065.6166471787	590.7944730356694	568.3048516701077	1.584462	29.824112	0.1475038603886777	0.082034295164353	0.0044941726	0.090239631	-0.0852626511	-0.0641962198	0.0245884971	-0.0512941959	-0.0061589033	0.0133134491	-0.0375210235	-0.0292882858	-0.1025406686	-0.0492698644	0.0012332773	-0.0693394009	-0.0027834034	-0.0325686045	-0.0186482982	0.034949061	-0.0616972171	0.0324716931	-0.1272306509	0.1564716562	-0.0079035369	0.0031344507	-0.0089540278	-0.0903871957	0.0177560197	0.0188452759	-0.0168278538	-0.0083721472	-0.0115509632	0.0146904524	0.1480327628	-0.0546730639	-0.0074030965	0.0926751451	0.0076718102	-0.0251209547	0.0689992237	-0.1357123767	0.0624191831	-0.1176929904	-0.017675965	0.0109690028	0.0386804273	0.16334887	0.059647353	-0.0116798485	0.1229114876	-0.134063115	0.0935364205	0.0798927115	0.0001701137	0.0722078087	-0.0346468642	0.0132201089	-0.073187478	0.0112736607	-0.0328281225	0.0771347257	-0.0802382251	0.0421770282	-0.0190355226	-0.0155658128	-0.0283084738	-0.021617047	0.0097447022	-0.0330363589	-0.0977441841	-0.0774600154	-0.0316301649	-0.005651129	-0.0229103888	-0.0320068851	-0.0527548413	0.0148369594	-0.0138793852	0.0944846238	-0.0262815481	-0.0300055125	-0.041011379	0.0680540822	0.0124060391	-0.1298464447	-0.0187138194	0.0217961302	-0.070387729	-0.0321501167	0.020371887	-0.0194783387	-0.096941051	0.0538088289	-0.0266632483	-0.0137089508	0.1454888193	0.0091448843	0.0703679047	0.0932165096	-0.05910591	0.1039747539	0.0022315307	0.0246991153	-0.004620254	0.0457064641	-0.0069671638	-0.0145875523	-0.1925710821	0.0071965569	0.0190390274	-1.43712e-05	-0.0286406696	-0.0216879467	0.0382595603	0.0141893838	-0.0348796047	0.0295676587	0.0053975371	0.0640680711	-0.0510702017	-0.0633944183	0.0119730986	0.0297077563	-0.0340038661	-0.0016512127	-0.122834204	-0.0025005095	-0.0305467113	0.017548127	0.0035272622	0.0368909468	-0.0550338383	-0.0869533332	0.0573619671	-0.0152664406	-0.0301569707	0.0690065559	0.0079636114870567	0.0001477279923705	2.182355972981859e-08	6.341910791678141e-05	-0.0634433382361123	-0.0195532299763101	0.0003823288025064	0.0040250571665417	0.2520219995130475	0.0328753026061222	0.0010807855214441	0.0635150882385545	-0.0098430872766527	-0.0012032889164386	9.688636713580224e-05	1.4479042164242197e-06	-0.0017718493402834	0.0005091228529624	3.13945008466272e-06	2.592060794086752e-07	0.0017893206212406	0.0001861402268763	3.4648184061560475e-08	3.2016682855968468e-06	0.0	0.0	0.0	0.0	0.0	0.0	0.0	0.0	0.0	0.0	0.0	0.0	0.0	0.0	0.0	0.0	0.0	0.0	0.0	0.0	0.0	0.0	0.0	0.0	0.0	0.0	0.0	0.0	0.0	0.0	0.0	0.0	0.0	0.0	0.0	0.0	0.0	0.0	1.0	0.0	0.0	0.0	0.0	0.0	0.0	0.0	0.0	0.0
567.1404998812432	-0.8704322219039113	0.75765225292858	321648.3466055464	781.1896420827352	1.9245470652139147	3.703881406223492	610257.2568973519	552.8915534763162	-0.3404201542565488	0.1158858814240524	305689.0699054542	590.4894554861196	548.8242349340258	1.269322	23.892263	0.1190128938092149	0.0808321056957342	0.0175105168	-0.0127227297	0.0016474975	0.0461679919	-0.0501472133	0.0493918448	0.002986698	-0.0325281722	0.021522124	0.02775183	0.0149670761	-0.0155106219	0.009326148	-0.0278560332	-0.0320684102	-0.0013325716	-0.0258107808	-0.0126162779	0.0457008288	0.0284921596	-0.0048540996	0.0031857675	-0.0565620527	-0.0510979284	0.0651460522	0.0166283477	0.0390273859	0.0097872496	-0.0180278166	0.0892925899	-0.055103803	0.0142910699	-0.0077457558	-0.0326143425	-0.0061605159	0.0144522455	-0.0026872613	0.0156495934	-0.0702853149	0.0043534644	-0.0188411169	-0.0130020378	-0.0523572035	0.041639586	-0.055177279	0.0494220221	0.1270339894	0.0452104503	0.0589467352	0.0277223708	-0.0412135104	0.0409634426	-0.0697844016	0.0393207848	0.0014651637	0.0061913086	-0.0647696617	0.031260718	-0.1458154683	0.0280286082	-0.0080784217	-0.0563939704	0.0260012917	-0.0212028383	0.0210598868	-0.0053144874	0.0176424604	-0.0357791595	0.0403685202	0.0462667599	-0.0013470147	0.0269828756	-0.0493926431	-0.0114153185	-0.0525332391	0.0214836491	-0.0197978468	0.0007149213	-0.0705637474	-0.0214982596	-0.0349985949	0.005705881	0.0026955021	0.0164440282	-0.0317979749	-0.0296238294	0.0076331867	-0.0330552806	0.0068148389	0.015778481	-0.0169255637	0.0426924146	-0.0340501734	0.0312866478	-0.0381741827	-0.0428781459	0.0238416746	0.0019209679	0.0070716443	-0.0545140744	-0.0191021075	0.0685939849	0.0057817517	0.0632381471	0.0421524631	0.0581634225	-0.1324675603	0.0063871956	0.0158457858	0.0102212219	-0.0001825833	0.010942282	0.03328135	-0.0210459101	0.0859181267	0.038385303	-0.0417946787	0.0116970298	-0.0699020492	0.0009545789	0.0380750917	-0.0174146468	-0.0545919999	-0.0383292955	0.0155922309	-0.0045290048	-0.0035046184	0.0545248972	-0.0132759487	0.0461017491	-0.038298185	-0.0876063788	0.0596981788	-0.0195755225	-0.0245523541	0.0636567332	0.0075485398330954	-0.0004150716539612	1.722844779221688e-07	5.698045361182793e-05	-0.0684511558646221	-0.0050078176285097	2.507823740041349e-05	0.0046855607392027	0.3090991193784163	0.0570771198653687	0.0032577976121256	0.0955422656005124	-0.0107773217072979	-0.0009342344306452	0.0001161506631825	8.727939714029626e-07	-0.001771142474509	7.068657743999288e-07	3.136945665009864e-06	4.996592230180111e-13	0.0015940042244327	-0.0001953163968078	3.814849486202104e-08	2.5408494675092937e-06	0.0	0.0	0.0	0.0	0.0	0.0	0.0	0.0	0.0	0.0	0.0	0.0	0.0	0.0	0.0	0.0	0.0	0.0	0.0	0.0	0.0	0.0	0.0	0.0	0.0	0.0	0.0	0.0	0.0	0.0	0.0	0.0	0.0	0.0	0.0	0.0	0.0	0.0	0.0	0.0	0.0	0.0	0.0	0.0	0.0	0.0	0.0	0.0
566.0739076253993	-1.0665922558438297	1.137619040226029	320439.6688942891	780.7466248048836	-0.4430172778515953	0.1962643084750375	609565.2921442176	552.6035588115727	-0.2879946647434508	0.0829409269206926	305370.6932112153	590.1072394170046	551.9925963835467	1.070311	20.146309	0.0659042994396397	0.0381101931785443	0.0128507035	0.0139897735	0.049017386	-0.0552291188	0.0030423486	-0.0353907127	0.0056565197	-0.0169284986	0.108053531	0.062763182	-0.047158163	-0.0317962767	-0.0027229595	-0.0234056996	-0.0402419244	0.0746014099	0.0040970322	0.086513288	-0.0824719419	0.0260232799	0.0211101563	0.0367493773	-0.1162432043	-0.0688303577	-0.0041309399	0.0219036415	-0.0835788437	0.0278580214	0.0354741807	-0.1505941694	-0.0692844101	-0.0182235101	0.0989908011	0.0358292863	-0.0337871656	0.0435479599	0.0591634857	-0.0202416169	0.0258427053	0.0216764114	-0.0914401329	-0.0723322894	0.0748017729	-0.0006929305	-0.0385145335	-0.0045881316	0.0024239821	0.1222100846	-0.0839241837	0.0192819358	-0.0843961553	0.1323613151	-0.0162697136	0.0028129734	0.1012921451	0.1454658238	-0.0120389819	0.0397767408	0.0503227574	-0.0989548597	0.1177975763	-0.0238672427	-0.0171405459	0.0184647296	0.039384108	0.1035377931	0.0837937845	0.0315637014	-0.0330129487	0.0020530358	0.0062037503	-0.0297839787	0.0881864802	-0.0698857443	-0.0767227709	0.0288763183	-0.050366747	0.0447056434	0.1036023724	0.0423403034	0.0114655239	0.0226405381	-0.0420321052	-0.0736218054	0.0275717882	0.0122365857	0.0863255291	-0.0390135844	-0.0379881827	0.0640986195	0.013181882	0.0423518155	0.0316872505	-0.0652323312	0.0346909709	0.0479730364	0.027711321	-0.010137076	-0.013120975	-0.0442191981	-0.1260559239	0.0311826318	-0.1142232936	-0.016618283	0.0239307704	-0.0097096585	-0.1306741645	0.009662998	0.0129026282	-0.0077633117	-0.0232642128	-0.0027483743	-0.0096271688	-0.0322207299	-0.0702829114	0.0041617993	-0.0376241179	0.0151190795	-0.0532875583	-0.0995109162	0.0269827496	0.0475480351	0.0388318595	0.0313475068	0.0238145718	-0.0086416421	-0.085187263	-0.0032196091	-0.0375387082	0.011172682	0.0001554454	-0.0882398185	0.0619809526	-0.023845182	-0.0188598464	0.0579509162	0.0074683646671473	-8.017516594809992e-05	6.42805723480536e-09	5.57764708014942e-05	-0.0769795379225115	-0.0085283820578894	7.273330052532988e-05	0.0059258492587633	0.279027737911889	-0.0300713814665272	0.0009042879833053	0.0778564785242258	-0.0104619880690766	0.0003153336382212	0.0001094531943575	9.943530339388153e-08	-0.0017682045730538	2.937901455200148e-06	3.1265474121683708e-06	8.631264960467148e-12	0.0013677885491237	-0.000226215675309	5.117353175550691e-08	1.8708455151139164e-06	0.0	0.0	0.0	0.0	0.0	0.0	0.0	0.0	0.0	0.0	0.0	0.0	0.0	0.0	0.0	0.0	0.0	0.0	0.0	0.0	0.0	0.0	0.0	0.0	0.0	0.0	0.0	0.0	0.0	0.0	0.0	0.0	0.0	0.0	0.0	0.0	0.0	0.0	0.0	0.0	0.0	0.0	0.0	0.0	0.0	0.0	0.0	0.0
566.6548532793835	0.5809456539841449	0.3374978528830658	321097.7227450796	775.0704683357453	-5.676156469138277	32.21875226214031	600734.2308861916	552.3058956041249	-0.2976632074478402	0.0886033850681359	305041.8023190745	590.3598071776826	556.309190144808	1.15493	21.73909	0.0682611857304991	0.0418599209350069	0.0421714294	0.003660971	-0.0384964961	0.0036152226	0.0392987039	0.0287174365	-0.0528573394	-0.0022663301	-0.0068093408	-0.072716489	0.0130599024	-0.0045569078	-0.0408995912	0.0022479804	-0.0207852303	0.0620887691	-0.0442900932	0.0155926738	-0.0117001836	-0.0258521952	0.0259431444	-0.074550114	0.0008309217	0.0189626178	0.0495270659	0.0285349039	-0.0167317908	-0.0045199933	-0.0464698381	-0.0254443983	-0.0403930098	-0.0177096851	0.0123935834	0.0197869011	0.0661359416	-0.078886532	-0.0553569937	0.0889103237	-0.0153294948	0.0238880312	-0.0282353613	-0.017886766	0.1112778683	0.0174376254	0.0403293172	-0.0376042223	-0.0150332959	-0.044885304	0.1215024674	-0.0211439848	0.0016706623	0.021927037	0.0492107179	-0.0860422709	0.0120764047	0.0280132601	0.0164288306	0.0148273719	-0.0502776897	0.0033261106	0.0165129804	0.0965331525	-0.0412108353	-0.0531859093	-0.0190450907	0.0006016348	-0.0516050434	-0.0363617005	0.0112434643	0.0121222469	-0.0706120113	-0.0415965882	-0.0655756548	-0.0345020592	-0.08639101	0.009143353	-0.0097646615	-0.0429523274	-0.0049385393	0.0784193607	-0.0173281197	-0.0653040923	-0.0027536802	0.0675501975	-0.0207714928	-0.0154596386	0.0029022197	-0.0081722672	-0.068946957	0.0877317196	0.0529394586	0.0712718466	0.0092071785	-0.0468953648	0.0378427494	-0.0296050399	0.0301099521	-0.0232132315	0.0125491379	0.0180405578	-0.1237608534	-0.0282143861	0.0088279325	-0.0352201105	0.046696856	-0.1012119252	-0.0276227111	0.0149001216	0.0217470162	0.0029576018	-0.0236194136	-0.0267569803	0.0466968331	0.0060782581	0.0114384389	0.0276714875	-0.0119856242	0.0139995226	-0.0430485859	-0.0045961251	0.0563669852	-0.013997317	-0.0295012137	-0.0383840746	-0.0309274261	0.029986892	-0.0487755244	0.0822407222	0.0221984204	0.0319603985	-0.0590426671	-0.0888535104	0.0642082451	-0.0280668205	-0.0130998254	0.0519210142	0.0079638428466495	0.0004954781795021	2.454986263628136e-07	6.34227928861304e-05	-0.0492129575337685	0.0277665803887429	0.0007709829864845	0.0024219151892205	0.2758319189174401	-0.0031958189944489	1.0213259045280564e-05	0.0760832474936772	-0.0101511082000042	0.0003108798690724	0.0001030449976881	9.66462929944731e-08	-0.0017721261342136	-3.921561159800097e-06	3.1404310355628382e-06	1.5378641930052684e-11	0.0017890532822476	0.0004212647331238	1.774639753739506e-07	3.2007116467209104e-06	0.0	0.0	0.0	0.0	0.0	0.0	0.0	0.0	0.0	0.0	0.0	0.0	0.0	0.0	0.0	0.0	0.0	0.0	0.0	0.0	0.0	0.0	0.0	0.0	0.0	0.0	0.0	0.0	0.0	0.0	0.0	0.0	0.0	0.0	0.0	0.0	0.0	0.0	0.0	0.0	0.0	0.0	0.0	0.0	0.0	0.0	0.0	0.0
567.0402968512908	0.3854435719073308	0.1485667471246816	321534.6982532	777.0861411343617	2.0156727986163787	4.062936831081984	603862.8707430931	552.2681665333039	-0.0377290708210011	0.0014234827850161	305000.1277660571	589.4731100101283	544.0011629464146	1.017094	19.144621	0.0936371685070652	0.0643895883945658	0.0265511827	-0.048614243	0.0440573272	0.0353676521	-0.0093144143	0.0508095714	-0.0298395611	-0.017739916	0.043863519	0.0123572491	0.0082046752	-0.0086060706	-0.0284801566	0.0738612598	0.015061724	0.0422435943	-0.0166410095	0.0648251249	0.0737550298	-0.0213095897	-0.0083869784	-0.0511492893	-0.1213236731	0.043620097	-0.0084100651	0.0338055911	-0.0320037724	-0.038178378	-0.0287860823	-0.1295197073	-0.0200607262	0.1086719211	-0.0909617654	0.0125080155	0.0129815985	0.000475279	-0.0670287534	-0.0711205371	0.0964945402	-0.0552515049	-0.0818568586	-0.0002112773	-0.0317696973	0.0585329136	-0.0177175988	0.0053102245	0.0175631704	-0.0573964082	-0.1150758389	0.0074909372	-0.0687386699	-0.0818920793	-0.0290035823	0.0414149285	0.0010358279	-0.0031010289	0.0335271782	0.0606404016	-0.0536201063	0.014344795	-0.0718275907	0.0309634874	0.0873316976	0.0120874345	0.0008118927	0.0790190025	-0.0178838147	0.0560365812	0.029558519	0.0580885978	0.0016234491	0.0392900148	0.0460085571	0.0102681748	-0.0120366114	0.0520652679	-0.122415574	-0.0317267015	-0.0113820995	-0.0254160157	0.0369752808	-0.0179352477	-0.0613606843	-0.0101770418	0.1412138246	0.0349231474	0.0570780603	0.0083790702	-0.0046287785	-0.0254584766	-0.0179577211	0.068055437	0.0555203226	0.0631548652	-0.0101687028	-0.0136883809	-0.012835329	-0.0650322998	-0.0147329859	0.0545278812	-0.0176637489	0.0162987717	0.0167107588	0.0172032378	0.0037677739	0.0020445382	0.0135198786	0.014960328	0.0229320181	0.0183101569	-0.0098094259	0.0164624395	0.0319785478	-0.0282200329	0.0722741232	0.0434394521	-0.0275707516	0.0027786083	-0.0819414426	0.0026765775	0.0141934875	-0.0344642041	-0.0063577962	-0.0343846263	0.0362431724	-0.0111982921	-0.0584225931	0.0679962953	0.0341695721	-0.0010462642	-0.0476040641	-0.0894473172	0.0663780624	-0.0322319361	-0.0072929104	0.0456007488	0.0076081925488153	-0.0003556502978341	1.2648713434955448e-07	5.7884593859848656e-05	-0.0471575633658005	0.002055394167968	4.224645185716878e-06	0.0022238357825994	0.3020876897296531	0.026255770812213	0.0006893655009434	0.0912569722861991	-0.0112153624390206	-0.0010642542390164	0.0001257843546385	1.1326370852643788e-06	-0.0017150936742336	5.70324599800001e-05	2.94154631139611e-06	3.2527014913703123e-09	0.001610932916663	-0.0001781203655845	3.17268646359915e-08	2.5951048619883605e-06	0.0	0.0	0.0	0.0	0.0	0.0	0.0	0.0	0.0	0.0	0.0	0.0	0.0	0.0	0.0	0.0	0.0	0.0	0.0	0.0	0.0	0.0	0.0	0.0	0.0	0.0	0.0	0.0	0.0	0.0	0.0	0.0	0.0	0.0	0.0	0.0	0.0	0.0	0.0	0.0	0.0	0.0	0.0	0.0	0.0	0.0	0.0	0.0
568.2333256647314	1.1930288134406055	1.423317749699499	322889.1123960007	783.5854106734555	6.4992695390938025	42.24050454179257	614006.0958202879	553.6210710368025	1.3529045034986211	1.8303505955868504	306496.29029593634	590.4841048201544	554.327505256929	1.074529	20.225706	0.1239467254377108	0.0731233974528056	0.0221312674	0.02790281	-0.0792023942	-0.0060430224	-0.0265401616	0.0089409937	0.0342090984	0.0196017273	-0.1125940569	-0.0528273061	-0.0062271628	0.0555956114	-0.0098347769	-0.0686678806	0.0473794984	-0.0503483229	-0.0725137311	0.1154817098	-0.0119989051	-0.0328680849	-0.0001429838	0.0116964857	0.0882773154	-0.0101547792	0.0303409576	-0.0834827413	0.0765850649	0.0409362632	-0.0554598461	0.0819633466	0.0297304306	-0.0077815153	0.0354024177	0.0520171917	0.0223061722	-0.052958536	-0.0487312659	-0.0057519266	0.0429903613	-0.0288094897	0.0863549481	-0.0713284497	-0.0768024942	-0.0876213949	0.136812898	-0.1425226523	-0.0553658222	0.1580837195	0.018406181	0.0667518226	-0.0248738108	-0.0460137793	0.0202243074	0.0529304876	-0.1275635404	-0.0644436163	-0.1115084252	-0.0289481997	0.0416657696	0.0073759372	0.1213897171	-0.0838548972	0.0926512483	0.0142242038	-0.101667767	-0.0581981598	-0.0133857181	-0.0365370356	-0.0240270945	0.0316943482	-0.0020725084	-0.0532477696	0.0365447395	0.0818899446	-0.0829018558	0.0463014515	0.0667023602	-0.0333705217	0.0138313668	0.0178330594	-0.0128889216	0.0002709217	0.0350048231	-0.0157854042	-0.0676206134	-0.0193532834	0.0357475393	-0.0454853841	-0.0236857298	-0.0519723755	0.0069612264	-0.0715713269	-0.0359555871	-0.039877554	0.2228867693	0.0560295952	-0.0268923421	-0.0333379553	0.1294520861	0.0596125322	0.008586376	-0.0059117695	-0.0083755481	0.0059075987	0.0245620168	-0.0176853089	-0.0072034719	0.0294250572	0.007745022	-0.0124984021	-0.0118778919	-0.0321297933	-0.0461055628	-0.0116464947	0.0022324438	-0.0019220704	-0.0873756916	-0.0192953112	-0.0808743225	-0.0448848665	-0.0630096483	0.0576634081	-0.0425583424	-0.0613382399	-0.0612160457	-0.0069528319	-0.0313371625	0.0349602286	-0.0336814025	0.0215656852	0.0605857316	-0.0900211061	0.0684884625	-0.0363321408	-0.0014598886	0.0390254656	0.0079595416517435	0.0003513491029281	1.234461921284507e-07	6.335430330583965e-05	-0.0679919286423142	-0.0208343652765136	0.0004340707764751	0.0046229023605015	0.2689724122301342	-0.0331152774995189	0.0010966216038701	0.0723461585408972	-0.0100576021546472	0.0011577602843734	0.0001011553611011	1.3404088760723774e-06	-0.0017720477845128	-5.6954110279199954e-05	3.1401533505967224e-06	3.2437706776952692e-09	0.0017891331931854	0.0001782002765223	3.175533855265979e-08	3.2009975829577857e-06	0.0	0.0	0.0	0.0	0.0	0.0	0.0	0.0	0.0	0.0	0.0	0.0	0.0	0.0	0.0	0.0	0.0	0.0	0.0	0.0	0.0	0.0	0.0	0.0	0.0	0.0	0.0	0.0	0.0	0.0	0.0	0.0	0.0	0.0	0.0	0.0	0.0	0.0	0.0	0.0	0.0	0.0	0.0	0.0	0.0	0.0	0.0	0.0
569.0046727917727	0.771347127041281	0.5949763903948382	323766.3176588723	787.1627924049715	3.5773817315159704	12.797660052984202	619625.2617467922	553.1149212898464	-0.5061497469561118	0.256187566343736	305936.116153473	592.5335859760031	557.8964385590233	1.35009	25.412546	0.0552940819264601	0.0352227680031695	0.0358540211	-0.0128664574	0.1152925364	0.0999445053	-0.0480805168	-0.0076448163	0.0559150442	-0.1224637412	-0.0218722931	0.1099501202	0.0278465356	-0.039377889	-0.0179418197	-0.0370935538	-0.0854374164	-0.0245715465	0.0368519494	-0.0332315994	0.0444770169	0.078950215	0.0348698288	0.0373911644	-0.0455949749	-0.0543570932	-0.1255361301	0.039591203	-0.0608710571	0.0478294891	-0.0284977967	0.0388657645	0.0471547012	0.0062755721	-0.1039516896	0.0332974525	0.0237139501	0.0014709428	-0.0634907903	-0.0468326599	-0.0268839854	0.0221127273	0.0085506479	-0.1179551961	-0.0037292616	-0.0154028151	0.0956204243	0.0337724118	0.0737797089	0.0017167015	0.0411817802	0.0273336719	-0.0498455322	-0.0555368547	0.0147404786	0.0903820709	-0.0191350079	0.0135578086	-0.0245152733	-0.1077751367	-0.0473217934	0.0234385287	-0.1440054724	0.0124520344	0.0673225432	-0.0797074304	0.0443601868	-0.0438520662	0.0871599251	0.0112913125	-0.0150847506	-0.0016231067	0.1207217997	0.075862085	0.0220126969	0.0199594768	0.0973549608	-0.0502830748	-0.0176048715	0.0234397523	-0.0657457663	0.0771788129	0.0140428197	0.0504626635	0.0508691163	0.0074367863	0.0044310126	0.0152490359	0.0547810432	-0.0150061218	-0.0370970944	0.0530070251	0.1001662653	0.0402013188	0.0268089072	-0.0760702066	0.0035656632	-0.0471065144	-0.1034482327	0.0650869083	0.1422027274	0.1533134187	-0.027108478	0.0020006835	0.0060306011	0.0015477004	0.0520624365	0.0222362648	-0.0674975696	0.0303447373	0.0245358819	0.0176551465	-0.0332181968	-0.0323240964	0.021113535	0.0353103656	0.0089046475	0.0386092088	0.0026487983	0.0172591248	-0.0722435326	-0.0298194672	0.0220055192	-0.0599506287	0.0738391257	-0.024878308	0.0768857403	-0.0465653924	-0.0753986933	0.1129192953	-0.0842515208	0.1224906637	-0.051986872	-0.0905747485	0.070537556	-0.0403591775	0.0043783591	0.0322319361	0.0078623514189217	-9.71902328218005e-05	9.445941355955787e-09	6.181656983462006e-05	-0.0794693316100705	-0.0114774029677563	0.0001317307788842	0.0063153746665513	0.2364231967028871	-0.032549215527247	0.0010594514314391	0.055895927939212	-0.0102801170907554	-0.0002225149361081	0.0001056808073996	4.9512896791236195e-08	-0.0017722435516265	-1.9576711370017895e-07	3.140847206281711e-06	3.8324762806498796e-14	0.0017884384324346	-6.947607508001139e-07	4.82692500852338e-13	3.198512026609129e-06	0.0	0.0	0.0	0.0	0.0	0.0	0.0	0.0	0.0	0.0	0.0	0.0	0.0	0.0	0.0	0.0	0.0	0.0	0.0	0.0	0.0	0.0	0.0	0.0	0.0	0.0	0.0	0.0	0.0	0.0	0.0	0.0	0.0	0.0	0.0	0.0	0.0	0.0	0.0	0.0	0.0	0.0	0.0	0.0	0.0	0.0	0.0	0.0
567.80510201738	-1.199570774392669	1.438970042777027	322402.63387696736	783.273583530901	-3.889208874070505	15.125945666148764	613517.5066573393	553.4814404828833	0.3665191930368792	0.1343363188644051	306341.70495900745	591.986220709168	561.6794558759696	1.459089	27.46422	0.1210916491921036	0.0769164977121773	0.0046548079	0.0901480174	0.0148235766	-0.1300921958	-0.0166833144	-0.0062600346	0.0260879719	-0.0376397609	0.0593926421	0.0610551302	-0.0831848583	-0.0185140515	0.0470324445	-0.0229617821	-0.0998804991	0.0241189369	0.0476625277	0.1331450762	-0.1052801045	-0.071027321	-0.0116027452	0.0724236397	0.0244589463	-0.044397411	-0.0005169385	-0.003155478	0.056379625	0.125023089	0.0295031093	0.0445305274	-0.0843483118	0.039179492	-0.0546635757	-0.0917243404	-0.0298797878	-0.0877091482	-0.0291845188	-0.002110481	-0.0266476593	0.0006424555	-0.0277664877	-0.0364879102	0.0932546661	-0.1161964316	0.1154004692	0.0391539675	0.0661589202	0.166796617	-0.1241067094	0.0375239169	0.0409519778	0.0109543335	-0.0551158261	0.0443981343	-0.0798093981	-0.0144246654	0.1194575957	0.0411522702	-0.0649687726	-0.0005028159	0.0761405959	0.0422516411	0.0227182705	-0.0022653105	0.091664037	0.016772844	0.0901030512	0.0217262088	-0.0972407067	-0.0397683965	-0.0052210088	-0.0931155056	-0.0808256304	0.1127737759	-0.0229783827	0.0021627291	-0.0036008313	0.0459706616	0.0302995059	0.016537416	-0.1201779317	0.061186365	-0.0256728709	-0.0314948151	0.0041026702	-0.0247970292	-0.0328807914	0.0126451831	-0.0273798412	0.0349671007	-0.0391810734	0.0442096415	-0.0620334548	-0.1499786006	-0.0272013463	0.0006439418	-0.0755281983	-0.0673278079	0.1637133816	0.0092884069	0.0481680203	0.0095017814	-0.0816622454	0.1529475803	-0.0669894024	-0.0111330884	-0.0583555355	0.0267754827	0.0266599178	0.021750135	0.0024743771	-0.0115248566	0.0237378428	-0.0085143178	0.0962188373	0.0667491538	0.006542274	0.0169314886	-0.029719365	-0.0676901902	0.031283226	0.0821808347	-0.0292441954	0.0408175765	-0.0061278931	0.051149049	-0.0670130033	-0.0474897326	0.0293711143	-0.0804436994	-0.0407466756	-0.0911081206	0.0725235089	-0.0443049362	0.0102009335	0.0252581525	0.0074583501352236	-0.000404001283698	1.6321703722971192e-07	5.56269867395899e-05	-0.0703125283797021	0.0091568032303683	8.38470453996851e-05	0.0049438516471464	0.2853263674548643	0.0489031707519771	0.002391520109597	0.0814111359649882	-0.0112963647763983	-0.0010162476856428	0.0001276078571614	1.03275935857455e-06	-0.0017713284866558	9.150649707000308e-07	3.1376046076383267e-06	8.373439006022484e-13	0.001553047704527	-0.0002353907279075	5.540879478486973e-08	2.411957172536584e-06	0.0	0.0	0.0	0.0	0.0	0.0	0.0	0.0	0.0	0.0	0.0	0.0	0.0	0.0	0.0	0.0	0.0	0.0	0.0	0.0	0.0	0.0	0.0	0.0	0.0	0.0	0.0	0.0	0.0	0.0	0.0	0.0	0.0	0.0	0.0	0.0	0.0	0.0	0.0	0.0	0.0	0.0	0.0	0.0	0.0	0.0	0.0	0.0
564.9221751056098	-2.882926911770255	8.311267578609181	319137.06392605323	774.5959794071305	-8.677604123770493	75.30081332887866	599998.9313136917	552.5086955499212	-0.9727449329620868	0.9462327046034148	305265.8586582755	590.194024427271	555.077738480573	1.682625	31.67182	0.3018938968498165	0.21387118946889	0.1011967676	-0.0167479346	-0.0514851651	-0.0007910497	0.0799148934	0.068829905	-0.0596011106	-0.0168072409	0.0586633349	-0.047305468	-0.0247600703	0.011130638	-0.0410491792	-0.005631001	-0.051726469	0.0165479396	-0.0343848854	0.0070680145	-0.0324603277	-0.0046600536	0.0292474604	0.0015143557	0.0533740358	-0.0572993184	0.0519186991	-0.0687144807	0.0219773391	0.0182854764	0.0025884325	-0.0220042649	0.087717244	-0.0557029036	0.0742033719	-0.0618905083	-0.0868489977	0.08323824	0.0050697342	-0.0413473605	-0.0315109466	0.0171808909	0.0652448521	0.0088767311	0.1246011763	-0.0471325566	-0.1023301857	-0.1249764601	-0.0986989427	0.0431310101	-0.0117088218	0.0044297223	0.0203100573	-0.0719658439	0.0846381354	-0.1033734439	-0.0648094318	0.0264318026	-0.0490709911	-0.0247518241	0.0281488073	-0.0379437431	0.0374647445	0.0829126099	-0.0383871416	-0.0260826622	0.0015226876	0.0551846387	0.0242336066	-0.0140870419	-0.0430785683	0.0448941171	-0.025337901	-0.0619533038	-0.0146592836	0.0351705063	-0.0740332184	0.1084631925	0.1535595645	0.0518514218	0.0288788949	0.0019218599	0.0226407037	0.0053988739	0.0401363217	0.0216224434	-0.0868856803	-0.0686805474	-0.0066851531	0.1063614074	0.1141221645	0.0604666273	0.0767108367	-0.0405719485	-0.0126469722	-0.076615788	0.0122157006	0.0126469144	0.0480525368	0.0125632004	-0.0665468417	-0.0900915109	-0.0873051652	-0.1306306456	-0.0070218385	0.0001436658	0.0569761292	-0.0563315647	-0.0089303157	0.0546409039	0.0116736	-0.0469994195	-0.0255660999	-0.0960993385	-0.0849958628	0.0007526248	-0.0489100304	-0.0037344276	-0.0729583371	-0.0825272034	0.0122525175	-0.1013814055	0.010150266	0.0700188445	-0.0778159976	0.0003659731	-0.0559240799	0.0606178411	0.0275765899	0.0132556359	-0.0140844089	0.0401097745	0.0795529703	-0.0916211031	0.0744445435	-0.0481614706	0.0159869912	0.0181431151	0.0080621514535295	0.0006038013183059	3.645760319879428e-07	6.499828605964784e-05	-0.0471789560511126	0.0231335723285895	0.000535162168682	0.0022258538940728	0.2216439801266432	-0.0636823873282211	0.0040554464558215	0.0491260539263798	-0.0076199891807284	0.0036763755956698	5.806423511441787e-05	1.351573752043721e-05	-0.0015981150915154	0.0001732133951403	2.553971845729276e-06	3.0002880256064335e-08	0.0019929414312107	0.0004398937266837	1.9350649077567398e-07	3.971815548236154e-06	0.0	0.0	0.0	0.0	0.0	0.0	0.0	0.0	0.0	0.0	0.0	0.0	0.0	0.0	0.0	0.0	0.0	0.0	0.0	0.0	0.0	0.0	0.0	0.0	0.0	0.0	0.0	0.0	0.0	0.0	0.0	0.0	0.0	0.0	0.0	0.0	0.0	0.0	0.0	1.0	0.0	0.0	0.0	0.0	0.0	0.0	0.0	0.0
565.6156772884533	0.693502182843531	0.4809452776087423	319921.09439447575	777.3443214998666	2.748342092736152	7.553384258705332	604264.194168088	552.7853141574685	0.2766186075473342	0.0765178540414261	305571.6035481712	591.1685128650369	548.5171528146925	1.22322	23.02449	0.158527246638692	0.1083899254537346	0.0652941527	-0.0161240338	0.0245082517	0.0256777062	0.1075092637	0.0141195081	-0.0258067523	-0.090293605	0.0561135274	-0.0024319775	0.0649039211	-0.0149381899	-0.0278434737	0.0049492702	-0.1270120158	0.0403728163	-0.0333876436	0.0053658063	-0.0480982187	0.0464868609	0.0030941664	-0.065964077	-0.0572091254	-0.0170696097	0.0077704108	0.0378403493	0.0818793147	0.0717251095	0.0341928947	0.0188484771	0.0627498211	-0.0077450589	0.0486454588	0.015741334	0.1159128645	-0.0935763949	-0.0139971979	0.1325361271	0.0502085402	0.0732479192	-0.0476585958	0.0640467435	-0.0229002539	0.0568706424	0.0190360937	-0.0552038443	0.0835811439	-0.0947202859	-0.0227304729	0.0637272956	-0.0007815363	-0.0084137768	0.021214303	0.0796233007	-0.0043986963	-0.0667259833	0.0486017691	-0.0863931656	0.081807787	-0.03804166	-0.0452080247	-0.0663707259	0.0452272594	-0.0972474405	0.0333935241	0.0038357404	0.0179899804	0.0112399026	-0.0055646777	0.0934636353	0.026461	0.0313917656	-0.0346362322	-0.0240220553	-0.0565728354	-0.0708505718	-0.0301328937	-0.0304674195	0.0366492375	0.0795083148	0.0416088964	0.0038710388	0.0546154085	0.0601818644	-0.035929996	-0.1039829423	0.0492299106	-0.0083931495	-0.074745162	0.0162879137	-0.0273773093	-0.0965792241	0.0909734613	0.0073522124	-0.0417847217	-0.0164190224	0.1068536834	-0.0056773999	-0.0763813461	-0.0450711153	0.0387365675	-0.0573986893	0.0186836082	-0.0180951211	-0.0470914561	0.0103639825	-0.0122632882	0.0423394799	0.0279686258	-0.000120193	-0.0426359296	-0.0465812285	0.0230437496	0.0198695088	-0.0205538072	0.0194756187	0.0310850062	-0.0257030693	-0.0180272471	-0.0744744038	0.0372695643	-0.0421043943	0.0321644813	-0.056244166	0.0446659327	0.0032822299	-0.0543006491	0.0752431789	-0.0072292392	0.1092442888	-0.0730134347	-0.0921135811	0.0762989401	-0.0519210142	0.0217158196	0.010926614	0.0016999663566394	-0.0063621850968901	4.047739920709049e-05	2.889885613705836e-06	-0.0414817181262208	0.0056972379248918	3.245851997282546e-05	0.0017207329387032	0.2467529148024283	0.0251089346757851	0.0006304586005528	0.0608870009634944	-0.0095740268210331	-0.0019540376403047	9.166198956986116e-05	3.818263099727562e-06	-0.0018480110744785	-0.0002498959829631	3.4151449313951804e-06	6.244800230109398e-08	0.001769697275656	-0.0002232441555547	4.98379529893312e-08	3.1318284474642683e-06	0.0	0.0	0.0	0.0	0.0	0.0	0.0	0.0	0.0	0.0	0.0	0.0	0.0	0.0	0.0	0.0	0.0	0.0	0.0	0.0	0.0	0.0	0.0	0.0	0.0	0.0	0.0	0.0	0.0	0.0	0.0	0.0	0.0	0.0	0.0	0.0	0.0	0.0	0.0	0.0	0.0	0.0	0.0	0.0	0.0	0.0	0.0	0.0
567.1925643010493	1.5768870125959893	2.486572650493904	321707.4049984	776.1003365267711	-1.2439849730955077	1.5474986132874304	602331.7323569674	553.1945844527778	0.4092702953092839	0.1675021746225485	306024.2482678815	590.4255846123378	549.1117597728238	1.091907	20.552805	0.1874776746462701	0.1326109391255964	0.0086212184	0.0325268833	0.0353557131	-0.0862541934	0.0460687271	0.0071541795	-0.0201917594	0.0090329915	-0.0080005116	-0.1052861415	-0.0839499358	-0.0220621423	-0.0038623187	0.0175720618	-0.0481128214	-0.0318036741	0.009905952	0.0519764339	0.0255196109	-0.0937269907	-0.0773561594	-0.0532723126	0.0382941855	0.1393912983	-0.0270654469	0.0683399923	-0.0401096244	0.0708493036	-0.0301976553	-0.0028995579	0.0002577633	0.0295915359	-0.1053231813	0.0021255142	0.0458990465	-0.0799751903	-0.0782346958	-0.0078904938	-0.0770213656	0.084974507	0.0391155625	0.0779770434	0.0172531891	-0.0208457883	0.0364572579	-0.0170062583	-0.0750365112	-0.1071147627	-0.0271367468	-0.0069236785	0.0155336485	0.0699079033	-0.1077231392	-0.0615571231	-0.0448194389	-0.0141333342	-0.0695756827	-0.0041314063	0.0773415042	0.0264335668	0.0158135742	0.0133182355	-0.0254662769	-0.0087019516	-0.0325975562	0.0031794052	-0.0207396153	0.0311552265	-0.0525760966	0.0039702113	-0.0503056003	-0.0451428526	-0.0495675619	0.001788905	0.0467933723	-0.028399547	-0.1144341797	-0.0795601117	0.0453051964	0.0610511256	0.0305649949	0.0321981794	-0.0213615709	0.1057932561	0.0179872405	0.0667773442	0.0347072902	0.047287498	-0.0107704286	-0.0916944579	-0.0077417673	0.0277844613	-0.0439599347	-0.0697818686	-0.0569671793	-0.0219831249	-0.0040379874	-0.0301227499	0.0921277598	-0.0267929974	0.0789627375	-0.0261712794	0.0984039174	-0.0709400765	-0.0293330365	-0.026429628	0.0946427911	0.026905048	0.0271668622	0.02250155	-0.024394995	0.0044976776	0.0428435292	-0.0221466446	0.0462081641	0.0642852251	0.0113184835	-0.0010123741	-0.0600533187	-0.0526275244	0.0159121865	0.0004877567	-0.0172099005	-0.0306038457	-0.0210077575	0.0031253028	-0.0712758056	0.0155516729	0.0647171263	-0.016676287	-0.0503494764	-0.0925854444	0.0780850388	-0.0555759958	0.027366911	0.0036490069	0.0075390715829257	0.0058391052262863	3.409514984364399e-05	5.683760033247783e-05	-0.040380273906095	0.0011014442201257	1.2131793700485308e-06	0.0016305665207312	0.3074346377650414	0.060681722962613	0.0036822715017113	0.0945160564977222	-0.0117135747010148	-0.0021395478799816	0.0001372078322762	4.577665130734183e-06	-0.0017679676180262	8.004345645230013e-05	3.1257094983892357e-06	6.406954920831267e-09	0.0019472139839669	0.0001775167083109	3.1512181729537195e-08	3.791642299356247e-06	0.0	0.0	0.0	0.0	0.0	0.0	0.0	0.0	0.0	0.0	0.0	0.0	0.0	0.0	0.0	0.0	0.0	0.0	0.0	0.0	0.0	0.0	0.0	0.0	0.0	0.0	0.0	0.0	0.0	0.0	0.0	0.0	0.0	0.0	0.0	0.0	0.0	0.0	0.0	0.0	0.0	0.0	0.0	0.0	0.0	0.0	0.0	0.0
566.6102101107772	-0.582354190272099	0.3391364029274721	321047.1302017791	779.2874795691555	3.1871430423843776	10.157880772619146	607288.9758132469	552.9235454174357	-0.2710390353421417	0.0734621586791987	305724.447076987	589.5234443308441	551.0913953334252	1.291806	24.315483	0.1074720608596593	0.067326239577992	0.0659360453	-0.0101996147	-0.0827299612	0.0144117501	0.0020725302	0.0620109779	0.0012761653	-0.0184447884	-0.0442116929	-0.0524695935	0.0124242052	0.0498832144	-0.0242528525	-0.0019540849	0.0463856127	-0.0096177157	-0.1088866753	0.05312262	0.0458830885	0.00559065	-0.0713366728	-0.1288767888	0.0825548811	0.0209935993	-0.0384943021	0.0216554542	-0.0657509467	-0.0371928214	0.0659209781	0.0622960654	0.0749541184	-0.0348527615	0.0197870156	0.0254178018	-0.0068541037	0.0454797131	0.074018588	-0.0349463091	0.0047172278	-0.1039396744	3.2905e-06	-0.0266006159	-0.085517713	0.0296185243	0.0898361766	0.0697154994	-0.0173394116	-0.1280360711	-0.0333228002	0.0526470548	-0.1392020952	0.0806870115	-0.0636001976	0.0036742798	-0.0282468758	-0.0806161871	-0.0187154378	0.0304211515	-0.0408753002	-0.0382587583	-0.0178421606	-0.0455744046	-0.0087297466	0.0069730865	-0.0930642259	-0.0096874418	-0.041857138	-0.0139561028	0.0005342105	0.10039785	0.0022863494	-0.0183717602	0.066036067	0.0136532736	-0.088991393	0.0047462684	0.0633866583	-0.0297096959	0.0492600078	0.0230308772	0.0236142828	-0.0178555784	-0.0144332204	-0.0032967278	0.0017856367	0.0949349871	0.0509909431	-0.0124597368	0.0281296864	-0.0775872014	-0.0393874604	-0.01618075	-0.0477955144	0.067217039	-0.066541464	-0.0596589061	-0.0582183735	0.161492121	-0.0321946688	0.1288008978	0.0169029271	0.107747485	0.0314115646	-0.0826950249	-0.0670653237	-0.0140935269	-0.0270917537	0.0404765817	0.0178788228	-0.0028521503	-0.021679981	-0.0173217362	-0.034117864	-0.0383810956	-0.0043602121	0.004896711	-0.0704916988	-0.0464703774	-0.0394258798	-0.0831258232	-0.0732142674	0.0582090661	-0.0685259134	-0.0892413213	-0.0353013234	0.0056228774	-0.0077180372	0.0455896286	-0.0354828523	0.0484572281	0.0220816474	-0.0930365874	0.0798012408	-0.0591190548	0.0329200359	-0.0036490069	0.00765624552848	0.0001171739455542	1.3729733516761997e-08	5.861809559237e-05	-0.0602791894540644	-0.0198989155479694	0.0003959668399852	0.0036335806812389	0.2878675531490557	-0.0195670846159856	0.0003828708003691	0.0828677281560244	-0.0105262807568419	0.0011872939441728	0.0001108025865718	1.409666909869638e-06	-0.0019378051488592	-0.000169837530833	3.7550887949452266e-06	2.8844786879450264e-08	0.001947860243964	6.462599971000012e-07	4.1765198385169363e-13	3.794159530015494e-06	0.0	0.0	0.0	0.0	0.0	0.0	0.0	0.0	0.0	0.0	0.0	0.0	0.0	0.0	0.0	0.0	0.0	0.0	0.0	0.0	0.0	0.0	0.0	0.0	0.0	0.0	0.0	0.0	0.0	0.0	0.0	0.0	0.0	0.0	0.0	0.0	0.0	0.0	0.0	0.0	0.0	0.0	0.0	0.0	0.0	0.0	0.0	0.0
567.1691869788446	0.5589768680673615	0.3124551390343964	321680.88665824354	781.9777194716365	2.6902399024810397	7.237390732901192	611489.1537500615	552.923872291495	0.0003268740592829	1.0684665063214617e-07	305724.80854982144	591.4418248846979	551.9179254086	1.32996	25.033651	0.0624301072738722	0.0318031840384738	0.048703797	-0.0411105405	0.146395909	0.0494847934	0.0119132571	-0.0057017217	0.0136708764	-0.1130528895	0.0410648481	0.0368846421	0.0102891929	0.0450448991	-0.0269570768	0.011964617	-0.0912437729	-0.034976582	-0.0526649449	-0.0263411778	-0.042885675	0.0327955209	0.0433082006	-0.0372480995	-0.0699015045	0.0070084454	0.005643343	0.0199028244	-0.0844003104	-0.0126522073	0.0746312124	-0.0487002539	-0.0280218367	0.0150661419	-0.0742909868	0.0414067875	0.0479936848	0.0805497179	-0.0838816157	-0.0256777751	0.0637960075	-0.0328525962	0.0847915707	0.103660121	0.0598405652	-0.0275395402	0.1425848079	0.0029123803	-0.0383014382	0.101724852	-0.0412493477	-0.0019752215	0.0483503355	-0.1497890221	0.1314777458	-0.0125695965	-0.1118538432	-0.0223577027	-0.0135844341	-0.0024627954	-0.0183813892	0.0435739646	0.0564165955	0.1060510056	0.0482592639	-0.0680295758	0.0365527236	0.0254186481	0.0658535631	0.0617859918	-0.0150759592	0.0752078583	0.0600873937	0.0527742608	0.0066851865	-0.06224887	0.0022752316	-0.0036815859	-0.0046952287	-0.0580734785	0.0462611117	0.0987856996	0.1293698669	0.0416497471	-0.0834350313	0.0312805475	0.0423813905	-0.0743572441	-0.0005725317	-0.0881920012	0.0280280516	0.0290650456	0.0697675558	0.0243492116	0.1300550094	-0.042667611	0.0650590922	-0.0630628761	0.0122003389	0.0318278112	-0.0058121066	0.1074234534	0.0196766898	0.0017995646	0.0471485318	0.1146267037	-0.000961822	-0.0513926065	0.0041242264	0.0377269911	0.0260241826	0.022313926	-0.0405048253	-0.0368517224	0.0263521882	0.0217114773	-0.019492203	0.0426146716	0.0069168086	0.0089573196	0.0144671365	-0.0457723873	0.0934869953	-0.0376287107	0.0820303788	0.0195056421	0.1111320456	0.0019527318	-0.0178813781	0.0702039429	-0.0150402206	0.0799322965	-0.1082784126	-0.0934669092	0.0814460099	-0.0625430558	0.0383553157	-0.010926614	0.0030639865215817	-0.0045922590068983	2.108884278643856e-05	9.388013404434323e-06	-0.081489441215055	-0.0212102517609905	0.0004498747797646	0.0066405290295419	0.2701504640142573	-0.0177170891347984	0.0003138952474103	0.0729812732071185	-0.0107230312452815	-0.0001967504884395	0.0001149833990872	3.87107547012206e-08	-0.0019360366503609	1.7684984983000129e-06	3.748237911540654e-06	3.1275869384893995e-12	0.0017681690834782	-0.0001796911604858	3.2288913156733555e-08	3.126421907768138e-06	0.0	0.0	0.0	0.0	0.0	0.0	0.0	0.0	0.0	0.0	0.0	0.0	0.0	0.0	0.0	0.0	0.0	0.0	0.0	0.0	0.0	0.0	0.0	0.0	0.0	0.0	0.0	0.0	0.0	0.0	0.0	0.0	0.0	0.0	0.0	0.0	0.0	0.0	0.0	0.0	0.0	0.0	0.0	0.0	0.0	0.0	0.0	0.0
566.5401064716705	-0.6290805071740806	0.3957422845063985	320967.69224093173	777.4500591477237	-4.527660323912869	20.499708008734785	604428.5944687991	552.7983332642722	-0.1255390272227714	0.0157600473560397	305585.9972597573	590.5584324104277	555.0936269892163	1.496359	28.165762	0.1449300864678211	0.0864970444759661	0.0267262081	0.0739437689	-0.0195730273	-0.1289722328	0.0557812897	0.001201988	-0.009056081	-0.0184713809	0.0305856351	-0.0618698751	-0.1323911843	-0.0564573949	-0.0497281106	0.0345389443	0.000535545	0.0286915173	-0.0534940715	0.0629553775	0.0026147339	0.0145043749	-0.0448536167	0.103234441	-0.0841581965	0.075789901	0.0374105935	0.0608652793	-0.0075187383	0.1424394836	0.0739095438	-0.1258066657	0.0400059773	0.040569879	-0.0439564449	-0.1022803956	-0.0922807278	0.0311033736	-0.0268179705	-0.0413938601	-0.0845032716	-0.079807131	0.0357584615	-0.003972175	0.0126394933	0.0347061375	-0.0926359566	-0.0562836663	0.0376251652	0.0316593229	0.0218703836	-0.0848084286	0.0188074238	0.0480448472	-0.0232384668	-0.0350049536	0.0148223667	0.0324302646	-0.0476494637	0.0115422443	0.0225356248	0.089982376	0.0331302824	0.0950643165	0.1584786819	-0.0216109266	-0.0056919879	0.0550908584	0.0020908204	0.0436481329	-0.0427105972	-0.0203641807	-0.064254892	-0.0375403078	0.0042285099	-0.061828923	-0.0479021261	0.0659205812	-0.0558486362	-0.0161347973	-0.0440418858	0.0457492188	-0.0703280451	0.0980689538	-0.0645970444	-0.0511310016	0.032507315	0.0515356821	-0.0036340841	0.1786136961	0.0494209893	-0.0182296814	0.0164217224	-0.0397050354	-0.0746669716	-0.0062968552	-0.0454033686	0.006333643	0.0580510645	-0.030936903	0.0536763027	0.0366159975	-0.0306084548	0.0143902265	0.037180672	0.031699975	0.0894052444	-0.1291780143	-0.061692505	0.0290473546	0.0297032806	0.0472322657	-0.0136236091	-0.0028361414	0.0500011207	-0.0161444981	0.0282893529	0.0531191054	0.0296808731	0.0235360945	-0.0026620494	-0.0945901682	0.0410207502	0.0983948846	-0.0427026405	-0.0502030353	-0.0060273487	0.0599340312	-0.00655705	-0.0654781254	0.0680875274	-0.058073773	-0.0994588983	-0.0938763134	0.0830178738	-0.0658411035	0.0436532934	-0.0181431151	-0.0007920215539627	-0.0038560080755444	1.4868798278663626e-05	6.272981419414901e-07	-0.0769008824345007	0.0045885587805542	2.1054871682601912e-05	0.0059137457192048	0.3078005603715397	0.0376500963572823	0.0014175297557126	0.0947411849650338	-0.0121008347156838	-0.0013778034704023	0.0001464302008162	1.898342403052624e-06	-0.0015188502344121	0.0004171864159488	2.306906034573691e-06	1.7404450565220526e-07	0.0019498876622159	0.0001817185787376	3.302164185844963e-08	3.8020618952617873e-06	0.0	0.0	0.0	0.0	0.0	0.0	0.0	0.0	0.0	0.0	0.0	0.0	0.0	0.0	0.0	0.0	0.0	0.0	0.0	0.0	0.0	0.0	0.0	0.0	0.0	0.0	0.0	0.0	0.0	0.0	0.0	0.0	0.0	0.0	0.0	0.0	0.0	0.0	0.0	0.0	0.0	0.0	0.0	0.0	0.0	0.0	0.0	0.0
565.8209727583907	-0.7191337132798026	0.5171532975755972	320153.37321325147	779.7927370492713	2.342677901547632	5.488139750399614	608076.7127547939	552.503793383957	-0.294539880315142	0.0867537410960581	305260.4417036623	590.8407853705205	549.7048069443058	1.907787	35.910004	0.5585238808240054	0.3903506058826961	0.0861794625	-0.0381630668	-0.0462683243	0.0280526203	-0.0103166447	0.1175308117	-0.0036552149	-0.0452105777	-0.0204004131	-0.0679304794	0.0568239244	0.1595335733	-0.0249148244	0.1135449867	-0.0674939699	0.0025394851	-0.1093240648	-0.2233382628	0.099778594	-0.1469609323	-0.0032792314	-0.007030385	0.2365093825	-0.047514654	-0.305046882	-0.0102228161	-0.0035433043	-0.1258207992	-0.0153087989	0.0791304146	-0.0298797038	-0.052318227	0.026504082	0.1126660259	-0.121506395	0.1211654546	0.0077670495	0.1092501476	0.0536077236	0.1845278239	0.0121812947	-0.0010962536	-0.0659273593	-0.0981110075	-0.1340615114	0.0587442776	0.0920130104	-0.0092687318	-0.0538421902	-0.08318157	0.109218441	-0.0523484945	-0.1527533997	0.0408932896	-0.0137361072	0.0224627263	-0.0202555339	0.0832624345	-0.0186728135	-0.034582622	0.0244695617	-0.0116890977	0.0099883326	-0.0706732967	-0.0183468164	-0.0485305394	-0.0635002244	-0.026551183	0.083601742	0.2104816818	-0.2061461257	-0.0918538356	0.0839505673	-0.0015462329	0.388347451	-0.1818235815	0.2882625968	0.2475825246	-0.0136443608	-0.1475721139	-0.0928479908	-0.1139532308	0.0439398404	-0.0798308982	0.2531807583	0.0132068918	0.080790147	-0.0737533972	0.0598375719	-0.0525914594	0.0834851234	0.0465656565	0.1263397566	-0.0456451682	-0.106506792	0.1118129001	0.0440003793	-0.057353869	0.0161284528	-0.0397496998	0.1008167089	0.0093537833	-0.0178212317	-0.0530791746	0.0089859349	-0.0296407826	0.0737934938	0.0083943604	0.0572707925	0.1164989376	0.0679515066	0.0399302095	0.0132326469	-0.1584111534	0.0482394467	-0.4370304043	0.0333561292	-0.0276147597	0.4088049341	0.3329850944	-0.2437839753	-0.0815884517	-0.002888749	0.4193650029	-0.1845278653	-0.1052844518	-0.1023930114	-0.0049259122	-0.0072775945	0.1414936757	-0.0687181798	-0.0942647084	0.0845154255	-0.0690065559	0.0487950036	-0.0252581525	-1.8187458280749524e-05	0.0007738340956819	5.98819207639902e-07	3.3078363871400443e-10	-0.1215554851588365	-0.0446546027243358	0.0019940335444682	0.0147757359722001	0.285026631229492	-0.0227739291420476	0.000518651848567	0.0812401805100328	-0.0138083807273922	-0.0017075460117084	0.0001906713783126	2.9157133821012653e-06	-0.0024168819863958	-0.0008980317519837	5.841318536164509e-06	8.064610275709141e-07	-0.0052509648713308	-0.0072008525335467	5.185227720988594e-05	2.757263207995009e-05	0.0	0.0	0.0	0.0	0.0	0.0	0.0	0.0	0.0	0.0	0.0	0.0	0.0	0.0	0.0	0.0	0.0	0.0	0.0	0.0	0.0	0.0	0.0	0.0	0.0	0.0	0.0	0.0	0.0	0.0	0.0	0.0	0.0	0.0	0.0	0.0	0.0	0.0	0.0	0.0	1.0	0.0	0.0	0.0	0.0	0.0	0.0	0.0
565.9652904780502	0.1443177196595115	0.0208276042077213	320316.7100259037	779.1111007445309	-0.6816363047404366	0.4646280519401973	607014.1073033545	552.4854118277174	-0.0183815562396603	0.0003378816097917	305240.1302824425	591.3925737869284	545.9264781574091	1.494976	28.13973	0.2966205437189749	0.2720381697833341	0.0739614923	-0.0170908889	0.0610292924	0.0412459853	0.0239158899	0.0338585756	-0.0107429654	-0.10591052	0.0081404209	0.0018718882	0.0504828723	0.051452273	-0.0718451098	0.0126979563	-0.054794574	0.0601423954	-0.0306928381	-0.1503592712	-0.0140692548	0.0064293191	-0.0285222861	0.0439635196	-0.0779029262	0.006317733	-0.0321228153	0.008884002	-0.0683298066	0.0126275873	-0.0296815577	-0.0122964205	-0.0212743724	0.0265836118	-0.0908990427	-0.1302819225	0.0608526444	0.0487960605	0.0523669868	-0.0433377774	0.0757631725	0.0709424992	-0.0486810643	-0.0279381026	0.0501764529	0.068378141	-0.1077731917	-0.0390430496	0.0545572467	0.0379808886	0.0080316222	0.0846942547	0.0534342469	-0.0631771059	-0.1406282731	0.0244137185	-0.0114844056	-0.0923876002	0.0691676641	-0.149035909	0.0184728716	0.0510443203	0.0935355987	-0.0330084721	0.0069508346	-0.1035234087	0.0142499451	0.0043197159	0.0062404758	-0.0021011278	0.0343761923	0.0662550597	0.0315946324	0.0409362951	0.0231811107	-0.1130575235	0.0619747774	-0.0893221253	-0.0504713509	0.0292555904	0.0060315064	0.0205882218	0.0419472423	0.0620842314	-0.0230772871	0.0043714986	-0.0146270639	0.031165295	-0.1131269221	0.0384364625	0.0681397662	-0.0162488979	0.0396035825	0.0189328157	0.0522009849	0.0205761217	-0.0739745685	-0.0506720326	0.1026031927	-0.0801991709	0.0539689553	-0.0214660043	-0.0939889452	-0.0927216044	-0.1220368088	0.0353244948	0.0291245349	0.1678094459	0.0241134548	0.0353541587	0.0543980607	0.0864311983	0.0115597662	0.0182465977	0.011186914	-0.0822645057	-0.02950169	-0.0543009455	0.049879787	0.0115050636	0.0557166463	0.0591989088	-0.0153984137	-0.0391031043	0.084857781	0.0153998721	0.0402368777	-0.0076048201	-0.0026361608	0.0062639665	-0.0326793783	0.0420852918	0.0011210237	-0.0946320074	0.0859373244	-0.0720330383	0.0537620404	-0.0322319361	0.005131678833834	0.0051498662921147	2.652112282665972e-05	2.633412765361988e-05	-0.1068113660476086	0.0147441191112279	0.000217389048366	0.0114086679169562	0.2886869979011166	0.0036603666716246	1.3398284170740265e-05	0.0833401827571593	-0.0136564568120871	0.0001519239153051	0.0001864988126604	2.308087604163144e-08	-0.0023384753443462	7.840664204960017e-05	5.468466936115079e-06	6.147601517494129e-09	-1.997159580534747e-05	0.0052309932755254	2.7363290648592507e-05	3.988646390121727e-10	0.0	0.0	0.0	0.0	0.0	0.0	0.0	0.0	0.0	0.0	0.0	0.0	0.0	0.0	0.0	0.0	0.0	0.0	0.0	0.0	0.0	0.0	0.0	0.0	0.0	0.0	0.0	0.0	0.0	0.0	0.0	0.0	0.0	0.0	0.0	0.0	0.0	0.0	0.0	0.0	0.0	0.0	0.0	0.0	0.0	0.0	0.0	0.0
567.4065864725095	1.441295994459324	2.077334143644492	321950.2343723854	781.7454622567418	2.634361512210944	6.939860577018332	611125.9677590069	553.0557458510093	0.5703340232919345	0.3252808981243649	305870.6580188162	590.6688209976131	556.112400956809	1.025463	19.302139	0.1252634086590511	0.0606232968058345	0.0345857184	0.0472711224	0.0196557169	-0.0483903803	0.0198864145	-0.0070123151	0.0312466748	-0.0142936748	-0.0596128133	-0.1071546519	-0.0916353144	0.0242644425	-0.0477740628	0.0035922333	0.0002042066	-0.0553122121	-0.0104417905	-0.0253307305	-0.0237118759	0.0006292655	-0.0645586574	0.125896122	0.0857376911	-0.1111582056	0.123063632	-0.0648821627	0.0932262458	-0.0514208336	0.078630113	0.0443624977	0.0475539223	-0.0788997246	0.0548231387	-0.0567503861	0.0826550515	0.0273319915	0.0437424192	-0.0098946281	0.0125553219	-0.0371532757	-0.0922593379	0.0650135648	-0.0570280663	-0.0085885985	-0.0392693658	-0.0232273704	0.0360554784	-0.0422982656	0.0512186881	0.09551559	0.0783718283	0.1203827497	0.0370427218	0.0601686068	0.0060252092	0.0193422647	0.0090772885	-0.067067468	-0.0791443465	0.0057008155	0.035503154	-0.0185353109	0.0233534562	-0.0230352688	-0.0818480586	-0.0096256653	-0.0007414262	0.0257383685	-0.0695659098	-0.0468151864	-0.0468347815	0.012758192	-0.0103081984	-0.0254231213	0.0517745727	-0.0469654206	0.0180243646	0.030550442	-0.0513807718	-0.0218351941	-0.0375431404	0.0682091041	0.0613493262	-0.0409747102	-0.1278336242	-0.1263076219	-0.0544121031	-0.0601598808	0.0790561676	-0.0456554407	-0.1559669546	-0.0649221207	-0.1209557878	0.0611361785	-0.0337980852	-0.0460179516	0.0131318432	0.0440777213	0.0442754392	-0.062534011	-0.0778839085	-0.0339774581	-0.0043430977	-0.0215177089	-0.0658084137	0.0136500656	-0.0278753412	0.0365983335	0.0511295063	0.0958065319	-0.0036848403	0.0282173427	0.0300617065	-0.0588156552	-0.016771683	-0.0047115136	0.0651937735	0.0595483668	-0.0044302567	0.0247896166	-0.0019583993	0.0254930104	0.059904954	-0.0517438758	-0.0276688203	0.0118506436	-0.0025329538	-0.045851029	0.0486601906	-0.0456945232	-0.0130423137	-0.094978128	0.0872822977	-0.0749144558	0.0585366231	-0.0390254656	0.0059516145504687	0.0008199357166347	6.722945794132596e-07	3.5421715757350747e-05	-0.096158673640275	0.0106526924073336	0.0001134798555252	0.0092464905162569	0.2729830116541762	-0.0157039862469404	0.000246615184044	0.0745197246517841	-0.0144208770157316	-0.0007644202036445	0.0002079616939028	5.843382477398998e-07	-0.0018686972844261	0.0004697780599201	3.4920295408214803e-06	2.206914255822931e-07	0.0007075660263929	0.0007275376221982	5.293109917138798e-07	5.006496817054381e-07	0.0	0.0	0.0	0.0	0.0	0.0	0.0	0.0	0.0	0.0	0.0	0.0	0.0	0.0	0.0	0.0	0.0	0.0	0.0	0.0	0.0	0.0	0.0	0.0	0.0	0.0	0.0	0.0	0.0	0.0	0.0	0.0	0.0	0.0	0.0	0.0	0.0	0.0	0.0	0.0	0.0	0.0	0.0	0.0	0.0	0.0	0.0	0.0
568.1060163535474	0.6994298810378723	0.4892021584886522	322744.44581709703	786.908665545973	5.163203289231205	26.65866820592794	619225.247911344	553.803882773863	0.748136922853746	0.5597088553370719	306698.74057540664	591.1537338429496	552.4635248905299	1.040313	19.581665	0.1546095078859807	0.0844763356520309	0.0614089766	0.0394439291	-0.0496484429	0.0644319003	-0.0343929479	0.0374964193	0.0583565344	-0.0682378765	-0.1053897953	-0.0151398298	0.0951433115	0.0703202172	-0.0019082897	-0.0044317676	-0.0043094572	-0.0667938174	-0.124731325	0.0028507141	0.0455769953	-0.093242084	-0.0641957912	-0.0959465928	0.0339906995	0.0480275858	0.0791527177	0.0663164021	0.1798643518	-0.0823868939	0.0066122386	0.1183837144	0.1292207105	-0.0300208344	0.0114749474	0.0733812185	-0.0041791092	0.0665109467	0.0747639672	0.0244201737	-0.063290091	0.0405260884	-0.1379316493	0.0734274891	0.0472062858	0.0770168815	-0.069297515	0.0099268886	0.0403047665	0.0068983935	0.0285672364	-0.0201662062	-0.0658546122	0.0070513437	0.0689188884	-0.0067860605	-0.0732920334	0.0133980965	0.0709419452	-0.052837578	0.0404671206	-0.0681761058	0.0399928307	0.0028930596	0.215807228	-0.0398026701	-0.0953161017	-0.0793113991	-0.0087728828	0.0116687462	0.0014208421	0.1156140705	-0.0315549802	0.0798957614	-0.0733395164	0.0560758767	-0.0467019974	-0.0408538054	-0.041174501	-0.0657341088	0.0158528437	-0.014837167	-0.0786240228	-0.0433521881	-0.0441916891	0.0416489002	0.0467216399	-0.1309476318	0.0021670219	-0.0906153319	0.1120462884	0.0276508986	-0.057043047	-0.1157236742	0.027096373	0.0430812145	-0.0648186699	-0.0716658935	-0.0317137852	0.1105050417	-0.0228089923	-0.1025182118	-0.0485133743	-0.1047608845	-0.1090609398	-0.0209056039	0.0013874331	0.0751085783	0.0826371396	0.0575611418	0.0545998951	0.0896796554	0.0265976574	-0.0115050358	-0.0514713777	-0.0561884392	0.0940976546	-0.0096634096	0.015937439	0.0235730366	0.0160513445	0.0699411316	-0.106334031	-0.0135900412	-0.0098536609	-0.0398031612	-0.011075406	0.0035785058	0.0668493197	-0.0133142614	-0.0192785696	-0.0285249781	0.0287359809	-0.0953029929	0.0885491416	-0.0776450055	0.0631016598	-0.0456007488	0.0215410602365864	0.0155894456861177	0.0002430308168004	0.0004640172761162	-0.1074696486452637	-0.0113109750049887	0.0001279381555634	0.0115497253799364	0.2289001334987119	-0.0440828781554643	0.0019433001464695	0.0523952711157281	-0.0131786864215234	0.0012421905942082	0.0001736777757968	1.5430374723393227e-06	-0.0022293031706066	-0.0003606058861805	4.96979262647664e-06	1.300366051480239e-07	0.0006378383259934	-6.972770039950001e-05	4.861952203002434e-09	4.068377301060628e-07	0.0	0.0	0.0	0.0	0.0	0.0	0.0	0.0	0.0	0.0	0.0	0.0	0.0	0.0	0.0	0.0	0.0	0.0	0.0	0.0	0.0	0.0	0.0	0.0	0.0	0.0	0.0	0.0	0.0	0.0	0.0	0.0	0.0	0.0	0.0	0.0	0.0	0.0	0.0	0.0	0.0	0.0	0.0	0.0	0.0	0.0	0.0	0.0
567.5710639959252	-0.53495235762216	0.2861740249255073	322136.91268546664	784.4840813449109	-2.424584201062089	5.878608548039889	615415.2738835688	553.5900007475407	-0.2138820263223806	0.0457455211837675	306461.8889276621	592.5356687899189	552.7849420825768	1.41274	26.591801	0.1056808600934033	0.06824173522295	0.0445404584	0.0660099535	0.169466888	-0.0470967139	-0.0577605148	-0.0356053178	0.0288119312	-0.1333303689	0.0006605244	0.0916263253	-0.0257985217	0.0081048905	-0.0414779391	-0.0824542967	-0.1047878162	-0.0188942484	0.0162327958	0.0510748975	0.098861252	0.0735750022	0.0312579901	-0.0390895515	-0.0422686953	0.0052827395	-0.0389429156	0.0565961525	-0.0193989726	-0.0123006833	0.0063364854	-0.0771196425	-0.031978864	0.0756515512	0.0066135183	0.0601761017	-0.1016284498	0.0054284988	-0.0888303242	-0.0368703577	-0.0370297638	0.0026285474	-0.0341227325	0.0381191805	0.0674449264	0.0469099055	0.0168283551	0.0312306761	-0.0259836149	0.0115368761	0.0754335099	0.076904894	0.1562859506	0.0988168784	-0.0735241153	-0.0692485534	-0.0141600233	0.0449824845	0.1075373242	-0.0486817917	0.0157424314	-0.1026011526	-0.0150507343	-0.0659131289	-0.1301810292	-0.0986448936	0.0323758438	-0.0043245427	0.122919165	0.0153572552	-0.1144867496	-0.0165367923	0.0367697113	0.0521543054	0.1357717929	0.0124147782	0.0255490442	0.0415061562	-0.0736351035	-0.0084826747	0.0262476335	0.0644180904	-0.053120404	-0.0871104788	-0.0356136559	0.0050183455	0.0906632938	0.0215802463	-0.0026845514	0.046912204	0.0337378092	0.0423496427	0.042686003	0.0163255075	-0.0278123139	-0.0229801069	-0.0100353443	-0.0672287342	-0.0693377057	-0.0109645321	-0.0625854784	-0.0496229407	0.0021507202	-0.083763725	0.0108012024	-0.022499961	0.0132606515	0.0624792249	0.0467249973	0.0686481549	0.0560014334	0.0844476206	0.0001987435	-0.0421076609	-0.0703216083	-0.0149528051	-0.0645586472	-0.0225099457	0.052086773	0.0394977792	0.0345284829	-0.0287025072	-0.0556643428	0.0285700782	0.1874445638	0.0029155327	0.0541715757	0.042388082	-0.0757040114	-0.0229815483	-0.0619321022	-0.0540411506	0.0561592522	-0.0956065293	0.089736722	-0.0802191885	0.067440809	-0.0519210142	0.0229417375679616	0.0014006773313752	1.961896986628355e-06	0.0005263233226372	-0.1251298804477443	-0.0176602318024806	0.0003118837873173	0.0156574869808667	0.1706602067568994	-0.0582399267418125	0.0033918890668916	0.0291249061703076	-0.0126765955130809	0.0005020909084425	0.0001606960738022	2.520952803406152e-07	-0.0022529006351788	-2.359746457219992e-05	5.075561271989041e-06	5.568403342362304e-10	0.0006797504373334	4.1912111340000006e-05	1.756625076976557e-09	4.620606570549485e-07	0.0	0.0	0.0	0.0	0.0	0.0	0.0	0.0	0.0	0.0	0.0	0.0	0.0	0.0	0.0	0.0	0.0	0.0	0.0	0.0	0.0	0.0	0.0	0.0	0.0	0.0	0.0	0.0	0.0	0.0	0.0	0.0	0.0	0.0	0.0	0.0	0.0	0.0	0.0	0.0	0.0	0.0	0.0	0.0	0.0	0.0	0.0	0.0
567.3099023092869	-0.2611616866382746	0.0682054265677483	321840.5252581727	778.9026953455914	-5.5813859993195365	31.151869673400142	606689.4088166271	553.6273820859576	0.0373813384169352	0.0013973644618414	306503.2781953509	591.337054898749	569.3843292829455	1.663955	31.320391	0.0504357225162166	0.0301513100102167	0.0893879595	0.0991032429	-0.104681085	-0.0529548598	-0.0003492242	0.0197893457	-0.0182386146	-0.0476571416	-0.0369708549	-0.0468495891	-0.0660130954	0.044371938	-0.0220759219	-0.0322434168	-0.0689236103	-0.0442387472	-0.0228773649	0.0668208164	0.0251452982	-0.0239231022	-0.0873949883	0.1465109201	-0.007736905	0.1233883218	0.0046056112	-0.0026644263	-0.0454228549	-0.0199967839	-0.0030365841	0.1107724312	-0.1185612373	0.0839065625	0.1910647281	0.0421824534	-0.0217224084	0.069586509	-0.0996754723	0.023804619	-0.0143647146	-0.0042318963	-0.0127618813	0.0100636839	-0.0385972516	0.0195548432	0.0582626512	-0.1549936983	-0.020275183	-0.0335829798	-0.1974238291	-0.1611614456	-0.1262323608	-0.0957969451	-0.0268433086	0.0253976702	0.0808863755	0.0502398607	0.0262632823	0.0257868219	0.0136859635	0.0233597542	0.0332046849	0.108948747	0.046831527	-0.0620369034	-0.0338035866	-0.0155249695	0.0283561442	-0.0135677652	-0.0815226846	0.0055788195	-0.1129771185	0.023224256	-0.0269784387	0.0362398783	-0.1000481875	0.0160210114	0.0180993117	0.0835775729	0.0068934373	-0.0152448248	-0.038962416	0.0755879419	0.0415765094	0.0943883741	0.1675540137	0.0581400292	-0.0687654767	0.0102289767	-0.143972271	-0.0672359405	-0.0359745246	-0.0612607343	0.0656139856	-0.0012399917	0.2124605613	0.0004800956	0.0636484056	-0.0242730487	-0.0356960046	0.0028171583	-0.0231670913	-0.0142383262	0.1188537986	-0.1201157638	-0.0144338457	0.0376924591	0.0852199627	0.0762229914	0.0589694647	0.0750265785	0.0242059162	-0.0492548094	-0.0422778861	0.0005946341	0.0616851357	0.0217650538	0.0804863894	0.0302533627	0.0387603221	0.0102478289	-0.0920038064	0.0535857551	0.0155457317	-0.0604637646	-0.1506933379	0.061046051	0.002106495	-0.0336449936	0.0174552122	-0.0589482751	0.0498672187	-0.0958886693	0.0908439759	-0.0826318208	0.0715385375	-0.0579509162	0.0232199858580059	0.0002782482900442	7.742211091257656e-08	0.0005391677432459	-0.109723787108777	0.0154060933389673	0.0002373477119689	0.0120393094574922	0.1780336201959045	0.007373413439005	5.436722574250069e-05	0.0316959699200595	-0.0122226176314774	0.0004539778816034	0.0001493923817653	2.060959169852013e-07	-0.0021999891934236	5.291144175520023e-05	4.839952451180622e-06	2.799620668613946e-09	0.0006390804117281	-4.067002560530003e-05	1.6540509827357596e-09	4.084237726545578e-07	0.0	0.0	0.0	0.0	0.0	0.0	0.0	0.0	0.0	0.0	0.0	0.0	0.0	0.0	0.0	0.0	0.0	0.0	0.0	0.0	0.0	0.0	0.0	0.0	0.0	0.0	0.0	0.0	0.0	0.0	0.0	0.0	0.0	0.0	0.0	0.0	0.0	0.0	0.0	0.0	0.0	1.0	0.0	0.0	0.0	0.0	0.0	0.0
566.4496826361976	-0.8602196730893183	0.7399778859698938	320865.242958649	779.2682675587604	0.3655722131690027	0.1336430430412827	607259.0328240318	553.3296586132924	-0.2977234726652114	0.0886392661758328	306173.7111011027	591.037720913597	545.8609625000796	1.519189	28.595472	0.2241662849519817	0.1097557452789178	0.0981781967	0.019095502	0.0690818229	0.0870128349	0.0414153357	0.0394573235	-0.0207351314	-0.0825205861	0.0188969521	-0.0519899403	0.0445875273	0.1133784738	-0.0442409937	-0.004425861	-0.1207733207	-0.0681958488	-0.0411270491	-0.097032445	0.0425457128	-0.1104519102	0.0450611446	0.1010079618	-0.0286979471	-0.0861551628	0.0545732026	-0.0409721547	0.0071247347	0.0711601607	-0.1093140581	-0.0641435226	-0.0139880818	-0.0546454337	-0.08069707	-0.007363742	-0.0163933716	-0.1524206848	0.0273306601	0.0848155624	-0.0167944687	0.0354249105	0.0748154329	0.0122912419	-0.0546593813	-0.0546595365	-0.1611190629	-0.0276622858	-0.0321111889	-0.0257635686	-0.0109769408	-0.051711247	-0.0129996989	0.0591944605	0.1062466718	-0.0550172149	-0.1582240846	0.0154230563	0.0398058014	0.0839292517	0.0332999325	0.0292055711	-0.0518981123	-0.0074221894	-0.0261341869	-0.0772317425	-0.0120694233	-0.0011561494	0.0381738858	-0.009048979	0.0304331965	0.1277260111	-0.0317736104	0.0420163988	-0.1462193111	0.0502099223	0.0882647878	0.0625646742	-0.0417249652	-0.0316501352	-0.0050482871	-0.0546052215	-0.0397055275	0.0337287054	0.0466575321	-0.0727128393	-0.1870060348	0.0477543748	-0.0333756984	0.0683194847	-0.0076565874	0.1612151879	-0.0228024071	-0.0037299564	-0.0222039114	-0.0556765554	0.0818340842	-0.0430891143	-0.0340939577	-0.0935294915	-0.0057847604	-0.1542620257	0.0073957805	0.0200611635	0.0269561054	-0.0069044185	-0.0661771732	-0.0608162863	0.1172806284	0.0719033342	0.0553908112	0.0667614043	-0.020881649	-0.0700238523	-0.0444056631	-0.0175373886	-0.0164260308	-0.0213750672	-0.0065875442	-0.00923094	0.0511849418	0.0539864961	0.0453965462	-0.0347298042	0.0337319316	-0.0392551963	0.0563009443	0.0576725507	0.1246770438	0.0186017231	-0.0620472855	-0.0227198931	0.0959323591	-0.0961493498	0.0918699121	-0.0848780435	0.0753801767	-0.0636567332	0.0028385597065465	-0.0203814261514594	0.0004154025319673	8.057421207629354e-06	-0.0923743134946306	0.0173494736141464	0.0003010042346879	0.0085330137936042	0.2298129575644054	0.0517793373685009	0.002681099778321	0.0528139954644992	-0.0106559121451932	0.0015667054862842	0.000113548463646	2.454566080753012e-06	-0.0031963083144921	-0.0009963191210685	1.0216386841291329e-05	9.92651791006709e-07	0.0005089840627233	-0.0001300963490048	1.6925060024378727e-08	2.5906477610631614e-07	0.0	0.0	0.0	0.0	0.0	0.0	0.0	0.0	0.0	0.0	0.0	0.0	0.0	0.0	0.0	0.0	0.0	0.0	0.0	0.0	0.0	0.0	0.0	0.0	0.0	0.0	0.0	0.0	0.0	0.0	0.0	0.0	0.0	0.0	0.0	0.0	0.0	0.0	0.0	0.0	0.0	0.0	1.0	0.0	0.0	0.0	0.0	0.0
567.3147565446551	0.8650739084574752	0.7483528670938923	321846.0329933213	779.2991170615078	0.0308495027474009	0.0009516918197618	607307.1138528456	553.0627888670755	-0.266869746216912	0.071219461445879	305878.4484294273	590.0789390358932	551.8469173159208	1.088217	20.483355	0.3822926674476034	0.1791883398703879	0.0599130175	0.0476468697	0.0387023233	-0.0356997234	-0.0088621797	0.002706613	4.8628e-06	-0.0586520833	0.0585993204	-0.0075922023	-0.0543718995	0.0535075395	-0.0748075117	-0.0418789322	-0.0383923768	0.0056977457	-0.0815929673	0.0019688536	0.0408751593	0.0264860882	0.0217374735	0.0347909301	0.0379225101	-0.048738799	0.0426196256	0.0606686218	-0.0187391403	0.075384432	-0.0261477829	-0.042054472	0.0223398458	0.0338621967	0.1229388029	-0.0746028486	-0.083577115	-0.0606125114	0.0707750782	0.0509416164	0.0393153307	-0.1169353337	-0.0353427983	-0.0794927082	0.0204745512	-0.0825873341	-0.0516549032	0.0648353834	0.0058885898	-0.0102134266	-0.0357840546	-0.0593444152	-0.1323536502	0.0501360359	-0.0095892081	-0.2264547354	0.0117842773	0.0967942026	0.1104573074	-0.04479572	-0.0216959383	-0.1162745984	-0.0802196282	0.0192522115	-0.0321732546	-0.0002711495	-0.0417181965	0.0919775913	0.0587458447	-0.013288555	-0.0431975985	0.0274331517	-0.0282379392	0.0010204348	0.0514176384	-0.0286523096	0.0016802915	0.018201495	0.010492419	-0.0241613517	-0.0105612477	-0.0449532929	-0.0975350386	-0.0272926929	0.0298677208	0.0007408355	-0.0512020661	0.0882898932	-0.074108845	0.078657211	-0.0076583164	0.0302496808	-0.0657094717	-0.0320331157	0.0077975478	-0.0331019566	0.0245816338	-0.0340840978	-0.0356599694	-0.0901609581	-0.0802672118	-0.0647358635	-0.0525687019	0.1695504976	-0.1141474695	0.0185140336	0.0411395929	-0.0798244472	-0.0493586469	0.0593639979	0.0498398401	0.0736158676	-0.0149458604	-0.0042804884	-0.0190596936	-0.0778509823	0.0186993992	0.022081409	0.0139077284	0.0137858159	-0.0305487781	0.0042672263	-0.0721096637	-0.0281141682	0.0502866229	-0.0453673785	0.0217362013	0.0311126125	-0.0241662874	-0.0392404447	0.0167497784	-0.0985606775	0.0631110612	-0.0963885124	0.0928136124	-0.0869533332	0.0789519744	-0.0690065559	0.0240992641526105	0.021260704446064	0.0004520175535428	0.0005807745326972	-0.0459839108253419	0.0463904026692887	0.0021520694598187	0.0021145200547929	0.284700403815691	0.0548874462512856	0.0030126317559877	0.0810543199328175	-0.0133155819554806	-0.0026596698102874	0.0001773047228131	7.073843499754221e-06	-0.0017210237271734	0.0014752845873187	2.9619226694938214e-06	2.176464613580107e-06	0.0015691119467365	0.0010601278840132	1.123871130462305e-06	2.4621123013912087e-06	0.0	0.0	0.0	0.0	0.0	0.0	0.0	0.0	0.0	0.0	0.0	0.0	0.0	0.0	0.0	0.0	0.0	0.0	0.0	0.0	0.0	0.0	0.0	0.0	0.0	0.0	0.0	0.0	0.0	0.0	0.0	0.0	0.0	0.0	0.0	0.0	0.0	0.0	0.0	0.0	0.0	0.0	0.0	0.0	0.0	0.0	0.0	0.0
567.8922788352993	0.5775222906441968	0.3335319961909201	322501.6403607493	781.6130250984406	2.313908036932844	5.354170403382407	610918.9210035356	553.3769690137391	0.3141801466636025	0.0987091645575627	306226.06983483274	591.5277489388343	553.8456114300777	0.928347	17.474138	0.1256915825090821	0.0680564905432956	0.0775207385	0.0378118437	-0.015859037	0.0227217678	-0.0182670175	0.0275779875	0.011605932	-0.0754698643	-0.0711545872	-0.0609865355	0.0092839199	0.1202039921	-0.0649469597	-0.0461355831	-0.0390549709	-0.0303152837	-0.0087382963	-0.0289832734	0.0552374847	0.0200162404	-0.124707989	-0.0673646402	0.0445846032	-0.0352623242	0.052601688	0.0159317995	-0.0985564877	0.0060264837	-0.0588260586	-0.017125607	-0.061235882	-0.0989226995	0.0184232125	-0.0128735289	-0.0385410817	-0.0473921635	-0.0180226395	-0.0394257035	-0.0244985969	-0.0123574334	-0.0130722645	0.0266698599	0.0534807522	-0.0127421595	-0.0219549513	0.0953089346	-0.002797996	-0.0656279014	-0.0422083762	0.1118001792	-0.0476486923	0.0956275363	0.1579812046	0.1208881082	-0.0369797809	-0.0398947976	-0.0637017688	0.0816393085	0.0256480505	-0.0786792841	0.1193365191	-0.0370142768	-0.0052965887	-0.0810422985	-0.0715261636	-0.046599878	-0.0115444965	-0.0447252106	-0.0352272625	0.0290430842	-0.0562819141	0.0715498818	-0.0102857986	-0.0023955399	-0.0465621658	-0.0082907422	-0.0099547791	-0.0363158158	-0.0072666384	0.0403261477	0.052529468	-0.0497869535	0.0179129961	-0.0100550076	-0.0567681932	0.1087514553	0.0159010321	-0.0143889231	0.0655928726	0.0441744335	0.0526262282	0.0762272913	-0.0827539716	-0.0471961525	-0.0410832601	-0.1084354802	-0.0397379123	-0.0280092277	-0.0208128373	-0.0674809199	-0.0095195458	0.0058150821	-0.0212292087	-0.1120972494	-0.1725440961	-0.0283508814	-0.0096496104	0.0527659558	0.0387542356	0.0688491526	-0.0249289385	-0.010374621	-0.0211614577	-0.0569781055	-0.056114689	-0.0124976481	-0.0195711678	0.0045012823	-0.0243473146	0.0009715864	-0.0263634322	-0.0178833122	0.021991268	-0.0641890017	0.0123190889	0.0034434625	0.0466148925	-0.0101157554	-0.0409151762	-0.010340023	0.0935617529	-0.0966061036	0.0936742318	-0.0888535104	0.0822411445	-0.073970466	0.0194764947949863	-0.0046227693576242	2.1369996533789256e-05	0.0003793338494991	-0.1064693399037395	-0.0604854290783975	0.0036584871307978	0.011335720339538	0.3025892191380563	0.0178888153223653	0.0003200097136376	0.0915602355385786	-0.0126241438241301	0.0006914381313505	0.0001593690072923	4.780866894854723e-07	-0.0017179661640789	3.0575630944999505e-06	2.95140774091997e-06	9.348692076848111e-12	0.0014097162661676	-0.0001593956805688	2.5406982984022793e-08	1.98729995109752e-06	0.0	0.0	0.0	0.0	0.0	0.0	0.0	0.0	0.0	0.0	0.0	0.0	0.0	0.0	0.0	0.0	0.0	0.0	0.0	0.0	0.0	0.0	0.0	0.0	0.0	0.0	0.0	0.0	0.0	0.0	0.0	0.0	0.0	0.0	0.0	0.0	0.0	0.0	0.0	0.0	0.0	0.0	0.0	0.0	0.0	0.0	0.0	0.0
568.2723540789345	0.3800752436352468	0.1444571908243922	322933.46841041395	781.8579264568037	0.2449013583631085	0.0599766753280957	611301.8171633327	552.8817358804405	-0.4952331332985977	0.2452558563167466	305678.2138701692	590.1468653591215	555.2934942661891	0.909304	17.115692	0.2147697070602495	0.1210859860365821	0.0501780835	0.036341382	0.0416800309	0.0078090729	-0.0409846638	-0.0046632337	0.0271778071	-0.0236038741	0.0281020464	0.0025197191	-0.1427601309	0.0533928969	-0.0543578348	0.0086150733	-0.0321404068	-0.0419259874	-0.1173119035	-0.0663755772	-0.0589054871	-0.0356364248	-0.009758428	0.1354243869	-0.0213047254	-0.0345292332	-0.0186424874	0.0491498891	0.0449226659	-0.0366301524	0.0552899185	-0.1204920748	0.0261595907	-0.0426562824	0.0829850621	0.1014198106	0.0094159506	0.059219669	-0.0320463362	-0.0567361658	0.0162826957	-0.0332693231	-0.0394814212	-0.014796105	-0.0087135998	0.0206475057	0.1371974239	-0.0609081914	-0.1226869928	0.032666355	0.1178597721	-0.0025663209	0.0836478522	0.0131834569	-0.1562316532	-0.0606118608	-0.0935350675	-0.0103598356	0.0495250086	0.0138010819	0.0924237263	0.0546179303	-0.0543636712	-0.0458618031	-0.0946430606	0.0179015592	-0.051755827	0.1020843311	0.0694032944	0.0413400684	-0.0494608775	0.0332951323	-0.0241021086	0.0288636537	-0.0482641479	-0.1277153324	0.1052377314	-0.0146461492	-0.005040324	-0.016392959	0.0098703718	-0.0697798259	-0.0612393616	0.0778182505	-0.0008953901	-0.0814668246	-0.0299094039	-0.0462594546	0.0378479876	-0.0358565235	-0.0355060451	-0.0233688395	0.0171982217	-0.0484317198	-0.0559511692	0.0349750729	0.0668865185	0.0138933186	0.0466774758	0.1382681011	0.0454235664	0.1028895458	-0.0153252775	-0.0057447712	0.0565860065	-0.0887367454	0.0458863681	0.0257911003	0.0697692099	0.0379055816	0.0401323018	0.0936891142	-0.028476027	0.0337263561	0.0466629408	-0.0549696418	-0.0112936105	0.0215807588	0.0455322576	0.0694800134	-0.0489984332	0.042610614	0.0112626622	-0.0382637994	0.0237879832	-0.0292226319	0.041844317	0.0017460472	0.0473990811	-0.0366373766	0.0667080636	-0.0941115816	0.0162163117	-0.0968020747	0.0944510002	-0.0905747485	0.0852359127	-0.0785207032	0.0115611222387741	-0.0079153725562122	6.265312270363726e-05	0.0001336595474198	-0.0459129318908111	0.0605564080129283	0.0036670785514282	0.0021079973148102	0.3405351060548653	0.037945886916809	0.0014398903339032	0.1159641584557983	-0.0145766891969822	-0.001952545372852	0.0002124798679454	3.8124334330461457e-06	-0.0019228102141217	-0.0002048440500428	3.697199119530738e-06	4.1961084837937165e-08	0.0014000648975765	-9.651368591099977e-06	9.314891568127116e-11	1.9601817174258957e-06	0.0	0.0	0.0	0.0	0.0	0.0	0.0	0.0	0.0	0.0	0.0	0.0	0.0	0.0	0.0	0.0	0.0	0.0	0.0	0.0	0.0	0.0	0.0	0.0	0.0	0.0	0.0	0.0	0.0	0.0	0.0	0.0	0.0	0.0	0.0	0.0	0.0	0.0	0.0	0.0	0.0	0.0	0.0	0.0	0.0	0.0	0.0	0.0
567.8584965312498	-0.4138575476847563	0.1712780697756404	322463.2720827314	783.9960788588926	2.138152402088849	4.571695694558316	614649.851666119	553.601779762758	0.7200438823175546	0.5184631924629364	306474.9305564933	591.1419710108044	553.5629681230733	0.902537	16.988335	0.1231130386168762	0.0560161481651275	0.070610646	0.0315003664	-0.0496947921	0.0168986975	-0.0480557414	0.0244350675	0.038010091	-0.0596946786	-0.0329273718	0.0038616089	0.0144294478	0.0972741497	-0.0347877987	-0.0010986295	0.0186751053	-0.0226434935	-0.1021609318	-0.0764838738	-0.0496547896	-0.0945954527	-0.0260139824	0.0421299915	0.0179928457	0.0306660163	0.0451058544	-0.0165616386	-0.0055843733	0.0482927075	-0.062748448	0.0520853138	0.134771881	0.0200614616	-0.0280726537	0.0455773432	-0.0412177851	-0.042446825	0.0151990204	-0.0502931004	0.0323348278	-0.0005747139	-0.0511061246	-0.0145349516	-0.0129383084	-0.0140444785	0.011061688	-0.0508171079	0.0047039171	0.0702676651	-0.0110062752	-0.0207552038	0.112309407	0.0569091128	-0.0497332987	0.0640401059	0.0739662683	-0.0091656531	0.0501220427	0.1485770141	0.0576546333	0.0014442446	0.0287221959	0.0086593843	-0.0345642073	-0.0207892209	-0.0577589098	-0.0052936502	0.0087867332	-0.0133296758	0.0292564286	0.0743520275	-0.0100378424	0.0556241781	-0.0909189851	-0.0162801657	0.0123060881	-0.0076387287	0.049563454	0.0109840098	-0.0105041934	0.0222847974	-0.0742715237	0.002317901	-0.0209593261	-0.0872374947	0.004488952	0.0179996329	-0.0236111846	0.0145047683	0.0336167981	0.051807346	-0.0098616188	-0.0358775212	0.0241692244	0.0720656996	0.025119308	0.0826379615	-0.1019725757	0.0287257776	0.0931270468	0.0314179268	-0.0297231405	0.0524520457	0.0678836934	0.0949224974	-0.0202843825	0.04374327	-0.0141117251	0.0479137225	0.0359763596	0.0745150442	-0.0093701262	0.0232180165	-0.0231621755	-0.0773204546	0.0266836606	0.0073589792	-0.0196893708	0.0015402641	-0.0438810275	-0.0028532092	-0.0358358072	0.0027959736	-0.046573987	-0.0646907991	0.0426233087	-0.0074256068	0.0861417908	-0.0373668875	0.0265325418	-0.0367311645	0.0466327862	-0.0969763818	0.0951432221	-0.0921135811	0.0879255584	-0.0826318208	-0.009280290515079	-0.0208414127538531	0.0004343644855764	8.612379204426526e-05	-0.0678151605032297	-0.0219022286124185	0.0004797076181906	0.0045988959940788	0.3267811703085357	-0.0137539357463296	0.0001891707485141	0.1067859332682162	-0.0138117405386482	0.0007649486583339	0.0001907641767069	5.851464498869864e-07	-0.0015264204400331	0.0003963897740886	2.3299593597508424e-06	1.5712485300201146e-07	0.0015710356952394	0.0001709707976629	2.9231013653488304e-08	2.468153155716345e-06	0.0	0.0	0.0	0.0	0.0	0.0	0.0	0.0	0.0	0.0	0.0	0.0	0.0	0.0	0.0	0.0	0.0	0.0	0.0	0.0	0.0	0.0	0.0	0.0	0.0	0.0	0.0	0.0	0.0	0.0	0.0	0.0	0.0	0.0	0.0	0.0	0.0	0.0	0.0	0.0	0.0	0.0	0.0	0.0	0.0	0.0	0.0	0.0
567.5626316440583	-0.295864887191442	0.0875360314728047	322127.34083872905	788.0164624562703	4.020383597377759	16.163484270064128	620969.9451020946	554.1952300115463	0.5934502487882582	0.3521831977868456	307132.3529675507	593.8414677750777	551.762184498536	1.191284	22.423374	0.2477102205169386	0.1265180724388243	0.0646203955	0.0328898905	0.1173064512	-0.040144406	-0.0240005503	-0.0173317439	0.0642120224	-0.1382074579	0.0181565625	0.0927393903	-0.081182404	0.049566018	-0.0144660258	-0.0685644665	-0.081369214	-0.0307021994	-0.0292985931	0.0878340974	0.0395770919	0.0233062974	0.0310572642	0.0178373047	-0.0535197259	0.1227352809	0.0166217773	0.0173356284	-0.0041021975	-0.1160832991	0.0581037689	-0.0144163086	-0.0784911885	0.0773516433	0.0499693297	0.0380887121	-0.0431405234	0.1050444918	0.0804818345	-0.0600721489	-0.1522809238	-0.0155291983	-0.0076324529	0.0759915632	0.0474984308	0.0535708619	-0.081825041	0.0323950599	0.0094154468	-0.0509618463	0.0521245562	-0.0149898246	-0.0728526762	-0.0250164766	0.0298387269	0.0215106289	0.1497219155	0.1260846493	-0.0306645081	0.0300640744	-0.0614548649	-0.027962801	0.0371552449	-0.0639517909	0.0196514365	-0.0995709581	0.0672811074	-0.0090973856	0.1238747161	0.0139152247	-0.0847494882	-0.0294817158	0.0013214385	-0.0030400402	0.068511995	-0.0532456406	-0.0485719092	0.0781477634	-0.0384548784	0.0027449324	-0.0171511962	-0.0094220288	-0.0315166287	0.010228239	-0.1702071824	0.0569380836	0.1605885433	0.012226808	-0.0212401948	-0.0753527028	-0.0031376075	-0.0093097889	0.031732196	-0.0152958593	-0.1033714205	0.0746733242	-0.0856096145	0.0891620713	0.0287804116	0.015177824	-0.0464735845	-0.0053103795	0.0058051133	-0.0314885313	-0.1173954527	-0.0711686197	0.0531809884	-0.0039204804	-0.0329229278	0.0677840888	0.0354103805	0.0419191136	-0.0420752743	-0.0245233393	-0.0384374983	-0.0095110882	-0.073067785	0.0178732806	0.027457161	0.028126916	0.0068286336	-0.0615174374	-0.0289761025	0.0180210007	0.1263655045	-0.0517281153	0.035251234	0.0213920576	-0.0476504932	-0.0428751453	-0.0228410084	-0.0468367403	0.0795517732	-0.097128986	0.0957502779	-0.0934669092	0.0903004534	-0.0862808277	0.0076762421977605	0.0169565327128395	0.0002875240016415	5.892469427867895e-05	-0.1071162270627894	-0.0393010665595597	0.0015445738327189	0.011473886100167	0.2660541199458563	-0.0607270503626793	0.0036877746457513	0.0707847947401641	-0.0119780183643819	0.0018337221742663	0.0001434729239374	3.3625370123959286e-06	-0.0023009534264277	-0.0007745329863946	5.294386670589374e-06	5.999013470133379e-07	0.0015647794382631	-6.256256976300105e-06	3.9140751353503726e-11	2.4485346904109827e-06	0.0	0.0	0.0	0.0	0.0	0.0	0.0	0.0	0.0	0.0	0.0	0.0	0.0	0.0	0.0	0.0	0.0	0.0	0.0	0.0	0.0	0.0	0.0	0.0	0.0	0.0	0.0	0.0	0.0	0.0	0.0	0.0	0.0	0.0	0.0	0.0	0.0	0.0	0.0	0.0	0.0	0.0	0.0	0.0	0.0	0.0	0.0	0.0
567.6147243459459	0.0520927018875454	0.0027136495899446	322186.47529432416	778.754221108065	-9.262241348205292	85.78911479240381	606458.1368936291	553.6679199988689	-0.5273100126773898	0.2780558494698289	306548.1656358739	592.0755423798082	565.6555687190372	1.612715	30.355917	0.0687495426223803	0.0429615697407764	0.1076135047	0.0256542523	-0.1285533017	0.0322213526	0.0326114051	-0.0040534997	-0.011821284	-0.0492466814	0.008980468	-0.0448928492	0.0072556032	-0.0139044206	-0.053143383	-0.005355109	-0.0017051264	0.0179191918	-0.0796662283	0.0060437505	0.0328494212	-0.0338365559	0.0981923227	-0.0592348524	-0.0146644794	0.120363684	0.0470530542	-0.1084866856	0.0831224391	0.0016422886	0.065369515	0.0372057913	-0.024796334	0.0419676309	-0.0143417729	0.1093508474	0.0349624642	-0.0008433897	-0.0359238237	-0.0164125541	-0.0204532388	-0.0655579889	0.0263762356	0.0328265484	-0.0020688707	0.039009067	0.0490610616	-0.0293813344	0.0610915087	0.0023658465	0.0816783081	-0.038056573	-0.017775421	0.0428169777	0.0941494851	-0.0180963169	0.0154338035	-0.0735037797	-0.0626503127	-0.087380871	-0.0435476879	0.0225604905	-0.0609715675	-0.0078648165	-0.1046993967	-0.0738255665	-0.0250355199	-0.0090724448	-0.0051544613	-0.0272202056	0.0092534567	0.0612929701	-0.0410710898	-0.0175500316	-0.0269429912	0.0151782879	-0.0959792131	0.0845589277	0.0560494582	-0.0904874831	-0.0266375092	0.0107866638	-0.0261125018	-0.0106750676	-0.0964789111	-0.0406402435	0.0341721009	-0.0546534049	-0.0323874317	-0.0122398987	-0.1168591886	0.0113922747	9.216e-06	0.0640117091	-0.041218956	0.0407506404	0.0675524567	0.0430898124	-0.0628869293	0.0667108776	-0.08570665	-0.0317361726	0.007517937	0.0569311624	0.0906674964	0.0654535204	0.1065445362	0.1073228014	0.0518400783	0.0718872302	0.0322906083	0.0363823896	-0.0310308888	-0.0260890585	0.015595594	0.0103315076	0.0196743887	0.0424692958	0.0440157032	-0.0098251947	0.0097863025	-0.0142837714	-0.0195602364	-0.0173387323	-0.0612365554	-0.1095370925	-0.0674206703	-0.0428796725	0.0467143557	-0.0017243065	-0.036090108	-0.0184531443	0.0040454789	-0.0972598531	0.0962716243	-0.0946320074	0.0923520963	-0.0894473172	0.0074248795625919	-0.0002513626351685	6.318317435890259e-08	5.512883651899488e-05	-0.1087984726238602	-0.0016822455610708	2.8299501277424566e-06	0.0118371076452848	0.2782615084662723	0.0122073885204159	0.0001490203344883	0.0774294670939253	-0.0112073366764499	0.000770681687932	0.0001256043953792	5.939502641137167e-07	-0.0022960688547934	4.884571634299929e-06	5.271932185952276e-06	2.385904005060748e-11	0.0012481747797149	-0.0003166046585482	1.0023850981442229e-07	1.557940280716339e-06	0.0	0.0	0.0	0.0	0.0	0.0	0.0	0.0	0.0	0.0	0.0	0.0	0.0	0.0	0.0	0.0	0.0	0.0	0.0	0.0	0.0	0.0	0.0	0.0	0.0	0.0	0.0	0.0	0.0	0.0	0.0	0.0	0.0	0.0	0.0	0.0	0.0	0.0	0.0	0.0	0.0	0.0	0.0	1.0	0.0	0.0	0.0	0.0
567.4977259293296	-0.1169984166162976	0.0136886294907207	322053.6689349605	782.5835192270547	3.829298118989641	14.663524084097602	612436.9645658019	554.3376730122698	0.6697530134008503	0.4485690989595195	307290.2557206581	592.5042966440678	548.0426565939372	1.694287	31.891333	0.348464234414308	0.2432163815308195	-0.0064756631	-0.0808068229	0.0882226271	0.0090267003	0.0603411525	-0.0405554892	0.0553072196	0.0509394964	0.1680856427	-0.0329494861	0.0434953588	-0.0768511923	0.0246418941	-0.0584027557	-0.0026393689	0.0469557598	0.0960599278	-0.038873968	-0.1006160218	0.1043889223	0.1175161806	0.0229942634	-0.0497469337	-0.0996777652	-0.0953580429	-0.0475088482	-0.0120513908	-0.0412790864	0.1193671158	-0.0292891428	0.0019478435	-0.059143348	-0.1077925095	0.0580251357	0.0417826474	-0.01428969	0.1582887427	-0.02485469	-0.0751097354	0.0896659518	0.1112139473	-0.1090947877	0.0615440127	0.0364497326	-0.0097161344	0.0610298264	-0.0055228343	0.0204259828	0.1321769892	0.0586653903	-0.0609222064	-0.0559480629	0.0984571498	0.0341208424	0.0583652592	-0.0064677072	-0.1649048005	0.0087003291	-0.0405145337	0.082417557	0.041543459	0.0895461516	0.0392773144	0.0664327159	0.0683394162	0.0443122801	0.1204107419	-0.0180260374	0.1271420474	-0.0383721098	0.0951102161	-0.1683787199	-0.0107705584	-0.006129207	0.0684559847	-0.1057946295	0.0352028222	-0.0113040965	-0.1883829293	0.0068337618	0.1815131157	0.085297157	0.0275771533	-0.0170494583	-0.0656521165	-0.0111146058	0.034597121	-0.0312215774	-0.0374605277	0.0572565347	-0.0243606063	0.0402708657	-0.0175489152	-0.0286612707	-0.0857374368	0.1190779165	0.0133785671	0.0285896439	-0.0828046033	0.0029437276	-0.024483478	-0.0676060842	-0.1364127419	-0.0273154172	0.0732497804	-0.0365282699	-0.1402758501	-0.0197913992	-0.0314100599	-0.0602608232	-0.058388632	0.1288548111	0.1314891582	-0.0356119577	0.0094578393	0.0171086405	0.0081763755	-0.0537583241	-0.0481908626	-0.0445592413	0.1567782122	-0.0299283715	-0.0394694028	0.0794982811	0.0848525632	-0.1670573375	-0.0142446353	-0.0492958397	-0.0239147297	0.0743093858	0.0284395995	-0.0973689537	0.0967067945	-0.0956065293	0.0940731426	-0.0921135811	-0.035765294019967	-0.0431901735825589	0.0018653910940915	0.0012791562563346	-0.1026949902979197	0.0061034823259405	3.7252496503068106e-05	0.0105462610322898	0.5002174506015109	0.2219559421352386	0.0492644402491413	0.250217497886275	-0.0124641478099426	-0.0012568111334926	0.000155354980628	1.5795742252712044e-06	-0.0021390483070136	0.0001570205477798	4.575527659737749e-06	2.4655452425068506e-08	0.001117713733576	-0.0001304610461388	1.7020084559656168e-08	1.2492839902244017e-06	0.0	0.0	0.0	0.0	0.0	0.0	0.0	0.0	0.0	0.0	0.0	0.0	0.0	0.0	0.0	0.0	0.0	0.0	0.0	0.0	0.0	0.0	0.0	0.0	0.0	0.0	0.0	0.0	0.0	0.0	0.0	0.0	0.0	0.0	0.0	0.0	0.0	0.0	0.0	0.0	0.0	0.0	0.0	0.0	1.0	0.0	0.0	0.0
567.1711240487717	-0.3266018805578596	0.1066687883839304	321683.0839547472	776.6154933148119	-5.968025912242752	35.61733328920093	603131.6244566087	554.7898600517063	0.4521870394365805	0.2044731186344196	307791.7888161919	591.5018743598647	547.3515218088802	1.333734	25.104691	0.2833334681959691	0.1677105334872893	-0.1003698502	-0.0752501076	-0.0547596735	-0.0766429515	0.0912548971	-0.0964500739	-0.0084241738	0.1974802445	0.0433562834	-0.0994564115	-0.0089834256	-0.0410305679	0.0467612874	-0.1115402093	0.1478842121	-0.0175260703	0.126860135	-0.0758148501	-0.0101944004	0.0956040132	0.0427887276	-0.1011255709	0.0945599883	-0.0191668326	0.1235599608	0.0077813678	-0.0166661781	-0.0881426244	0.0176305086	-0.0278133751	-0.1335023018	-0.1257753148	-0.150750673	0.0367911469	-0.0029302202	-0.0330336052	0.1505950986	0.1260592989	0.0408074204	0.081226316	-0.0132841887	-0.0429404264	-0.0378144256	0.1062715404	0.064602759	-0.0084930651	-0.0148234175	-0.0414660662	0.0600204139	-0.0468404337	0.025398883	-0.1353773807	0.0974056157	0.0649360533	0.117867534	-0.009349347	0.0486940901	-0.0163350662	-0.0070774761	0.015732032	-0.1521066909	0.0069669647	-0.0856252091	0.1311405634	-0.018944776	0.0016366623	-0.008781577	-0.1243851098	0.0750677047	-0.1535168122	-0.0164120752	-0.1235504263	-0.0065570518	-0.0416697579	0.0224440626	-0.0648241405	0.0669007239	-0.149279602	-0.1570484509	-0.1311837256	0.1309072919	-0.0727980137	0.0451351101	0.0789886057	-0.1062445656	0.0493158666	0.1753656218	-0.0675667621	-0.0262273144	-0.0401348539	-0.0958835259	0.1166432157	0.0934118741	0.0775149419	-0.0398632167	0.0337559425	0.1222073152	0.0264667794	-0.0500369618	0.0027644514	0.0882534346	-0.0423173154	0.005473007	0.0413899246	-0.0208546437	0.0347365593	0.0258463562	-0.0732284159	-0.0894634256	-0.1277303145	-0.0440078767	0.2280904443	0.144968409	-0.0557351881	-0.0154501469	-0.0044448373	-0.0489511263	-0.0714546568	-0.0459693893	-0.0496742882	0.185139675	-0.0030085619	-0.2031869151	0.0974286057	-0.0611662074	-0.2219398711	0.0270267179	-0.1914862288	-0.0189250283	0.0417729927	0.088812711	-0.0974562636	0.097055399	-0.0963885124	0.0954574315	-0.0942647084	-0.0421755345711147	-0.0064102405511476	4.1091183923578296e-05	0.0017787757163592	-0.1493453603515036	-0.0466503700535838	0.0021762570261363	0.0223040366585204	0.6570689982070235	0.1568515476055125	0.0246024079862443	0.4317396684047814	-0.0118693710983393	0.0005947767116032	0.00014088197027	3.5375933666563373e-07	-0.0019899065457811	0.0001491417612324	3.959728060942469e-06	2.2243264943532037e-08	0.0003932060066973	-0.0007245077268787	5.249114463069411e-07	1.5461096370283713e-07	0.0	0.0	0.0	0.0	0.0	0.0	0.0	0.0	0.0	0.0	0.0	0.0	0.0	0.0	0.0	0.0	0.0	0.0	0.0	0.0	0.0	0.0	0.0	0.0	0.0	0.0	0.0	0.0	0.0	0.0	0.0	0.0	0.0	0.0	0.0	0.0	0.0	0.0	0.0	0.0	0.0	0.0	0.0	0.0	0.0	0.0	0.0	0.0
569.3086917439607	2.1375676951889773	4.569195651515517	324112.38649522007	784.5606681486689	7.945174833856981	63.12580314055431	615535.4420058858	555.9573488497953	1.1674887980889253	1.3630300936631232	309088.573740093	593.1687540272843	539.078327214502	2.085345	39.252155	0.9664041842545308	0.6035057232575936	-0.3376968698	-0.2539266641	-0.0887142685	0.0281727138	-0.0877118421	-0.0871010827	0.0750832645	0.3733984408	0.135783644	0.0807183934	0.1290863875	-0.2495123335	0.1887855977	-0.0634245649	0.2582248034	0.0263498615	0.3879000642	-0.1168211803	0.0157475367	-0.0048676696	0.1122635493	-0.1488332373	-0.0705459683	-0.0285946507	-0.0702051032	-0.009985004	-0.0579311596	0.0742174073	0.0433858432	-0.0229514214	-0.0107907248	-0.0888281359	0.052674032	-0.0013548216	0.0046994749	-0.0136871791	-0.0276832526	-0.0133360561	0.0278714832	0.0088880996	-0.016628339	-0.0033700417	-0.1383824369	-0.0498345841	-0.0282684136	-0.078651327	-0.0424864651	0.0599686711	0.0110164155	0.0545861789	-0.0298376018	0.0630212928	-0.0829737777	-0.0187052992	0.0010740391	-0.029102691	-0.0475310261	-0.0043133043	0.0310746597	0.0729609005	-0.000899828	0.0445258404	0.0295032677	0.2614946276	0.1691733248	-0.0859596003	0.0079331346	-0.1109194418	0.3366286198	-0.3084381746	0.0833111862	0.0510848454	0.1042181316	0.0580499994	0.0134080281	-0.0495968195	0.0677872121	-0.1526227887	0.1304571508	0.0243285324	0.0917454177	0.0160900578	0.0842408572	-0.0904948112	-0.0458796187	-0.0212724674	0.0999112961	-0.0222092332	-0.0559523343	-0.0786388464	0.0460575006	-0.0180722516	-0.039356565	-0.0189972894	0.0136583327	0.0507255196	-0.0100903179	-0.0709345625	-0.016212545	-0.0403828291	-0.0159704619	0.0269220982	0.0054305365	-0.0611464525	-0.0017636978	0.055905237	0.0363069514	-0.2674738357	-0.2601683787	-0.2116867378	0.1456137036	0.354182043	0.0643347194	0.0552062219	-0.1244663243	0.056259455	-0.0270230401	-0.0568494562	-0.1350256347	0.1023274489	0.0075586439	-0.024910271	-0.1461199388	0.1124755514	0.1348015317	-0.157706541	-0.040321364	-0.1489888178	0.08080063	0.0937620626	-0.0561806462	-0.0975217631	0.0973171258	-0.0969763818	0.0965000075	-0.0958886693	-0.1344414910666671	-0.0922659564955524	0.0085130067280391	0.0180745145202287	-0.3225427083089442	-0.1731973479574406	0.0299973213394907	0.1040337986832686	1.2220498665577963	0.5649808683507729	0.3192033816023933	1.493405876353928	-0.0125992493209544	-0.000729878222615	0.0001587410834515	5.327222198477771e-07	-0.0013032355004474	0.0006866710453337	1.698422769626385e-06	4.715171244996765e-07	0.0016958569677638	0.0013026509610665	1.6968995263674763e-06	2.8759308551130303e-06	0.0	0.0	0.0	0.0	0.0	0.0	0.0	0.0	0.0	0.0	0.0	0.0	0.0	0.0	0.0	0.0	0.0	0.0	0.0	0.0	0.0	0.0	0.0	0.0	0.0	0.0	0.0	0.0	0.0	0.0	0.0	0.0	0.0	0.0	0.0	0.0	0.0	0.0	0.0	0.0	0.0	0.0	0.0	0.0	0.0	1.0	0.0	0.0
567.0544713215703	-2.254220422390404	5.08150971272197	321550.7734457856	766.0948169509091	-18.465851197759772	340.98766045780616	586901.268559047	554.2234922986512	-1.733856551144072	3.006258539945216	307163.67941571306	589.2929939582965	543.5725362491303	1.940601	36.527657	0.808568049654453	0.5644978832372736	-0.4389826895	-0.0598143433	-0.0413867304	-0.0267950199	-0.0183229869	0.0436238307	-0.1782717738	0.3290442471	-0.0852563935	0.2214516417	0.0170956704	0.0196771932	0.1917567718	0.1365604223	0.3279010745	0.1116762552	0.266708076	0.0179382981	0.1227541576	0.0805335462	-0.0615852238	-0.0525445362	0.0303553317	-0.0616947033	0.0232634329	0.0816133731	-0.0148446519	0.0389414014	0.0210418257	0.0264905519	-0.0188550285	0.0930283272	0.0486901625	-0.11788356	0.0055853051	0.0225444634	-0.0550712229	-0.0552409467	0.1081143116	-0.0676556636	0.0394248531	0.0756839164	-0.065945618	0.005142882	-0.0114492377	0.0678097714	0.0556149124	-0.0089313996	-0.0176452846	0.061254753	0.0478824983	0.0109998451	-0.0606262476	-0.115035109	-0.0856643727	-0.0263757415	-0.0566817421	0.0770952456	0.0089276236	0.012937774	0.0434133326	-0.1039931887	0.0393010713	0.2694736743	0.1372683591	0.0327249116	-0.2820606831	-0.0627256156	0.0615750912	-0.2355525026	0.0424689895	0.2182035525	0.2235405737	0.1125113273	-0.0207792655	0.0045657709	0.0020539946	-0.0198205719	0.0958867444	-0.0097845324	0.0106853549	-0.0252068747	-0.026356802	0.0700863104	-0.0033679807	0.034079532	-0.0983362384	-0.014093203	0.0658564095	-0.0672790319	0.0066196657	-0.0584153177	-0.0032992441	-0.0264564791	0.0024213944	-0.0664036316	0.0171268077	-0.0480140743	-0.0043841415	0.1167621765	0.0230528714	0.041135566	0.0176903689	0.0764561398	-0.0667786509	-0.067254566	0.0335904259	-0.3587576321	-0.1807528092	-0.1971084598	0.1426401012	0.2043869953	-0.1368626785	0.1807600736	-0.2161400088	0.1038473532	-0.1077019588	-0.0420462661	0.0295171177	0.0312807356	-0.2280296426	0.1242090137	0.2555421067	0.033108929	-0.1500516013	0.3015029723	0.0269958625	0.3743432008	0.0662852506	-0.0862923809	0.0251299806	-0.0975654375	0.0974917407	-0.0973689537	0.0971971386	-0.0969763818	-0.0989274138251659	0.0355140772415012	0.0012612496823153	0.0097866332061356	-0.3127081768970186	0.0098345314119256	9.671800809215212e-05	0.097786403898257	1.2990498093494125	0.0769999427916161	0.0059289911899121	1.6875304071707449	-0.0017926906367143	0.0108065586842401	3.2137397189631223e-06	0.0001167817105959	-0.0032938657510566	-0.0019906302506092	1.084955158598366e-05	3.962608794640447e-06	0.0026230579971027	0.0009272010293389	8.59701748807116e-07	6.880433256164429e-06	0.0	0.0	0.0	0.0	0.0	0.0	0.0	0.0	0.0	0.0	0.0	0.0	0.0	0.0	0.0	0.0	0.0	0.0	0.0	0.0	0.0	0.0	0.0	0.0	0.0	0.0	0.0	0.0	0.0	0.0	0.0	0.0	0.0	0.0	0.0	0.0	0.0	0.0	0.0	0.0	0.0	0.0	0.0	0.0	0.0	0.0	1.0	0.0
569.1494983039277	2.095026982357353	4.389138056805359	323931.1514196126	774.2844330508068	8.189616099897648	67.06981186370277	599516.3832648093	553.7165736627142	-0.5069186359370406	0.2569665034602699	306602.043948776	592.2435969524033	552.8748561932256	2.7723	52.182617	1.2877465357642648	0.8579796510965988	-0.2807840631	-0.0907339222	-0.1151037243	0.1162438737	-0.0096188595	-0.1259683157	-0.0792329155	0.162843374	-0.2070928752	0.0204472247	0.2324332418	-0.3118458928	0.1526143088	0.2123917951	0.119344187	0.0429488759	0.1022452999	0.0845340912	-0.1269540305	0.0626282473	0.1112424467	0.1361025462	0.0058531097	0.1749304554	-0.1067292092	-0.169413346	0.1233095837	-0.045849675	-0.1907108817	0.1012942447	0.0508085185	-0.0072827079	-0.0857976739	-0.1541615904	0.0730841409	0.0048760388	-0.1033124622	0.0170646778	-0.0328619525	-0.0067409078	0.113257922	0.0037205777	0.0112941181	-0.1058159697	-0.0336468686	0.0983443169	-0.1170058875	0.016186931	-0.0412405841	-0.0441666292	-0.044688994	-0.0107688275	0.0346351861	0.0436446458	0.0982473836	-0.0392723013	0.0567753881	-0.0096057397	0.0060402793	-0.2001510167	-0.0800074255	0.0365789588	-0.0577092291	0.0357355133	0.086807319	-0.2146186809	-0.3210230694	0.1570043916	-0.0311828966	-0.1358718198	0.2898361636	-0.2517444189	-0.1072061973	-0.043041976	-0.0188967177	0.1893319268	-0.1085098231	0.2295681919	-0.0140283562	-0.0689781586	-0.0506996265	-0.0507852991	0.0565456223	0.0212551125	0.0082476161	-0.0702648082	-0.2021911812	0.1105445054	0.0206903166	-0.0415283073	0.1072391134	0.017047209	0.0758325972	-0.0141952552	-0.066184898	-0.0856453057	-0.0976716304	-0.0053052027	0.0445298599	-0.0072719801	0.1275245384	0.0593121055	0.0110437582	0.0419556803	0.0494718112	-0.0463843643	-0.0179968799	-0.195947031	-0.1933795939	-0.2684658047	-0.0371173956	-0.3421157924	0.0233622589	0.3843559116	0.2313930484	-0.0486108074	0.1730294175	0.032447105	0.3086670102	-0.0578677821	-0.03741854	-0.2188118648	-0.112360911	-0.1547834685	0.0755195216	-0.0397818839	0.068234107	-0.0622690586	-0.1295225125	-0.1588799715	-0.1313590421	-0.0975872772	0.0975790871	-0.0975654375	0.0975463292	-0.0975217631	-0.0850251313660663	0.0139022824590995	0.0001932734575725	0.0072292729638168	-0.0715175035046087	0.2411906733924098	0.0581729409314841	0.0051147533075317	0.6032858097976472	-0.6957639995517653	0.4840875430722688	0.363953768303203	0.0046379027487688	0.006430593385483	2.151014190703719e-05	4.1352531289418994e-05	-0.0031663598496443	0.0001275059014123	1.0025834697439473e-05	1.625775489496323e-08	0.0024433656767783	-0.0001796923203244	3.228932998356685e-08	5.97003583045828e-06	0.0	0.0	0.0	0.0	0.0	0.0	0.0	0.0	0.0	0.0	0.0	0.0	0.0	0.0	0.0	0.0	0.0	0.0	0.0	0.0	0.0	0.0	0.0	0.0	0.0	0.0	0.0	0.0	0.0	0.0	0.0	0.0	0.0	0.0	0.0	0.0	0.0	0.0	0.0	0.0	0.0	0.0	0.0	0.0	0.0	0.0	0.0	1.0
