#Insight Transform File V1.0
#Transform 0
Transform: AffineTransform_float_3_3
Parameters: 0.999997 0.0021731 -0.000918448 -0.00217086 0.999996 0.00156573 0.000922309 -0.00156388 0.999998 -0.047572 -0.0104651 -0.0265179
FixedParameters: 0 0 0

#Transform 1
Transform: AffineTransform_float_3_3
Parameters: 0.999998 0.0012401 -0.00121751 -0.00123791 0.999998 0.00156095 0.00121866 -0.00155884 0.999998 -0.0435532 -0.0302371 -0.0415408
FixedParameters: 0 0 0

#Transform 2
Transform: AffineTransform_float_3_3
Parameters: 1 0.000330689 -0.00102241 -0.000329695 1 0.00106811 0.00102235 -0.00106835 0.999999 -0.00210318 0.0504282 -0.0594813
FixedParameters: 0 0 0

#Transform 3
Transform: AffineTransform_float_3_3
Parameters: 0.999996 0.00272105 -0.000975834 -0.00271868 0.999994 0.0023565 0.00098299 -0.00235373 0.999997 -0.120319 0.0102759 -7.2035e-05
FixedParameters: 0 0 0

#Transform 4
Transform: AffineTransform_float_3_3
Parameters: 0.999998 0.00168326 -2.39754e-05 -0.00168303 0.999996 0.00192655 2.63404e-05 -0.00192687 0.999998 -0.0774958 0.0477645 -0.0095551
FixedParameters: 0 0 0

#Transform 5
Transform: AffineTransform_float_3_3
Parameters: 0.999998 0.00163061 -0.00026723 -0.00163022 0.999996 0.00228631 0.000270777 -0.00228584 0.999998 -0.0627515 0.0467832 -0.00750741
FixedParameters: 0 0 0

#Transform 6
Transform: AffineTransform_float_3_3
Parameters: 0.999999 0.00117739 -0.000456502 -0.00117652 0.999995 0.00293357 0.000459712 -0.00293381 0.999995 -0.0557818 0.0117754 0.00375935
FixedParameters: 0 0 0

#Transform 7
Transform: AffineTransform_float_3_3
Parameters: 0.999999 0.00124594 -0.000137301 -0.0012458 0.999996 0.00273869 0.000141195 -0.00273875 0.999997 -0.0606058 0.0690556 -0.049634
FixedParameters: 0 0 0

#Transform 8
Transform: AffineTransform_float_3_3
Parameters: 0.999999 0.000521204 -0.000507582 -0.000519588 0.999996 0.00274527 0.000509678 -0.00274474 0.999996 -0.0488505 -0.00946315 -0.042201
FixedParameters: 0 0 0

#Transform 9
Transform: AffineTransform_float_3_3
Parameters: 1 0.00022694 3.87916e-05 -0.000226397 0.999995 0.00307403 -3.85835e-05 -0.00307404 0.999996 -0.0413435 0.012537 -0.0248369
FixedParameters: 0 0 0

#Transform 10
Transform: AffineTransform_float_3_3
Parameters: 1 0.000171803 -0.000220546 -0.000170737 0.999997 0.00239045 0.000221367 -0.00239038 0.999997 -0.0317646 -0.0413004 0.0234845
FixedParameters: 0 0 0

#Transform 11
Transform: AffineTransform_float_3_3
Parameters: 0.999999 0.000608018 -0.00125856 -0.000606772 0.999999 0.000968019 0.00125897 -0.000967398 0.999999 -0.012065 0.0576619 -0.115275
FixedParameters: 0 0 0

#Transform 12
Transform: AffineTransform_float_3_3
Parameters: 0.999998 0.00104168 -0.00134748 -0.00103817 0.999995 0.00270097 0.00134982 -0.00269907 0.999995 -0.0202181 -0.0423419 -0.0190861
FixedParameters: 0 0 0

#Transform 13
Transform: AffineTransform_float_3_3
Parameters: 0.999999 0.000665223 -0.00126951 -0.000663428 0.999999 0.00155914 0.00127102 -0.00155836 0.999998 -0.00895158 0.107754 -0.0594792
FixedParameters: 0 0 0

#Transform 14
Transform: AffineTransform_float_3_3
Parameters: 0.999999 0.000542777 -0.000652523 -0.000542409 0.999999 0.000282634 0.000652828 -0.000282836 1 -0.0133103 0.0221244 -0.0904049
FixedParameters: 0 0 0

#Transform 15
Transform: AffineTransform_float_3_3
Parameters: 1 0.000271222 -0.000289078 -0.000270532 1 0.00118664 0.000289722 -0.00118648 1 0.0192166 -0.0770505 -0.091442
FixedParameters: 0 0 0

#Transform 16
Transform: AffineTransform_float_3_3
Parameters: 0.999999 0.000391795 -0.000645907 -0.000391793 1 2.41731e-06 0.000645909 -1.91118e-06 1 -0.00627859 0.143107 -0.18312
FixedParameters: 0 0 0

#Transform 17
Transform: AffineTransform_float_3_3
Parameters: 1 0.00105516 -0.000339781 -0.00105522 0.999999 -0.000394855 0.000339923 0.000394246 1 -0.0171569 -0.0161348 -0.150103
FixedParameters: 0 0 0

#Transform 18
Transform: AffineTransform_float_3_3
Parameters: 0.999999 0.00097592 -0.000319507 -0.000975615 0.999999 0.000804994 0.0003201 -0.000804783 0.999999 -0.0296011 0.0339559 -0.119489
FixedParameters: 0 0 0

#Transform 19
Transform: AffineTransform_float_3_3
Parameters: 1 0.000656074 -0.00101258 -0.000655457 1 0.000787554 0.00101382 -0.000787135 1 -0.00831159 0.0677285 -0.0986878
FixedParameters: 0 0 0

#Transform 20
Transform: AffineTransform_float_3_3
Parameters: 1 0.000239792 2.6169e-05 -0.000239807 1 0.000290049 -2.60299e-05 -0.000290061 1 -0.00295168 -0.0305425 0.00442812
FixedParameters: 0 0 0

#Transform 21
Transform: AffineTransform_float_3_3
Parameters: 0.999999 0.000939096 -0.000938752 -0.000938054 0.999999 0.00118877 0.000940216 -0.00118791 0.999999 -0.0151794 -0.0359053 0.0354666
FixedParameters: 0 0 0

#Transform 22
Transform: AffineTransform_float_3_3
Parameters: 0.999999 0.000922547 -0.00101458 -0.000923184 0.999999 -0.00100407 0.00101446 0.00100503 0.999999 -0.0244412 0.122488 -0.201375
FixedParameters: 0 0 0

#Transform 23
Transform: AffineTransform_float_3_3
Parameters: 0.999999 0.000416039 -0.00130621 -0.000418938 0.999997 -0.002397 0.00130553 0.0023976 0.999997 -0.0157053 0.120647 -0.209951
FixedParameters: 0 0 0

#Transform 24
Transform: AffineTransform_float_3_3
Parameters: 0.999999 0.000867659 -0.0012651 -0.000869269 0.999999 -0.00157754 0.00126389 0.00157882 0.999998 -0.0207991 0.0357243 -0.127509
FixedParameters: 0 0 0

#Transform 25
Transform: AffineTransform_float_3_3
Parameters: 0.999996 0.00217666 -0.00213675 -0.00217574 0.999998 0.000776669 0.00213859 -0.000772741 0.999998 -0.0384461 0.034277 -0.0215392
FixedParameters: 0 0 0

#Transform 26
Transform: AffineTransform_float_3_3
Parameters: 0.999998 0.00169901 -0.001601 -0.00170178 0.999997 -0.00167423 0.00159781 0.00167743 0.999997 -0.0407623 0.174756 -0.138111
FixedParameters: 0 0 0

#Transform 27
Transform: AffineTransform_float_3_3
Parameters: 0.999997 0.00166725 -0.00174721 -0.0016703 0.999998 -0.00127277 0.0017447 0.00127545 0.999998 -0.0551512 0.0798664 -0.0779148
FixedParameters: 0 0 0

#Transform 28
Transform: AffineTransform_float_3_3
Parameters: 0.999998 0.00139625 -0.00152899 -0.00139594 0.999999 0.000104168 0.00152927 -0.000101718 0.999999 -0.0584778 -0.0846885 0.139705
FixedParameters: 0 0 0

#Transform 29
Transform: AffineTransform_float_3_3
Parameters: 0.999996 0.00213216 -0.00214223 -0.00213365 0.999997 -0.00067127 0.00214108 0.000676348 0.999998 -0.0564314 0.056372 0.0449726
FixedParameters: 0 0 0

#Transform 30
Transform: AffineTransform_float_3_3
Parameters: 0.999996 0.00266985 -0.00102263 -0.00267034 0.999996 -0.000340398 0.00102178 0.000343286 0.999999 -0.0398401 -0.0185141 0.0360692
FixedParameters: 0 0 0

#Transform 31
Transform: AffineTransform_float_3_3
Parameters: 0.999999 0.00163259 -0.000801176 -0.00163361 0.999997 -0.00164617 0.000798514 0.00164704 0.999998 -0.00778277 -0.010043 -0.0264642
FixedParameters: 0 0 0

#Transform 32
Transform: AffineTransform_float_3_3
Parameters: 0.999999 0.00160274 -0.000937365 -0.00160387 0.999998 -0.00146577 0.000935379 0.00146703 0.999998 -0.0172679 0.0232594 0.0777623
FixedParameters: 0 0 0

#Transform 33
Transform: AffineTransform_float_3_3
Parameters: 0.999999 0.00117675 -0.000698138 -0.00117724 0.999999 -0.000501829 0.000697931 0.000503056 0.999999 -0.00483713 -0.0312355 0.0754293
FixedParameters: 0 0 0

#Transform 34
Transform: AffineTransform_float_3_3
Parameters: 0.999999 0.00124017 -0.000712794 -0.0012399 0.999999 -0.000795721 0.00071256 0.00079707 0.999999 -0.0126392 0.0350963 0.00948462
FixedParameters: 0 0 0

#Transform 35
Transform: AffineTransform_float_3_3
Parameters: 0.999999 0.0007981 -0.000951802 -0.000798614 0.999999 -0.000267392 0.000951372 0.000268001 0.999999 0.00243566 0.0464445 0.00877247
FixedParameters: 0 0 0

#Transform 36
Transform: AffineTransform_float_3_3
Parameters: 0.999999 0.000666248 -0.000658808 -0.000665854 0.999999 0.000299733 0.000659207 -0.000298855 0.999999 -0.000927885 -0.191641 0.0764861
FixedParameters: 0 0 0

#Transform 37
Transform: AffineTransform_float_3_3
Parameters: 1 0.000588591 -0.00101644 -0.000588865 1 -0.000132581 0.00101628 0.000133777 0.999999 0.00547297 0.0982304 0.0268642
FixedParameters: 0 0 0

#Transform 38
Transform: AffineTransform_float_3_3
Parameters: 0.999999 0.00151928 0.000321112 -0.00151992 0.999997 0.00187437 -0.00031758 -0.00187484 0.999998 -0.0110173 -0.0873312 0.0814409
FixedParameters: 0 0 0

#Transform 39
Transform: AffineTransform_float_3_3
Parameters: 0.999993 0.00365147 -0.000847997 -0.00364912 0.999989 0.0026245 0.000857368 -0.00262207 0.999996 -0.0533244 0.00555405 0.0505055
FixedParameters: 0 0 0

#Transform 40
Transform: AffineTransform_float_3_3
Parameters: 0.999989 0.00411588 -0.0023504 -0.00411195 0.99999 0.0015264 0.00235746 -0.00151622 0.999996 -0.0431687 0.0208162 -0.0264491
FixedParameters: 0 0 0

#Transform 41
Transform: AffineTransform_float_3_3
Parameters: 0.999992 0.00328336 -0.00217276 -0.00328115 0.999994 0.00115803 0.00217684 -0.00115037 0.999997 -0.0514099 0.0354287 -0.0768988
FixedParameters: 0 0 0

#Transform 42
Transform: AffineTransform_float_3_3
Parameters: 0.999991 0.00342152 -0.0022045 -0.0034196 0.999994 0.000807127 0.00220726 -0.000799485 0.999997 -0.0326797 -6.45811e-05 0.00268037
FixedParameters: 0 0 0

#Transform 43
Transform: AffineTransform_float_3_3
Parameters: 0.99999 0.00397127 -0.00174593 -0.00396687 0.999988 0.00282359 0.00175722 -0.00281704 0.999994 -0.0442603 -0.00208939 0.0508529
FixedParameters: 0 0 0

#Transform 44
Transform: AffineTransform_float_3_3
Parameters: 0.999991 0.00349659 -0.00213471 -0.0034925 0.999992 0.00176498 0.00214059 -0.00175748 0.999996 -0.0828908 0.0549395 0.0496852
FixedParameters: 0 0 0

#Transform 45
Transform: AffineTransform_float_3_3
Parameters: 0.999991 0.00270729 -0.00342695 -0.00271373 0.999994 -0.00186406 0.00342259 0.0018731 0.999993 -0.0300666 0.0839618 -0.0767395
FixedParameters: 0 0 0

#Transform 46
Transform: AffineTransform_float_3_3
Parameters: 0.999994 0.00176342 -0.00321085 -0.00176167 0.999998 0.000462899 0.0032117 -0.000457531 0.999995 -0.00202285 -0.0637894 0.0414664
FixedParameters: 0 0 0

#Transform 47
Transform: AffineTransform_float_3_3
Parameters: 0.999994 0.00237225 -0.00258715 -0.00237163 0.999997 0.000354978 0.00258804 -0.00034899 0.999997 0.0141315 0.0278613 -0.0154264
FixedParameters: 0 0 0

#Transform 48
Transform: AffineTransform_float_3_3
Parameters: 0.999995 0.00240871 -0.00206814 -0.00240927 0.999997 -0.000132274 0.00206748 0.000137352 0.999998 -0.0149522 0.0300593 -0.0785631
FixedParameters: 0 0 0

#Transform 49
Transform: AffineTransform_float_3_3
Parameters: 0.999996 0.00208826 -0.00199585 -0.0020876 0.999998 0.000521838 0.00199627 -0.000517059 0.999997 -0.00112501 0.0341578 -0.0556213
FixedParameters: 0 0 0

#Transform 50
Transform: AffineTransform_float_3_3
Parameters: 0.999996 0.00176621 -0.00192964 -0.0017668 0.999998 -0.000457906 0.00192877 0.000460666 0.999998 0.000982267 0.0420115 -0.0404599
FixedParameters: 0 0 0

#Transform 51
Transform: AffineTransform_float_3_3
Parameters: 0.999994 0.00290097 -0.00148966 -0.00289984 0.999995 0.000924115 0.00149228 -0.000919851 0.999999 -0.0207465 -0.0478869 0.00771599
FixedParameters: 0 0 0

#Transform 52
Transform: AffineTransform_float_3_3
Parameters: 0.999994 0.00321226 -0.0013841 -0.00320803 0.999992 0.00256296 0.00139195 -0.00255793 0.999996 -0.0203582 -0.00227269 -0.0186119
FixedParameters: 0 0 0

#Transform 53
Transform: AffineTransform_float_3_3
Parameters: 0.999995 0.00288138 -0.00145784 -0.00287832 0.999993 0.0022289 0.00146425 -0.00222396 0.999997 -0.0165872 -0.0680514 0.0513384
FixedParameters: 0 0 0

#Transform 54
Transform: AffineTransform_float_3_3
Parameters: 0.999997 0.00185063 -0.00118495 -0.00185047 0.999998 0.000570666 0.00118629 -0.000568511 1 0.0225713 0.0517397 -0.0644559
FixedParameters: 0 0 0

#Transform 55
Transform: AffineTransform_float_3_3
Parameters: 0.999998 0.00211737 -0.000904396 -0.00211502 0.999993 0.00318261 0.000911445 -0.00318091 0.999994 0.0115832 -0.0285272 0.0031904
FixedParameters: 0 0 0

#Transform 56
Transform: AffineTransform_float_3_3
Parameters: 0.999998 0.0013617 -0.000862058 -0.00135997 0.999997 0.00193291 0.000864597 -0.00193188 0.999998 0.0114267 -0.0120341 0.0132391
FixedParameters: 0 0 0

#Transform 57
Transform: AffineTransform_float_3_3
Parameters: 0.999998 0.00129356 -0.00161522 -0.00129058 0.999998 0.00172401 0.00161717 -0.00172207 0.999997 0.0293056 -0.00618275 0.0737738
FixedParameters: 0 0 0

#Transform 58
Transform: AffineTransform_float_3_3
Parameters: 0.999998 0.00133733 -0.00141128 -0.00133615 0.999998 0.00126051 0.00141311 -0.00125897 0.999998 0.0261539 -0.0039022 0.0346753
FixedParameters: 0 0 0

#Transform 59
Transform: AffineTransform_float_3_3
Parameters: 0.999994 0.00282256 -0.00201988 -0.00281594 0.999991 0.00312735 0.00202857 -0.00312122 0.999993 0.0201008 -0.035583 0.0357988
FixedParameters: 0 0 0

#Transform 60
Transform: AffineTransform_float_3_3
Parameters: 0.999995 0.00211865 -0.00202276 -0.00212202 0.999996 -0.00147295 0.00201901 0.00147705 0.999997 -0.0209394 0.186625 -0.106298
FixedParameters: 0 0 0

#Transform 61
Transform: AffineTransform_float_3_3
Parameters: 0.999996 0.00133539 -0.00255781 -0.00133535 0.999999 1.31204e-05 0.00255783 -9.92846e-06 0.999996 0.0234123 -0.0449403 0.0859072
FixedParameters: 0 0 0

#Transform 62
Transform: AffineTransform_float_3_3
Parameters: 0.999997 0.00163335 -0.00209055 -0.00163347 0.999999 -2.55366e-05 0.00209046 2.96364e-05 0.999998 0.014605 0.0492321 0.00255618
FixedParameters: 0 0 0

#Transform 63
Transform: AffineTransform_float_3_3
Parameters: 0.999994 0.0019071 -0.0026487 -0.00190473 0.999998 0.000677216 0.0026505 -0.000672573 0.999997 0.0194342 0.00122785 0.00954528
FixedParameters: 0 0 0

#Transform 64
Transform: AffineTransform_float_3_3
Parameters: 0.999991 0.0028284 -0.00301628 -0.00283202 0.999995 -0.0010239 0.00301295 0.00103243 0.999995 0.0160338 0.113705 -0.0520883
FixedParameters: 0 0 0

#Transform 65
Transform: AffineTransform_float_3_3
Parameters: 0.999993 0.00256761 -0.00245712 -0.00256844 0.999997 -0.000208186 0.002457 0.0002141 0.999997 0.0107036 0.0618677 -0.0390054
FixedParameters: 0 0 0

#Transform 66
Transform: AffineTransform_float_3_3
Parameters: 0.999995 0.00167786 -0.00293763 -0.00167892 0.999999 -0.000378548 0.00293711 0.000382947 0.999995 0.0440022 0.0408518 -0.0413508
FixedParameters: 0 0 0

#Transform 67
Transform: AffineTransform_float_3_3
Parameters: 0.999992 0.00303834 -0.00261423 -0.00303785 0.999995 9.97187e-05 0.0026148 -9.1861e-05 0.999997 -0.0245705 0.063655 -0.0368576
FixedParameters: 0 0 0

#Transform 68
Transform: AffineTransform_float_3_3
Parameters: 0.999994 0.00182641 -0.00313534 -0.00182794 0.999998 -0.000272127 0.00313531 0.000277629 0.999996 0.027886 0.0229163 -0.0389871
FixedParameters: 0 0 0

#Transform 69
Transform: AffineTransform_float_3_3
Parameters: 0.99999 0.00172512 -0.00426361 -0.00171635 0.999996 0.00196097 0.00426693 -0.00195372 0.999989 0.0343623 0.0412543 0.0124228
FixedParameters: 0 0 0

#Transform 70
Transform: AffineTransform_float_3_3
Parameters: 0.999993 0.00251661 -0.00296442 -0.00251332 0.999996 0.000997992 0.0029669 -0.000990269 0.999995 -0.0113725 -0.0332685 0.020148
FixedParameters: 0 0 0

#Transform 71
Transform: AffineTransform_float_3_3
Parameters: 0.999991 0.00170113 -0.00383564 -0.00169765 0.999999 0.00102497 0.003838 -0.00101837 0.999992 0.0455625 0.0421816 -0.00797069
FixedParameters: 0 0 0

#Transform 72
Transform: AffineTransform_float_3_3
Parameters: 0.999988 0.00406279 -0.00264882 -0.00405906 0.99999 0.00154419 0.00265509 -0.00153233 0.999995 -0.0236272 0.00530395 -0.00929247
FixedParameters: 0 0 0

#Transform 73
Transform: AffineTransform_float_3_3
Parameters: 0.999983 0.00482607 -0.00320221 -0.00482161 0.999987 0.00139445 0.00320935 -0.0013794 0.999994 -0.0822122 0.0679739 -0.0495858
FixedParameters: 0 0 0

#Transform 74
Transform: AffineTransform_float_3_3
Parameters: 0.999985 0.00287504 -0.0048046 -0.00287621 0.999995 -0.00010961 0.0048039 0.000123098 0.999988 0.00346652 0.0736854 -0.136063
FixedParameters: 0 0 0

#Transform 75
Transform: AffineTransform_float_3_3
Parameters: 0.999988 0.00406296 -0.00270653 -0.00406312 0.999991 -2.24608e-05 0.00270628 3.3855e-05 0.999997 -0.0524274 0.0663933 -0.172024
FixedParameters: 0 0 0

#Transform 76
Transform: AffineTransform_float_3_3
Parameters: 0.999987 0.00226649 -0.00456642 -0.00226392 0.999997 0.000420584 0.00456752 -0.000410475 0.99999 0.041579 0.0648816 -0.130253
FixedParameters: 0 0 0

#Transform 77
Transform: AffineTransform_float_3_3
Parameters: 0.999985 0.00299601 -0.00470823 -0.00299331 0.999996 0.000424366 0.00470994 -0.000410717 0.999989 -0.0198145 0.0749038 -0.0932147
FixedParameters: 0 0 0

#Transform 78
Transform: AffineTransform_float_3_3
Parameters: 0.999986 0.00268054 -0.00443183 -0.00268288 0.999996 -0.000522341 0.0044305 0.000534691 0.99999 -0.0265875 0.049223 -0.107623
FixedParameters: 0 0 0

#Transform 79
Transform: AffineTransform_float_3_3
Parameters: 0.999986 0.00263222 -0.00455866 -0.00263196 0.999996 3.91639e-05 0.00455881 -2.61637e-05 0.99999 -0.0152435 0.0392645 -0.0387529
FixedParameters: 0 0 0

#Transform 80
Transform: AffineTransform_float_3_3
Parameters: 0.999988 0.0021177 -0.00427659 -0.00211421 0.999998 0.000808484 0.00427866 -0.000799557 0.99999 0.0262692 0.0180332 -0.0110724
FixedParameters: 0 0 0

#Transform 81
Transform: AffineTransform_float_3_3
Parameters: 0.999988 0.00216528 -0.0045437 -0.00216135 0.999997 0.000809952 0.00454584 -0.000799959 0.999989 0.0247475 0.00240153 -0.0051379
FixedParameters: 0 0 0

#Transform 82
Transform: AffineTransform_float_3_3
Parameters: 0.999987 0.00202359 -0.00469629 -0.00202362 0.999998 -0.000120784 0.00469653 0.000130946 0.999989 0.0286956 0.0868904 -0.064836
FixedParameters: 0 0 0

#Transform 83
Transform: AffineTransform_float_3_3
Parameters: 0.999988 0.00186917 -0.00440517 -0.00186781 0.999998 0.000273179 0.00440638 -0.000265063 0.999991 0.025412 -0.0447586 -0.00519694
FixedParameters: 0 0 0

#Transform 84
Transform: AffineTransform_float_3_3
Parameters: 0.99999 0.00168415 -0.0041114 -0.00168345 0.999998 0.000237249 0.00411141 -0.00022993 0.999992 0.0361268 0.0512038 -0.0384234
FixedParameters: 0 0 0

#Transform 85
Transform: AffineTransform_float_3_3
Parameters: 0.999989 0.00165513 -0.00424526 -0.0016543 0.999998 0.000244593 0.00424528 -0.00023798 0.999991 0.0252888 -0.0213039 0.0180608
FixedParameters: 0 0 0

#Transform 86
Transform: AffineTransform_float_3_3
Parameters: 0.999991 0.00167231 -0.00390888 -0.00167533 0.999998 -0.000683664 0.00390809 0.000689801 0.999992 0.0333192 0.0410857 -0.0515699
FixedParameters: 0 0 0

#Transform 87
Transform: AffineTransform_float_3_3
Parameters: 0.999996 0.00113608 -0.00254226 -0.00113412 1 0.000623696 0.0025429 -0.000621147 0.999997 0.0600361 -0.0305834 -0.00286703
FixedParameters: 0 0 0

#Transform 88
Transform: AffineTransform_float_3_3
Parameters: 0.999995 0.00137762 -0.00305438 -0.00137925 0.999999 -0.000650791 0.00305411 0.000654579 0.999995 0.0390211 0.0367724 -0.0308612
FixedParameters: 0 0 0

#Transform 89
Transform: AffineTransform_float_3_3
Parameters: 0.999993 0.00147876 -0.00341528 -0.00148283 0.999998 -0.0012263 0.00341274 0.00123087 0.999993 0.0501941 0.0831445 -0.0871399
FixedParameters: 0 0 0

#Transform 90
Transform: AffineTransform_float_3_3
Parameters: 0.999992 0.00124825 -0.0039907 -0.00124744 0.999999 0.000380063 0.00399108 -0.000374395 0.999992 0.029699 -0.171327 0.110874
FixedParameters: 0 0 0

#Transform 91
Transform: AffineTransform_float_3_3
Parameters: 0.999984 0.00394475 -0.00389905 -0.00392945 0.999985 0.00383245 0.00391389 -0.00381689 0.999985 -0.0263697 -0.440451 0.131505
FixedParameters: 0 0 0

#Transform 92
Transform: AffineTransform_float_3_3
Parameters: 0.999992 0.00134233 -0.00391435 -0.00133171 0.999995 0.00277104 0.003918 -0.00276526 0.999988 0.0598841 0.491201 -0.452714
FixedParameters: 0 0 0

#Transform 93
Transform: AffineTransform_float_3_3
Parameters: 0.999989 0.000998961 -0.00445351 -0.000965279 0.999971 0.00750556 0.00446116 -0.00750116 0.999962 0.0731021 0.17522 -1.23318
FixedParameters: 0 0 0

#Transform 94
Transform: AffineTransform_float_3_3
Parameters: 0.999979 0.00149215 -0.00619276 -0.00141456 0.999921 0.0124987 0.00621119 -0.0124898 0.999903 0.0566909 0.220235 -1.02247
FixedParameters: 0 0 0

#Transform 95
Transform: AffineTransform_float_3_3
Parameters: 0.999984 0.00274367 -0.00490847 -0.00270564 0.999966 0.00777034 0.00492945 -0.00775721 0.999958 0.00975106 -0.0730722 -0.243418
FixedParameters: 0 0 0

#Transform 96
Transform: AffineTransform_float_3_3
Parameters: 0.999995 0.00227022 -0.00196279 -0.00226222 0.999987 0.00441421 0.00197254 -0.00440975 0.999989 -0.0924561 -0.108011 -0.0803977
FixedParameters: 0 0 0

#Transform 97
Transform: AffineTransform_float_3_3
Parameters: 0.999991 0.00142651 -0.00395466 -0.00140358 0.999982 0.00583655 0.00396293 -0.00583094 0.999975 -0.044852 -0.177143 0.0398425
FixedParameters: 0 0 0

#Transform 98
Transform: AffineTransform_float_3_3
Parameters: 0.999987 0.00263693 -0.00432497 -0.00262492 0.999993 0.00274574 0.0043327 -0.00273387 0.999986 -0.0551261 0.0169661 -0.12085
FixedParameters: 0 0 0

#Transform 99
Transform: AffineTransform_float_3_3
Parameters: 0.999988 0.00241422 -0.00440422 -0.00239886 0.999992 0.00334442 0.00441207 -0.00333327 0.999985 -0.0313067 -0.0123743 -0.148841
FixedParameters: 0 0 0

#Transform 100
Transform: AffineTransform_float_3_3
Parameters: 0.999988 0.00275287 -0.0040269 -0.00274212 0.999993 0.0026958 0.00403381 -0.00268497 0.999988 -0.0499603 0.0272437 -0.113429
FixedParameters: 0 0 0

#Transform 101
Transform: AffineTransform_float_3_3
Parameters: 0.999987 0.00236197 -0.0045053 -0.00235566 0.999996 0.00147782 0.00450862 -0.00146713 0.999989 -0.0377142 0.0894532 -0.16206
FixedParameters: 0 0 0

#Transform 102
Transform: AffineTransform_float_3_3
Parameters: 0.999987 0.00207074 -0.00467145 -0.00206451 0.999997 0.00128915 0.0046739 -0.00127908 0.999988 -0.00497507 0.00158957 -0.0983171
FixedParameters: 0 0 0

#Transform 103
Transform: AffineTransform_float_3_3
Parameters: 0.999991 0.0014411 -0.00415372 -0.00144225 0.999999 -0.00027472 0.00415368 0.000280166 0.999991 0.000933641 0.129795 -0.229992
FixedParameters: 0 0 0

#Transform 104
Transform: AffineTransform_float_3_3
Parameters: 0.999991 0.00144853 -0.003795 -0.00144531 0.999999 0.000842979 0.00379709 -0.000838026 0.999992 0.00520134 -0.0676381 -0.0955995
FixedParameters: 0 0 0

#Transform 105
Transform: AffineTransform_float_3_3
Parameters: 0.999991 0.000909251 -0.00396766 -0.000909968 1 -0.00035853 0.00396755 0.000362362 0.999992 0.0181164 0.0629773 -0.13105
FixedParameters: 0 0 0

#Transform 106
Transform: AffineTransform_float_3_3
Parameters: 0.999994 0.00105632 -0.00327749 -0.00106115 0.999998 -0.00172611 0.00327548 0.00172883 0.999993 0.00731508 0.0951907 -0.145303
FixedParameters: 0 0 0

#Transform 107
Transform: AffineTransform_float_3_3
Parameters: 0.999994 0.00105585 -0.00328966 -0.00105763 0.999999 -0.00077708 0.00328932 0.000779814 0.999995 0.0072596 0.0215161 -0.123136
FixedParameters: 0 0 0

#Transform 108
Transform: AffineTransform_float_3_3
Parameters: 0.999993 0.000727469 -0.00360553 -0.000731414 1 -0.000979399 0.00360443 0.000981767 0.999993 0.0149341 0.0978579 -0.116866
FixedParameters: 0 0 0

#Transform 109
Transform: AffineTransform_float_3_3
Parameters: 0.999995 0.00110833 -0.00303934 -0.00111378 0.999998 -0.00180285 0.0030372 0.00180678 0.999993 0.000897751 0.050554 -0.147855
FixedParameters: 0 0 0

#Transform 110
Transform: AffineTransform_float_3_3
Parameters: 0.999994 0.00120778 -0.00317461 -0.00121341 0.999998 -0.00175388 0.00317222 0.00175825 0.999994 0.00430317 0.0382551 -0.117954
FixedParameters: 0 0 0

#Transform 111
Transform: AffineTransform_float_3_3
Parameters: 0.999993 0.0016819 -0.00319619 -0.00168622 0.999998 -0.00138249 0.0031936 0.0013882 0.999994 0.000117673 0.0873373 -0.115333
FixedParameters: 0 0 0

#Transform 112
Transform: AffineTransform_float_3_3
Parameters: 0.999993 0.00160035 -0.00356091 -0.00160844 0.999997 -0.00210337 0.00355775 0.00210924 0.999991 0.00593699 0.0497055 -0.1407
FixedParameters: 0 0 0

#Transform 113
Transform: AffineTransform_float_3_3
Parameters: 0.999994 0.00146035 -0.00320231 -0.00146971 0.999994 -0.00287905 0.00319803 0.00288379 0.999991 0.00208637 0.00590033 -0.147504
FixedParameters: 0 0 0

#Transform 114
Transform: AffineTransform_float_3_3
Parameters: 0.999994 0.00134668 -0.00324544 -0.0013557 0.999995 -0.00275634 0.00324117 0.00276047 0.999991 -0.0169522 0.04375 -0.162797
FixedParameters: 0 0 0

#Transform 115
Transform: AffineTransform_float_3_3
Parameters: 0.999993 0.00150939 -0.00321155 -0.00151728 0.999995 -0.00245585 0.0032075 0.00246093 0.999992 -0.017061 0.055011 -0.168389
FixedParameters: 0 0 0

#Transform 116
Transform: AffineTransform_float_3_3
Parameters: 0.999992 0.00124024 -0.00364839 -0.00125138 0.999995 -0.00287518 0.00364419 0.00288045 0.999989 -0.00944092 0.0317464 -0.177673
FixedParameters: 0 0 0

#Transform 117
Transform: AffineTransform_float_3_3
Parameters: 0.999991 0.00151165 -0.00396207 -0.00152126 0.999996 -0.00232902 0.00395817 0.00233541 0.999989 -0.0105616 0.0252162 -0.13549
FixedParameters: 0 0 0

#Transform 118
Transform: AffineTransform_float_3_3
Parameters: 0.999992 0.00156241 -0.00372061 -0.00157497 0.999994 -0.00319877 0.00371528 0.00320439 0.999988 -0.0141426 0.0298884 -0.212971
FixedParameters: 0 0 0

#Transform 119
Transform: AffineTransform_float_3_3
Parameters: 0.999993 0.00147906 -0.00341109 -0.00149166 0.999992 -0.00367135 0.00340565 0.00367683 0.999987 -0.00778267 0.0372127 -0.202518
FixedParameters: 0 0 0

#Transform 120
Transform: AffineTransform_float_3_3
Parameters: 0.999994 0.00117302 -0.0034465 -0.00118733 0.999991 -0.00416726 0.00344172 0.00417207 0.999986 0.000477351 0.00867213 -0.214297
FixedParameters: 0 0 0

#Transform 121
Transform: AffineTransform_float_3_3
Parameters: 0.999992 0.00156046 -0.00372244 -0.00157522 0.999992 -0.00378577 0.00371583 0.00379138 0.999986 0.000523821 0.0221814 -0.195606
FixedParameters: 0 0 0

#Transform 122
Transform: AffineTransform_float_3_3
Parameters: 0.999994 0.00119714 -0.00345358 -0.00121368 0.999987 -0.00496909 0.00344797 0.00497318 0.999981 0.000472183 0.0752712 -0.223508
FixedParameters: 0 0 0

#Transform 123
Transform: AffineTransform_float_3_3
Parameters: 0.999993 0.00113441 -0.00363369 -0.00115392 0.999984 -0.00540164 0.00362728 0.00540613 0.999979 0.00354318 0.059532 -0.272159
FixedParameters: 0 0 0

#Transform 124
Transform: AffineTransform_float_3_3
Parameters: 0.999994 0.00126806 -0.0030351 -0.0012844 0.999985 -0.00530327 0.00302837 0.00530727 0.999982 0.000151418 0.0484761 -0.243733
FixedParameters: 0 0 0

#Transform 125
Transform: AffineTransform_float_3_3
Parameters: 0.999995 0.00135908 -0.00262836 -0.00137201 0.999987 -0.00506561 0.00262078 0.00506912 0.999983 0.00160661 0.0342492 -0.264922
FixedParameters: 0 0 0

#Transform 126
Transform: AffineTransform_float_3_3
Parameters: 0.999996 0.000965807 -0.0026 -0.000982119 0.999979 -0.00633949 0.00259327 0.00634264 0.999977 0.0133207 0.0586333 -0.28876
FixedParameters: 0 0 0

#Transform 127
Transform: AffineTransform_float_3_3
Parameters: 0.999996 0.000853431 -0.0027009 -0.00087176 0.999977 -0.00669633 0.00269574 0.00669858 0.999975 0.0115233 0.0592772 -0.311198
FixedParameters: 0 0 0

#Transform 128
Transform: AffineTransform_float_3_3
Parameters: 0.999995 0.000707636 -0.00284653 -0.000728157 0.999972 -0.00742849 0.00284141 0.00743107 0.999968 0.0241343 0.0649945 -0.338214
FixedParameters: 0 0 0

#Transform 129
Transform: AffineTransform_float_3_3
Parameters: 0.999994 0.000859618 -0.00331046 -0.00088073 0.999978 -0.00650357 0.00330565 0.00650642 0.999974 -0.00722387 0.0534687 -0.35853
FixedParameters: 0 0 0

#Transform 130
Transform: AffineTransform_float_3_3
Parameters: 0.999994 0.000905639 -0.00317596 -0.000926666 0.999977 -0.00673595 0.00316916 0.00673844 0.999972 -0.0149618 0.0285364 -0.358548
FixedParameters: 0 0 0

#Transform 131
Transform: AffineTransform_float_3_3
Parameters: 0.999996 0.000743498 -0.00295073 -0.000764197 0.999975 -0.00699309 0.00294496 0.00699512 0.999971 0.00017703 0.0426095 -0.313611
FixedParameters: 0 0 0

#Transform 132
Transform: AffineTransform_float_3_3
Parameters: 0.999996 0.000787343 -0.00275179 -0.000807559 0.999972 -0.00745363 0.00274566 0.00745518 0.999969 -0.0163459 0.0716752 -0.343093
FixedParameters: 0 0 0

#Transform 133
Transform: AffineTransform_float_3_3
Parameters: 0.999995 0.000838995 -0.00284084 -0.000858636 0.999975 -0.00694324 0.00283502 0.00694523 0.999971 -0.00232968 0.0217539 -0.33803
FixedParameters: 0 0 0

#Transform 134
Transform: AffineTransform_float_3_3
Parameters: 0.999994 0.000747683 -0.00320313 -0.000773835 0.999966 -0.00816028 0.00319737 0.00816315 0.999962 -0.0113926 0.101384 -0.351937
FixedParameters: 0 0 0

#Transform 135
Transform: AffineTransform_float_3_3
Parameters: 0.999996 0.000788165 -0.0029459 -0.000815407 0.999957 -0.00926895 0.00293846 0.00927125 0.999953 -0.0158955 0.0402859 -0.401028
FixedParameters: 0 0 0

#Transform 136
Transform: AffineTransform_float_3_3
Parameters: 0.999996 0.000786689 -0.00296502 -0.000810327 0.999969 -0.00786096 0.00295878 0.00786418 0.999965 -0.0158466 0.0271832 -0.337147
FixedParameters: 0 0 0

#Transform 137
Transform: AffineTransform_float_3_3
Parameters: 0.999995 0.000820523 -0.00299792 -0.000842979 0.99997 -0.00774072 0.00299114 0.00774329 0.999966 -0.0216388 0.028291 -0.323698
FixedParameters: 0 0 0

#Transform 138
Transform: AffineTransform_float_3_3
Parameters: 0.999995 0.000549758 -0.00314448 -0.000577847 0.999959 -0.00905736 0.00313931 0.0090594 0.999954 -0.0180717 0.0852437 -0.398172
FixedParameters: 0 0 0

#Transform 139
Transform: AffineTransform_float_3_3
Parameters: 0.999995 0.000850032 -0.00283731 -0.000872381 0.999967 -0.00802701 0.00283077 0.00802948 0.999964 -0.0176858 0.0109834 -0.366314
FixedParameters: 0 0 0

#Transform 140
Transform: AffineTransform_float_3_3
Parameters: 0.999997 0.00109881 -0.00243636 -0.00111819 0.999969 -0.00773874 0.00242755 0.0077418 0.999967 -0.0101449 0.0751385 -0.338684
FixedParameters: 0 0 0

#Transform 141
Transform: AffineTransform_float_3_3
Parameters: 0.999996 0.000741899 -0.00299829 -0.000768918 0.999959 -0.00903299 0.00299109 0.0090351 0.999955 0.00104943 0.11513 -0.362594
FixedParameters: 0 0 0

#Transform 142
Transform: AffineTransform_float_3_3
Parameters: 0.999995 0.000928221 -0.00297149 -0.00094497 0.999984 -0.00558059 0.00296568 0.00558241 0.99998 -0.017657 -0.0159405 -0.246888
FixedParameters: 0 0 0

#Transform 143
Transform: AffineTransform_float_3_3
Parameters: 0.999994 0.00108803 -0.00305969 -0.00110584 0.999981 -0.00598461 0.00305273 0.00598799 0.999978 -0.018221 0.0104921 -0.247668
FixedParameters: 0 0 0

#Transform 144
Transform: AffineTransform_float_3_3
Parameters: 0.999996 0.000872002 -0.00295042 -0.000892527 0.999977 -0.00683487 0.00294432 0.00683725 0.999972 -0.000772573 0.0729794 -0.327631
FixedParameters: 0 0 0

#Transform 145
Transform: AffineTransform_float_3_3
Parameters: 0.999995 0.00103395 -0.00293565 -0.00105077 0.999982 -0.00590133 0.00292972 0.00590371 0.999979 -0.00276477 0.0204124 -0.26402
FixedParameters: 0 0 0

#Transform 146
Transform: AffineTransform_float_3_3
Parameters: 0.999996 0.00100714 -0.00289359 -0.00102847 0.999974 -0.00714757 0.00288598 0.00715062 0.99997 -0.0123303 0.0435515 -0.292071
FixedParameters: 0 0 0

#Transform 147
Transform: AffineTransform_float_3_3
Parameters: 0.999995 0.00101599 -0.00284629 -0.00103966 0.999966 -0.00810266 0.00283811 0.00810567 0.999963 -0.00378792 0.01725 -0.314669
FixedParameters: 0 0 0

#Transform 148
Transform: AffineTransform_float_3_3
Parameters: 0.999995 0.000923553 -0.00287201 -0.000941717 0.999981 -0.0062309 0.0028658 0.00623342 0.999977 -0.0201643 0.0812136 -0.261881
FixedParameters: 0 0 0

#Transform 149
Transform: AffineTransform_float_3_3
Parameters: 0.999995 0.000923488 -0.00287327 -0.000942883 0.999977 -0.00665089 0.00286703 0.00665342 0.999973 -0.0228033 0.0285028 -0.285685
FixedParameters: 0 0 0

#Transform 150
Transform: AffineTransform_float_3_3
Parameters: 0.999996 0.001001 -0.00289623 -0.00102543 0.999964 -0.00843358 0.00288719 0.00843661 0.99996 -0.0181084 0.0280953 -0.310137
FixedParameters: 0 0 0

#Transform 151
Transform: AffineTransform_float_3_3
Parameters: 0.999995 0.000995178 -0.00296793 -0.00101837 0.999969 -0.00785041 0.00296038 0.00785355 0.999964 -0.0167636 0.0206367 -0.292344
FixedParameters: 0 0 0

#Transform 152
Transform: AffineTransform_float_3_3
Parameters: 0.999995 0.00116937 -0.00293097 -0.00119144 0.999972 -0.00742493 0.00292212 0.00742901 0.999968 -0.0160767 0.0375263 -0.236679
FixedParameters: 0 0 0

#Transform 153
Transform: AffineTransform_float_3_3
Parameters: 0.999995 0.00112562 -0.00272781 -0.00114764 0.999966 -0.00819283 0.00271864 0.00819577 0.999962 -0.0313084 0.0523888 -0.258665
FixedParameters: 0 0 0

#Transform 154
Transform: AffineTransform_float_3_3
Parameters: 0.999995 0.00193284 -0.00227979 -0.00195144 0.999962 -0.00849133 0.00226297 0.00849606 0.999962 -0.0227493 0.0138784 -0.239918
FixedParameters: 0 0 0

#Transform 155
Transform: AffineTransform_float_3_3
Parameters: 0.999996 0.00142124 -0.00237348 -0.00144006 0.999968 -0.00796524 0.00236196 0.00796926 0.999966 0.00944441 0.0899836 -0.237165
FixedParameters: 0 0 0

#Transform 156
Transform: AffineTransform_float_3_3
Parameters: 0.999998 0.00149401 -0.00171362 -0.00150855 0.999964 -0.00836732 0.00170084 0.00837018 0.999964 0.0112891 0.0187109 -0.247258
FixedParameters: 0 0 0

#Transform 157
Transform: AffineTransform_float_3_3
Parameters: 0.999997 0.00140584 -0.00169222 -0.00141873 0.999968 -0.00791756 0.00168122 0.00792007 0.999967 0.0188408 0.0170921 -0.219991
FixedParameters: 0 0 0

#Transform 158
Transform: AffineTransform_float_3_3
Parameters: 0.999998 0.000896871 -0.00185337 -0.000913172 0.999958 -0.00909081 0.00184548 0.00909273 0.999957 0.00762312 -0.0261364 -0.260771
FixedParameters: 0 0 0

#Transform 159
Transform: AffineTransform_float_3_3
Parameters: 0.999997 0.000881471 -0.00199198 -0.000896306 0.999972 -0.0074767 0.00198571 0.0074784 0.99997 0.0168035 0.00228682 -0.244462
FixedParameters: 0 0 0

#Transform 160
Transform: AffineTransform_float_3_3
Parameters: 0.999997 0.00109474 -0.00215189 -0.00111267 0.999966 -0.00820372 0.00214234 0.00820571 0.999964 0.00983109 0.0152644 -0.240642
FixedParameters: 0 0 0

#Transform 161
Transform: AffineTransform_float_3_3
Parameters: 0.999996 0.000664391 -0.00250823 -0.000681338 0.999979 -0.0064596 0.0025044 0.00646106 0.999977 0.0188198 0.0489248 -0.238792
FixedParameters: 0 0 0

#Transform 162
Transform: AffineTransform_float_3_3
Parameters: 0.999997 0.000825126 -0.00209004 -0.000841068 0.999969 -0.0078614 0.00208355 0.00786345 0.999967 0.0116801 0.0706803 -0.281626
FixedParameters: 0 0 0

#Transform 163
Transform: AffineTransform_float_3_3
Parameters: 0.999997 0.00115812 -0.00183575 -0.0011699 0.999977 -0.00674547 0.0018275 0.0067479 0.999976 -0.00969671 0.00176541 -0.239281
FixedParameters: 0 0 0

#Transform 164
Transform: AffineTransform_float_3_3
Parameters: 0.999997 0.000700632 -0.00241029 -0.00072192 0.999963 -0.00853676 0.00240412 0.00853918 0.999961 0.0111716 0.0516869 -0.323459
FixedParameters: 0 0 0

#Transform 165
Transform: AffineTransform_float_3_3
Parameters: 0.999997 0.000662602 -0.0024472 -0.000686677 0.999951 -0.00983074 0.00244004 0.00983212 0.999949 0.018175 0.0183727 -0.349806
FixedParameters: 0 0 0

#Transform 166
Transform: AffineTransform_float_3_3
Parameters: 0.999996 0.0010205 -0.00235006 -0.00104097 0.999961 -0.0087672 0.00234187 0.0087697 0.999959 0.0135711 0.0624854 -0.307121
FixedParameters: 0 0 0

#Transform 167
Transform: AffineTransform_float_3_3
Parameters: 0.999996 0.00121347 -0.00254485 -0.00123335 0.999968 -0.00793512 0.00253433 0.007939 0.999965 0.0141766 0.0278576 -0.262663
FixedParameters: 0 0 0

#Transform 168
Transform: AffineTransform_float_3_3
Parameters: 0.999995 0.000557942 -0.00287143 -0.000585993 0.999952 -0.00978408 0.00286647 0.00978453 0.999948 0.0273314 0.0146354 -0.319403
FixedParameters: 0 0 0

#Transform 169
Transform: AffineTransform_float_3_3
Parameters: 0.999997 0.00099849 -0.0023536 -0.00101834 0.999964 -0.00853225 0.00234432 0.00853465 0.999961 0.0136055 0.0437341 -0.271504
FixedParameters: 0 0 0

#Transform 170
Transform: AffineTransform_float_3_3
Parameters: 0.999997 0.00101454 -0.00223914 -0.00103662 0.999951 -0.0098407 0.00222961 0.00984253 0.999949 0.012133 0.039594 -0.346473
FixedParameters: 0 0 0

#Transform 171
Transform: AffineTransform_float_3_3
Parameters: 0.999996 0.00070827 -0.00253833 -0.000731743 0.999956 -0.00935661 0.00253096 0.00935793 0.999953 0.0188241 0.0148377 -0.310369
FixedParameters: 0 0 0

#Transform 172
Transform: AffineTransform_float_3_3
Parameters: 0.999995 0.000813087 -0.00304011 -0.000839641 0.999962 -0.00870364 0.00303336 0.00870624 0.999958 0.0248225 0.0114005 -0.22056
FixedParameters: 0 0 0

#Transform 173
Transform: AffineTransform_float_3_3
Parameters: 0.999998 0.000761074 -0.00220402 -0.000784443 0.999944 -0.0105932 0.00219495 0.0105943 0.999942 0.0185455 0.0202871 -0.36222
FixedParameters: 0 0 0

#Transform 174
Transform: AffineTransform_float_3_3
Parameters: 0.999996 0.00175085 -0.00245425 -0.00176773 0.999975 -0.00694622 0.00244248 0.00695076 0.999973 0.00836979 0.0193402 -0.219329
FixedParameters: 0 0 0

#Transform 175
Transform: AffineTransform_float_3_3
Parameters: 0.999995 3.77398e-06 -0.00309091 -2.78902e-05 0.999969 -0.00788001 0.00309047 0.00788035 0.999965 0.0525417 0.0307687 -0.252159
FixedParameters: 0 0 0

#Transform 176
Transform: AffineTransform_float_3_3
Parameters: 0.999996 0.0010544 -0.00237264 -0.0010802 0.999939 -0.010954 0.00236005 0.0109567 0.999937 0.0147039 0.0748857 -0.402101
FixedParameters: 0 0 0

#Transform 177
Transform: AffineTransform_float_3_3
Parameters: 0.999996 0.0010859 -0.00258285 -0.00110781 0.999963 -0.0086354 0.00257337 0.00863871 0.999959 0.0171303 0.0294103 -0.285845
FixedParameters: 0 0 0

#Transform 178
Transform: AffineTransform_float_3_3
Parameters: 0.999997 0.00137652 -0.00212666 -0.00139669 0.999951 -0.00983909 0.00211317 0.00984221 0.999949 0.00810604 0.0189267 -0.322331
FixedParameters: 0 0 0

#Transform 179
Transform: AffineTransform_float_3_3
Parameters: 0.999997 0.00118579 -0.00208618 -0.00120825 0.999941 -0.0107735 0.002073 0.0107761 0.99994 0.00951053 0.0136934 -0.384629
FixedParameters: 0 0 0

#Transform 180
Transform: AffineTransform_float_3_3
Parameters: 0.999997 0.000965012 -0.0020348 -0.00098674 0.999945 -0.0104584 0.00202428 0.0104605 0.999943 0.0107273 0.0068984 -0.351321
FixedParameters: 0 0 0

#Transform 181
Transform: AffineTransform_float_3_3
Parameters: 0.999997 0.00137599 -0.00212757 -0.00139747 0.999947 -0.0101471 0.00211322 0.0101502 0.999946 0.00819327 0.0319783 -0.350962
FixedParameters: 0 0 0

#Transform 182
Transform: AffineTransform_float_3_3
Parameters: 0.999997 0.00121434 -0.00203562 -0.00123726 0.999936 -0.0112117 0.00202173 0.011214 0.999935 0.00854216 0.0413355 -0.385262
FixedParameters: 0 0 0

#Transform 183
Transform: AffineTransform_float_3_3
Parameters: 0.999997 0.00137615 -0.0021273 -0.00139723 0.999948 -0.010054 0.00211321 0.0100563 0.999947 0.00812416 0.0137642 -0.339611
FixedParameters: 0 0 0

#Transform 184
Transform: AffineTransform_float_3_3
Parameters: 0.999997 0.00137577 -0.00212795 -0.00139681 0.999946 -0.0102761 0.00211304 0.0102792 0.999944 0.00805004 0.0119475 -0.307399
FixedParameters: 0 0 0

#Transform 185
Transform: AffineTransform_float_3_3
Parameters: 0.999997 0.00114592 -0.00207867 -0.00116938 0.999935 -0.0112928 0.00206493 0.0112948 0.999934 0.00970734 0.0229801 -0.365019
FixedParameters: 0 0 0

#Transform 186
Transform: AffineTransform_float_3_3
