# transform file /out/sourcedata/freesurfer/sub-v2s13x29129_ses-1/mri/transforms/cc_up.lta
# created by oesteban on Wed Mar 11 06:40:18 2026

type      = 0 # LINEAR_VOX_TO_VOX
nxforms   = 1
mean      = 127.0000 140.0000 117.0000
sigma     = 10000.0000
1 4 4
9.962313771247864e-01 2.161390893161297e-02 -8.400072902441025e-02 6.789042472839355e+00 
-2.153748273849487e-02 9.997665286064148e-01 1.816008239984512e-03 1.057079792022705e+01 
8.402035385370255e-02 0.000000000000000e+00 9.964641928672791e-01 1.170422363281250e+01 
0.000000000000000e+00 0.000000000000000e+00 0.000000000000000e+00 1.000000000000000e+00 
src volume info
valid = 1  # volume info valid
filename = /out/sourcedata/freesurfer/sub-v2s13x29129_ses-1/mri/norm.mgz
volume = 256 256 256
voxelsize = 8.984375000000000e-01 8.984375000000000e-01 8.984375000000000e-01
xras   = -9.999998807907104e-01 -1.483029948845527e-10 -3.239382720399142e-11
yras   = 8.098456800997855e-12 0.000000000000000e+00 -9.999998807907104e-01
zras   = -1.047737868686838e-10 9.999998807907104e-01 -8.292819764221804e-09
cras   = 7.350082397460938e-01 6.072769165039062e+00 4.126287078857422e+01
dst volume info
valid = 1  # volume info valid
filename = /out/sourcedata/freesurfer/sub-v2s13x29129_ses-1/mri/norm.mgz
volume = 256 256 256
voxelsize = 8.984375000000000e-01 8.984375000000000e-01 8.984375000000000e-01
xras   = -9.999998807907104e-01 -1.483029948845527e-10 -3.239382720399142e-11
yras   = 8.098456800997855e-12 0.000000000000000e+00 -9.999998807907104e-01
zras   = -1.047737868686838e-10 9.999998807907104e-01 -8.292819764221804e-09
cras   = 7.350082397460938e-01 6.072769165039062e+00 4.126287078857422e+01
