type      = 0 # LINEAR_VOX_TO_VOX
nxforms   = 1
mean      = 0.0000 0.0000 0.0000
sigma     = 1.0000
1 4 4
9.749186635017395e-01 3.980077453888953e-04 -6.424545496702194e-02 1.007395172119141e+01 
3.308136388659477e-02 1.025453090667725e+00 2.218170166015625e-01 -4.669978332519531e+01 
7.991151511669159e-02 -1.664507985115051e-01 9.647815227508545e-01 9.986968994140625e+00 
0.000000000000000e+00 0.000000000000000e+00 0.000000000000000e+00 1.000000000000000e+00 
src volume info
valid = 1  # volume info valid
filename = /out/sourcedata/freesurfer/sub-v2s13x29129_ses-1/mri/orig.mgz
volume = 256 256 256
voxelsize = 8.984375000000000e-01 8.984375000000000e-01 8.984375000000000e-01
xras   = -9.999998807907104e-01 -1.483029948845527e-10 -3.239382720399142e-11
yras   = 8.098456800997855e-12 0.000000000000000e+00 -9.999998807907104e-01
zras   = -1.047737868686838e-10 9.999998807907104e-01 -8.292819764221804e-09
cras   = 7.350082397460938e-01 6.072769165039062e+00 4.126287078857422e+01
dst volume info
valid = 1  # volume info valid
filename = /opt/freesurfer/average/mni305.cor.mgz
volume = 256 256 256
voxelsize = 1.000000000000000e+00 1.000000000000000e+00 1.000000000000000e+00
xras   = -1.000000000000000e+00 0.000000000000000e+00 0.000000000000000e+00
yras   = 0.000000000000000e+00 0.000000000000000e+00 -1.000000000000000e+00
zras   = 0.000000000000000e+00 1.000000000000000e+00 0.000000000000000e+00
cras   = 0.000000000000000e+00 0.000000000000000e+00 0.000000000000000e+00
subject fsaverage
fscale 0.100000
