# transform file transforms/talairach.lta
# created by oesteban on Wed Mar 11 05:13:00 2026

type      = 0 # LINEAR_VOX_TO_VOX
nxforms   = 1
mean      = 127.0000 140.0000 117.0000
sigma     = 10000.0000
1 4 4
9.257797598838806e-01 7.464833557605743e-03 -6.154233217239380e-02 1.391919231414795e+01 
3.429764648899436e-03 9.991675615310669e-01 1.945210844278336e-01 -3.580352783203125e+01 
4.043623059988022e-02 -1.909500360488892e-01 8.572787642478943e-01 3.303188705444336e+01 
0.000000000000000e+00 0.000000000000000e+00 0.000000000000000e+00 1.000000000000000e+00 
src volume info
valid = 1  # volume info valid
filename = nu.mgz
volume = 256 256 256
voxelsize = 8.984375000000000e-01 8.984375000000000e-01 8.984375000000000e-01
xras   = -9.999998807907104e-01 -1.483029948845527e-10 -3.239382720399142e-11
yras   = 8.098456800997855e-12 0.000000000000000e+00 -9.999998807907104e-01
zras   = -1.047737868686838e-10 9.999998807907104e-01 -8.292819764221804e-09
cras   = 7.350082397460938e-01 6.072769165039062e+00 4.126287078857422e+01
dst volume info
valid = 1  # volume info valid
filename = /opt/freesurfer/average/RB_all_2020-01-02.gca
volume = 256 256 256
voxelsize = 1.000000000000000e+00 1.000000000000000e+00 1.000000000000000e+00
xras   = -1.000000000000000e+00 0.000000000000000e+00 0.000000000000000e+00
yras   = 0.000000000000000e+00 0.000000000000000e+00 -1.000000000000000e+00
zras   = 0.000000000000000e+00 1.000000000000000e+00 0.000000000000000e+00
cras   = 0.000000000000000e+00 0.000000000000000e+00 0.000000000000000e+00
