type      = 1 # LINEAR_RAS_TO_RAS
nxforms   = 1
mean      = 0.0000 0.0000 0.0000
sigma     = 1.0000
1 4 4
1.085126996040344e+00 7.150799781084061e-02 4.429999971762300e-04 5.883000046014786e-02 
-8.894500136375427e-02 1.073843955993652e+00 1.852670013904572e-01 -1.969849395751953e+01 
3.682100027799606e-02 -2.468920052051544e-01 1.141373991966248e+00 -3.480931091308594e+01 
0.000000000000000e+00 0.000000000000000e+00 0.000000000000000e+00 1.000000000000000e+00 
src volume info
valid = 1  # volume info valid
filename = /out/sourcedata/freesurfer/sub-v2s13x29129_ses-1/mri/orig_nu.mgz
volume = 256 256 256
voxelsize = 8.984375000000000e-01 8.984375000000000e-01 8.984375000000000e-01
xras   = -9.999998807907104e-01 -1.483029948845527e-10 -3.239382720399142e-11
yras   = 8.098456800997855e-12 0.000000000000000e+00 -9.999998807907104e-01
zras   = -1.047737868686838e-10 9.999998807907104e-01 -8.292819764221804e-09
cras   = 7.350082397460938e-01 6.072769165039062e+00 4.126287078857422e+01
dst volume info
valid = 1  # volume info valid
filename = /opt/freesurfer/average/mni305.cor.mgz
volume = 256 256 256
voxelsize = 1.000000000000000e+00 1.000000000000000e+00 1.000000000000000e+00
xras   = -1.000000000000000e+00 0.000000000000000e+00 0.000000000000000e+00
yras   = 0.000000000000000e+00 0.000000000000000e+00 -1.000000000000000e+00
zras   = 0.000000000000000e+00 1.000000000000000e+00 0.000000000000000e+00
cras   = 0.000000000000000e+00 0.000000000000000e+00 0.000000000000000e+00
subject fsaverage
fscale 0.100000
