#Insight Transform File V1.0
#Transform 0
Transform: AffineTransform_float_3_3
Parameters: 0.999991 0.000617816 0.00426276 -0.000648692 0.999975 0.00709358 -0.00425807 -0.0070966 0.999965 -0.013255 0.0287956 0.23498
FixedParameters: 0 0 0

#Transform 1
Transform: AffineTransform_float_3_3
Parameters: 0.999994 0.00151705 0.003006 -0.001545 0.999954 0.00944178 -0.00299153 -0.00944701 0.999951 -0.0408279 0.0621405 0.306401
FixedParameters: 0 0 0

#Transform 2
Transform: AffineTransform_float_3_3
Parameters: 0.999994 0.00148103 0.00285951 -0.00150912 0.999949 0.00993877 -0.00284424 -0.00994246 0.999946 -0.0208249 0.0805363 0.315429
FixedParameters: 0 0 0

#Transform 3
Transform: AffineTransform_float_3_3
Parameters: 0.999997 0.000877476 0.00215477 -0.000898857 0.99995 0.00997305 -0.00214663 -0.00997604 0.999948 -0.0168765 0.0884383 0.336095
FixedParameters: 0 0 0

#Transform 4
Transform: AffineTransform_float_3_3
Parameters: 0.999997 0.000870381 0.00215803 -0.000885959 0.999972 0.00745596 -0.00215117 -0.00745799 0.999969 -0.0137022 0.139857 0.251162
FixedParameters: 0 0 0

#Transform 5
Transform: AffineTransform_float_3_3
Parameters: 0.999995 0.000444672 0.00288094 -0.000462856 0.999979 0.00639506 -0.00287774 -0.00639626 0.999976 0.0288531 -0.00765689 0.251961
FixedParameters: 0 0 0

#Transform 6
Transform: AffineTransform_float_3_3
Parameters: 0.999996 -0.000488773 0.00269508 0.000472408 0.999981 0.00617752 -0.00269804 -0.00617575 0.999977 0.0380995 0.0717877 0.184403
FixedParameters: 0 0 0

#Transform 7
Transform: AffineTransform_float_3_3
Parameters: 0.999995 -0.000904705 0.00315392 0.000885067 0.99998 0.00626095 -0.00315872 -0.00625828 0.999976 0.0426415 -0.023767 0.158946
FixedParameters: 0 0 0

#Transform 8
Transform: AffineTransform_float_3_3
Parameters: 0.999997 -0.00095099 0.00213283 0.00093977 0.999987 0.00508373 -0.00213681 -0.00508096 0.999985 0.0435399 0.0812125 0.108625
FixedParameters: 0 0 0

#Transform 9
Transform: AffineTransform_float_3_3
Parameters: 0.999998 0.000172495 0.00195272 -0.000182262 0.999989 0.00481888 -0.00195121 -0.00482 0.999986 0.0324004 0.0032094 0.0931365
FixedParameters: 0 0 0

#Transform 10
Transform: AffineTransform_float_3_3
Parameters: 0.999997 0.000209804 0.00210197 -0.00021841 0.999993 0.00392722 -0.00210124 -0.0039272 0.99999 0.0163238 0.0548472 0.117645
FixedParameters: 0 0 0

#Transform 11
Transform: AffineTransform_float_3_3
Parameters: 0.999999 -0.000592821 0.00170982 0.000587281 0.999995 0.00323017 -0.0017119 -0.00322991 0.999993 0.04162 -0.0595273 0.121863
FixedParameters: 0 0 0

#Transform 12
Transform: AffineTransform_float_3_3
Parameters: 0.999999 -0.000676556 0.00136745 0.000673839 0.999997 0.00222199 -0.00136922 -0.00222102 0.999996 0.0425048 -0.01128 0.0946064
FixedParameters: 0 0 0

#Transform 13
Transform: AffineTransform_float_3_3
Parameters: 0.999997 -0.000874502 0.00194466 0.000873288 0.999999 0.000879704 -0.00194569 -0.000877602 0.999998 0.0564731 -0.0578018 0.0364816
FixedParameters: 0 0 0

#Transform 14
Transform: AffineTransform_float_3_3
Parameters: 0.999999 -0.000481545 0.00171325 0.000479812 1 0.000795204 -0.00171426 -0.000793975 0.999999 0.0518612 -0.061303 0.0364327
FixedParameters: 0 0 0

#Transform 15
Transform: AffineTransform_float_3_3
Parameters: 0.999999 -0.000542833 0.000618989 0.000542946 1 -9.09697e-05 -0.00061889 9.16417e-05 1 0.0415169 0.0223888 -0.0340039
FixedParameters: 0 0 0

#Transform 16
Transform: AffineTransform_float_3_3
Parameters: 1 -0.000624486 0.000285203 0.000623976 0.999999 0.00128501 -0.000285834 -0.00128465 0.999999 0.0432741 -0.0200243 -0.0431308
FixedParameters: 0 0 0

#Transform 17
Transform: AffineTransform_float_3_3
Parameters: 1 -0.000521131 7.76395e-05 0.000520086 0.999999 0.000476184 -7.78942e-05 -0.0004761 1 0.0200744 -0.0218363 -0.0160131
FixedParameters: 0 0 0

#Transform 18
Transform: AffineTransform_float_3_3
Parameters: 1 -0.000336459 -0.000129474 0.000336599 1 0.000542531 0.000129109 -0.000542618 1 0.022715 -0.00531532 0.0042657
FixedParameters: 0 0 0

#Transform 19
Transform: AffineTransform_float_3_3
Parameters: 1 -0.00033139 -0.000190831 0.000331327 0.999999 0.00183505 0.000190831 -0.00183516 0.999999 -0.00159403 -0.00742342 0.0183186
FixedParameters: 0 0 0

#Transform 20
Transform: AffineTransform_float_3_3
Parameters: 1 1.64158e-05 -0.000163865 -1.62966e-05 1 0.000363641 0.000163877 -0.000363636 1 -0.00546542 -0.00540352 0.00237608
FixedParameters: 0 0 0

#Transform 21
Transform: AffineTransform_float_3_3
Parameters: 1 0.000290853 -1.31127e-05 -0.000290842 1 0.000439207 1.33681e-05 -0.000439199 1 0.0100922 -0.0531852 -0.0116792
FixedParameters: 0 0 0

#Transform 22
Transform: AffineTransform_float_3_3
Parameters: 1 -7.47552e-05 -0.000359876 7.48631e-05 1 0.000149845 0.000359854 -0.000149899 1 0.0129254 -0.0295092 0.0240374
FixedParameters: 0 0 0

#Transform 23
Transform: AffineTransform_float_3_3
Parameters: 1 0.000188739 -0.000418661 -0.00018927 1 -0.000634304 0.000418422 0.000634462 0.999999 0.0104188 0.00219928 -0.038182
FixedParameters: 0 0 0

#Transform 24
Transform: AffineTransform_float_3_3
Parameters: 1 0.000118201 -6.64923e-05 -0.000118232 1 -0.000235443 6.64367e-05 0.000235459 1 0.0109821 -0.0639511 -0.0109911
FixedParameters: 0 0 0

#Transform 25
Transform: AffineTransform_float_3_3
Parameters: 1 0.000188612 -0.00042038 -0.000188971 1 -0.000427311 0.000420219 0.00042747 1 -0.00655556 -0.043821 -0.0117291
FixedParameters: 0 0 0

#Transform 26
Transform: AffineTransform_float_3_3
Parameters: 1 8.34611e-07 -0.000367295 -7.33941e-07 1 -0.00116116 0.000367054 0.00116116 1 -0.000444843 -0.0624267 -0.0196666
FixedParameters: 0 0 0

#Transform 27
Transform: AffineTransform_float_3_3
Parameters: 1 0.000176734 -0.000466005 -0.000177456 0.999999 -0.000775719 0.00046573 0.000775884 0.999999 -0.0061921 -0.0605383 -0.00561193
FixedParameters: 0 0 0

#Transform 28
Transform: AffineTransform_float_3_3
Parameters: 0.999999 0.00075206 -3.49467e-05 -0.000752037 0.999999 0.000335514 3.54513e-05 -0.000335461 1 -0.0131515 -0.0293776 -0.0522412
FixedParameters: 0 0 0

#Transform 29
Transform: AffineTransform_float_3_3
Parameters: 1 0.000195306 0.000327402 -0.000194024 0.999998 -0.00200715 -0.000328179 0.00200702 0.999998 0.0161186 -0.0603168 -0.120204
FixedParameters: 0 0 0

#Transform 30
Transform: AffineTransform_float_3_3
Parameters: 1 0.000166142 0.000211004 -0.000165088 0.999998 -0.00200814 -0.000210695 0.00200808 0.999998 0.0170667 -0.0482226 -0.0709736
FixedParameters: 0 0 0

#Transform 31
Transform: AffineTransform_float_3_3
Parameters: 1 0.000135501 8.78347e-05 -0.000135222 0.999999 -0.00177919 -8.83123e-05 0.00177917 0.999999 0.0401926 -0.00212236 -0.0721694
FixedParameters: 0 0 0

#Transform 32
Transform: AffineTransform_float_3_3
Parameters: 1 0.0010727 0.000474778 -0.00107225 0.999999 -0.00123946 -0.000476233 0.00123934 0.999999 0.0295604 0.00411974 -0.150562
FixedParameters: 0 0 0

#Transform 33
Transform: AffineTransform_float_3_3
Parameters: 0.999999 0.000929048 0.000327946 -0.000929502 1 -0.000814878 -0.000329223 0.000814686 0.999999 0.0250104 -0.0166212 -0.114887
FixedParameters: 0 0 0

#Transform 34
Transform: AffineTransform_float_3_3
Parameters: 1 0.00101965 -0.000348461 -0.00102066 0.999997 -0.00211079 0.00034611 0.00211016 0.999998 0.0157185 -0.0197421 -0.130306
FixedParameters: 0 0 0

#Transform 35
Transform: AffineTransform_float_3_3
Parameters: 0.999999 0.00130037 -0.000598681 -0.00130179 0.999996 -0.00275327 0.000595167 0.00275439 0.999996 0.00300308 -0.0849755 -0.144259
FixedParameters: 0 0 0

#Transform 36
Transform: AffineTransform_float_3_3
Parameters: 0.999999 0.00126598 -0.000726176 -0.00126897 0.99999 -0.00430223 0.000720639 0.00430276 0.99999 -0.0018507 -0.0990791 -0.0866568
FixedParameters: 0 0 0

#Transform 37
Transform: AffineTransform_float_3_3
Parameters: 0.999999 0.00131757 -0.00127815 -0.00132401 0.999986 -0.00510789 0.00127124 0.00511042 0.999986 0.00273771 -0.103695 -0.128806
FixedParameters: 0 0 0

#Transform 38
Transform: AffineTransform_float_3_3
Parameters: 0.999999 0.00167615 -0.000815808 -0.00167985 0.999988 -0.00455841 0.000807813 0.00456025 0.999989 -0.000535413 -0.0926649 -0.187083
FixedParameters: 0 0 0

#Transform 39
Transform: AffineTransform_float_3_3
Parameters: 0.999998 0.00173921 -0.000844483 -0.00174367 0.999985 -0.00511744 0.000835919 0.00511862 0.999986 -0.00683622 -0.0679602 -0.178608
FixedParameters: 0 0 0

#Transform 40
Transform: AffineTransform_float_3_3
Parameters: 0.999998 0.00144128 -0.00130078 -0.00144964 0.999979 -0.00636402 0.00129166 0.00636649 0.999979 -0.00292524 -0.0765364 -0.235065
FixedParameters: 0 0 0

#Transform 41
Transform: AffineTransform_float_3_3
Parameters: 0.999997 0.00243569 -0.000266529 -0.00243661 0.999997 -0.00124689 0.000263604 0.00124769 0.999999 -0.0152449 -0.00585069 -0.113521
FixedParameters: 0 0 0

#Transform 42
Transform: AffineTransform_float_3_3
Parameters: 0.999998 0.00185554 -0.00123561 -0.001862 0.999982 -0.00566982 0.00122501 0.00567266 0.999983 -0.00761789 -0.0228171 -0.166675
FixedParameters: 0 0 0

#Transform 43
Transform: AffineTransform_float_3_3
Parameters: 0.999997 0.00171416 -0.00138216 -0.00171979 0.999988 -0.00460906 0.00137487 0.00461116 0.999988 0.0101654 -0.102136 -0.175941
FixedParameters: 0 0 0

#Transform 44
Transform: AffineTransform_float_3_3
Parameters: 0.999998 0.00183764 -0.000814539 -0.00184178 0.999989 -0.00438604 0.000806924 0.00438727 0.99999 -0.00765822 -0.0732411 -0.139294
FixedParameters: 0 0 0

#Transform 45
Transform: AffineTransform_float_3_3
Parameters: 0.999997 0.00186828 -0.00112639 -0.00187292 0.999989 -0.00426098 0.0011185 0.00426254 0.99999 0.00108059 -0.0580521 -0.20703
FixedParameters: 0 0 0

#Transform 46
Transform: AffineTransform_float_3_3
Parameters: 0.999998 0.00219893 -0.000610857 -0.00220106 0.999992 -0.00327235 0.000604236 0.00327368 0.999994 -0.00730539 -0.0741876 -0.161168
FixedParameters: 0 0 0

#Transform 47
Transform: AffineTransform_float_3_3
Parameters: 0.999998 0.00213015 -0.000883539 -0.00213425 0.99999 -0.00404315 0.000874818 0.00404468 0.999991 0.00473074 -0.0451891 -0.187316
FixedParameters: 0 0 0

#Transform 48
Transform: AffineTransform_float_3_3
Parameters: 0.999998 0.0019376 -0.000753864 -0.00193957 0.999994 -0.00288242 0.000748288 0.00288356 0.999995 0.0125697 -0.0507659 -0.200411
FixedParameters: 0 0 0

#Transform 49
Transform: AffineTransform_float_3_3
Parameters: 0.999998 0.0022144 -0.00073464 -0.00221705 0.99999 -0.00388088 0.000725948 0.00388325 0.999993 -0.012112 -0.0371772 -0.11731
FixedParameters: 0 0 0

#Transform 50
Transform: AffineTransform_float_3_3
Parameters: 0.999998 0.00211356 -0.000891339 -0.00211593 0.999992 -0.00346023 0.000884009 0.00346175 0.999994 -0.0107325 -0.058897 -0.1019
FixedParameters: 0 0 0

#Transform 51
Transform: AffineTransform_float_3_3
Parameters: 0.999997 0.00224486 -0.000786386 -0.00224689 0.999993 -0.00294736 0.000779709 0.00294953 0.999995 -0.0157637 -0.0835306 -0.0907007
FixedParameters: 0 0 0

#Transform 52
Transform: AffineTransform_float_3_3
Parameters: 0.999997 0.00202193 -0.000751177 -0.00202468 0.999992 -0.0035405 0.000743429 0.00354129 0.999993 0.00468282 -0.035868 -0.151495
FixedParameters: 0 0 0

#Transform 53
Transform: AffineTransform_float_3_3
Parameters: 0.999997 0.00199063 -0.000833038 -0.00199314 0.999993 -0.00306384 0.000827404 0.00306538 0.999995 0.000328049 -0.080167 -0.173179
FixedParameters: 0 0 0

#Transform 54
Transform: AffineTransform_float_3_3
Parameters: 0.999997 0.00229858 -0.000791216 -0.00230107 0.999991 -0.0035113 0.000783572 0.00351359 0.999993 -0.0103315 -0.0809174 -0.113673
FixedParameters: 0 0 0

#Transform 55
Transform: AffineTransform_float_3_3
Parameters: 0.999997 0.00235903 -0.000897744 -0.00236248 0.99999 -0.00375979 0.00088948 0.0037618 0.999992 -0.0135781 -0.0122414 -0.198884
FixedParameters: 0 0 0

#Transform 56
Transform: AffineTransform_float_3_3
Parameters: 0.999998 0.00205339 -0.00102849 -0.00205634 0.999994 -0.00270897 0.00102392 0.00271142 0.999996 -0.0164889 -0.0700069 -0.108711
FixedParameters: 0 0 0

#Transform 57
Transform: AffineTransform_float_3_3
Parameters: 0.999997 0.0019322 -0.000988591 -0.00193641 0.99999 -0.004146 0.000980831 0.00414805 0.999991 -0.00893153 -0.0103106 -0.117322
FixedParameters: 0 0 0

#Transform 58
Transform: AffineTransform_float_3_3
Parameters: 0.999996 0.00227062 -0.00124617 -0.00227614 0.999989 -0.00401808 0.00123812 0.00402063 0.999991 -0.00878418 -0.0506507 -0.119039
FixedParameters: 0 0 0

#Transform 59
Transform: AffineTransform_float_3_3
Parameters: 0.999997 0.00212705 -0.000306112 -0.0021273 0.999992 -0.0034223 0.000299331 0.00342271 0.999994 -0.0114896 -0.0903618 -0.119909
FixedParameters: 0 0 0

#Transform 60
Transform: AffineTransform_float_3_3
Parameters: 0.999997 0.00236518 -0.000872028 -0.00236887 0.999989 -0.00400063 0.000862579 0.00400252 0.999992 -0.013607 -0.0243409 -0.117757
FixedParameters: 0 0 0

#Transform 61
Transform: AffineTransform_float_3_3
Parameters: 0.999997 0.00235495 -0.000909856 -0.00235959 0.999987 -0.00447189 0.000899237 0.00447395 0.99999 0.0034377 -0.0722452 -0.157727
FixedParameters: 0 0 0

#Transform 62
Transform: AffineTransform_float_3_3
Parameters: 0.999997 0.00215806 -0.00122791 -0.00216333 0.999988 -0.00436705 0.00121901 0.0043706 0.99999 0.0059481 -0.0515742 -0.262841
FixedParameters: 0 0 0

#Transform 63
Transform: AffineTransform_float_3_3
Parameters: 0.999997 0.00219551 -0.00103363 -0.00219764 0.999994 -0.00265071 0.00102734 0.00265346 0.999996 -0.0114636 -0.0634025 -0.177806
FixedParameters: 0 0 0

#Transform 64
Transform: AffineTransform_float_3_3
Parameters: 0.999996 0.00260582 -0.00129245 -0.0026113 0.999987 -0.00441582 0.00128134 0.00441899 0.99999 -0.0159172 0.0165056 -0.225981
FixedParameters: 0 0 0

#Transform 65
Transform: AffineTransform_float_3_3
Parameters: 0.999996 0.00227481 -0.00179783 -0.0022839 0.999983 -0.00524846 0.00178488 0.00525265 0.999984 -0.0112617 -0.0679052 -0.233342
FixedParameters: 0 0 0

#Transform 66
Transform: AffineTransform_float_3_3
Parameters: 0.999994 0.00259158 -0.00218174 -0.00260232 0.999984 -0.0050437 0.00216823 0.00504927 0.999985 -0.0141452 -0.0507809 -0.247219
FixedParameters: 0 0 0

#Transform 67
Transform: AffineTransform_float_3_3
Parameters: 0.999995 0.00242667 -0.00229016 -0.00243904 0.999984 -0.00510688 0.00227703 0.00511226 0.999984 -0.0126769 0.0294536 -0.22914
FixedParameters: 0 0 0

#Transform 68
Transform: AffineTransform_float_3_3
Parameters: 0.999995 0.00227262 -0.00241063 -0.00228617 0.999983 -0.00534192 0.00239872 0.00534762 0.999983 -0.0100992 -0.0917146 -0.209465
FixedParameters: 0 0 0

#Transform 69
Transform: AffineTransform_float_3_3
Parameters: 0.999994 0.0026171 -0.00249384 -0.00262998 0.999981 -0.00556439 0.00247952 0.00557085 0.999981 -0.0262244 -0.0896398 -0.204899
FixedParameters: 0 0 0

#Transform 70
Transform: AffineTransform_float_3_3
Parameters: 0.999994 0.00271341 -0.00220263 -0.00272727 0.999978 -0.00612167 0.00218566 0.00612745 0.999979 -0.015246 -0.0889633 -0.210841
FixedParameters: 0 0 0

#Transform 71
Transform: AffineTransform_float_3_3
Parameters: 0.999994 0.0025482 -0.00222185 -0.00255993 0.999982 -0.00549232 0.00220819 0.00549745 0.999982 -0.013171 -0.127923 -0.217351
FixedParameters: 0 0 0

#Transform 72
Transform: AffineTransform_float_3_3
Parameters: 0.999994 0.00264111 -0.00243219 -0.00265645 0.999977 -0.00625201 0.00241492 0.00625915 0.999977 -0.0397364 -0.120167 -0.198095
FixedParameters: 0 0 0

#Transform 73
Transform: AffineTransform_float_3_3
Parameters: 0.999993 0.00246745 -0.00286421 -0.0024865 0.999974 -0.00671088 0.00284781 0.00671803 0.999973 -0.0375097 -0.144395 -0.235191
FixedParameters: 0 0 0

#Transform 74
Transform: AffineTransform_float_3_3
Parameters: 0.999993 0.00249804 -0.00299876 -0.00252015 0.999971 -0.0073158 0.00298036 0.00732335 0.999968 -0.0405663 -0.12168 -0.206406
FixedParameters: 0 0 0

#Transform 75
Transform: AffineTransform_float_3_3
Parameters: 0.999992 0.00250396 -0.00311962 -0.00252495 0.999973 -0.0068212 0.00310266 0.00682896 0.999972 -0.0403255 -0.142095 -0.227816
FixedParameters: 0 0 0

#Transform 76
Transform: AffineTransform_float_3_3
Parameters: 0.999993 0.00256036 -0.00286762 -0.00257641 0.999981 -0.00552151 0.00285293 0.00552918 0.999981 -0.0421905 -0.016183 -0.126784
FixedParameters: 0 0 0

#Transform 77
Transform: AffineTransform_float_3_3
Parameters: 0.999994 0.00237057 -0.00268716 -0.00239203 0.999966 -0.00789725 0.00266908 0.00790391 0.999965 -0.0249258 -0.12578 -0.156349
FixedParameters: 0 0 0

#Transform 78
Transform: AffineTransform_float_3_3
Parameters: 0.999993 0.00212315 -0.00297478 -0.00214584 0.999971 -0.00734871 0.00295882 0.00735483 0.999969 -0.0365569 -0.148333 -0.174765
FixedParameters: 0 0 0

#Transform 79
Transform: AffineTransform_float_3_3
Parameters: 0.999993 0.0026086 -0.00266073 -0.00262676 0.999973 -0.00691637 0.00264259 0.00692279 0.999973 -0.0480467 -0.0314745 -0.18105
FixedParameters: 0 0 0

#Transform 80
Transform: AffineTransform_float_3_3
Parameters: 0.999996 0.00226642 -0.0020336 -0.00228038 0.999974 -0.00687769 0.00201842 0.00688255 0.999975 -0.0378329 -0.0559451 -0.135377
FixedParameters: 0 0 0

#Transform 81
Transform: AffineTransform_float_3_3
Parameters: 0.999995 0.0022775 -0.00223467 -0.00229377 0.999973 -0.00704208 0.00221933 0.00704656 0.999973 -0.0393737 -0.117151 -0.183689
FixedParameters: 0 0 0

#Transform 82
Transform: AffineTransform_float_3_3
Parameters: 0.999993 0.00236605 -0.00265217 -0.00238379 0.999973 -0.00695004 0.00263504 0.00695647 0.999972 -0.0398783 -0.107942 -0.219085
FixedParameters: 0 0 0

#Transform 83
Transform: AffineTransform_float_3_3
Parameters: 0.999994 0.0021385 -0.00272266 -0.00215996 0.999967 -0.00787835 0.00270615 0.00788391 0.999965 -0.0373735 -0.0904484 -0.243255
FixedParameters: 0 0 0

#Transform 84
Transform: AffineTransform_float_3_3
Parameters: 0.999993 0.00221634 -0.00276309 -0.00223764 0.999968 -0.00773731 0.00274597 0.00774346 0.999966 -0.0378311 -0.160358 -0.208597
FixedParameters: 0 0 0

#Transform 85
Transform: AffineTransform_float_3_3
Parameters: 0.999992 0.00264295 -0.00292564 -0.00266548 0.999966 -0.00785279 0.00290494 0.00786083 0.999965 -0.0425286 -0.102442 -0.201859
FixedParameters: 0 0 0

#Transform 86
Transform: AffineTransform_float_3_3
Parameters: 0.999994 0.00243205 -0.00270688 -0.00245302 0.999967 -0.00775013 0.00268854 0.00775722 0.999966 -0.0363191 -0.14458 -0.20425
FixedParameters: 0 0 0

#Transform 87
Transform: AffineTransform_float_3_3
Parameters: 0.999994 0.00241184 -0.00268149 -0.002433 0.999965 -0.00803624 0.00266185 0.00804174 0.999964 -0.0404912 -0.0825936 -0.222154
FixedParameters: 0 0 0

#Transform 88
Transform: AffineTransform_float_3_3
Parameters: 0.999991 0.00272362 -0.00326845 -0.0027521 0.999957 -0.00885233 0.00324464 0.00886099 0.999955 -0.0430367 -0.0696034 -0.250227
FixedParameters: 0 0 0

#Transform 89
Transform: AffineTransform_float_3_3
Parameters: 0.999993 0.0022268 -0.00314278 -0.00225376 0.999962 -0.0084293 0.00312433 0.00843594 0.99996 -0.0375226 -0.110782 -0.25977
FixedParameters: 0 0 0

#Transform 90
Transform: AffineTransform_float_3_3
Parameters: 0.999991 0.00213597 -0.00378257 -0.00217235 0.999953 -0.00948621 0.00376177 0.00949511 0.999948 -0.050075 -0.127732 -0.235979
FixedParameters: 0 0 0

#Transform 91
Transform: AffineTransform_float_3_3
Parameters: 0.999991 0.00215334 -0.00378497 -0.00219021 0.999949 -0.00985716 0.00376369 0.00986621 0.999945 -0.0355978 -0.164223 -0.24127
FixedParameters: 0 0 0

#Transform 92
Transform: AffineTransform_float_3_3
Parameters: 0.999993 0.0023034 -0.00313067 -0.00233099 0.999957 -0.0089439 0.00311 0.00895097 0.999955 -0.0383989 -0.122798 -0.231811
FixedParameters: 0 0 0

#Transform 93
Transform: AffineTransform_float_3_3
Parameters: 0.999993 0.00234335 -0.00310867 -0.0023729 0.99995 -0.00973291 0.00308598 0.00974056 0.999947 -0.0390091 -0.0932538 -0.256924
FixedParameters: 0 0 0

#Transform 94
Transform: AffineTransform_float_3_3
Parameters: 0.999992 0.00231399 -0.00316952 -0.00234121 0.999962 -0.00839932 0.00314973 0.00840616 0.999959 -0.0381888 -0.1583 -0.236753
FixedParameters: 0 0 0

#Transform 95
Transform: AffineTransform_float_3_3
Parameters: 0.999991 0.00241079 -0.00340607 -0.00243949 0.999964 -0.00821728 0.00338627 0.00822501 0.99996 -0.0394253 -0.0741022 -0.217474
FixedParameters: 0 0 0

#Transform 96
Transform: AffineTransform_float_3_3
Parameters: 0.999993 0.00239913 -0.00306074 -0.00242602 0.999958 -0.00887531 0.00303893 0.00888217 0.999956 -0.0395319 -0.0995895 -0.264275
FixedParameters: 0 0 0

#Transform 97
Transform: AffineTransform_float_3_3
Parameters: 0.999992 0.00237908 -0.00296569 -0.00240439 0.999962 -0.00832786 0.00294565 0.00833502 0.999961 -0.0392756 -0.145314 -0.251502
FixedParameters: 0 0 0

#Transform 98
Transform: AffineTransform_float_3_3
Parameters: 0.999992 0.0028303 -0.0028552 -0.00285535 0.999958 -0.0088109 0.00282975 0.00881918 0.999957 -0.0445756 -0.118859 -0.204937
FixedParameters: 0 0 0

#Transform 99
Transform: AffineTransform_float_3_3
Parameters: 0.999991 0.0026741 -0.00344426 -0.00270834 0.999947 -0.00992535 0.00341844 0.00993513 0.999945 -0.0417931 -0.133206 -0.255359
FixedParameters: 0 0 0

#Transform 100
Transform: AffineTransform_float_3_3
Parameters: 0.999993 0.00252537 -0.00292168 -0.0025508 0.999959 -0.00871925 0.00289891 0.00872659 0.999957 -0.041032 -0.130303 -0.222654
FixedParameters: 0 0 0

#Transform 101
Transform: AffineTransform_float_3_3
Parameters: 0.999991 0.00272533 -0.00324378 -0.00275778 0.999945 -0.0101072 0.00321622 0.0101158 0.999944 -0.0426535 -0.135739 -0.269102
FixedParameters: 0 0 0

#Transform 102
Transform: AffineTransform_float_3_3
Parameters: 0.999992 0.0028667 -0.00271365 -0.00289015 0.999957 -0.00884096 0.00268862 0.00884865 0.999957 -0.0446119 -0.161943 -0.271201
FixedParameters: 0 0 0

#Transform 103
Transform: AffineTransform_float_3_3
Parameters: 0.999993 0.00270219 -0.00252949 -0.0027211 0.999968 -0.00755256 0.00250951 0.00755921 0.999968 -0.0111012 -0.0231794 -0.367088
FixedParameters: 0 0 0

#Transform 104
Transform: AffineTransform_float_3_3
Parameters: 0.999992 0.00172232 -0.00365498 -0.00174093 0.999986 -0.00508613 0.00364618 0.00509269 0.999981 0.00119348 -0.0333403 -0.431831
FixedParameters: 0 0 0

#Transform 105
Transform: AffineTransform_float_3_3
Parameters: 0.999994 0.00256308 -0.00232997 -0.00257282 0.999989 -0.00399688 0.00232066 0.00400262 0.999989 -0.0202453 -0.139304 -0.383707
FixedParameters: 0 0 0

#Transform 106
Transform: AffineTransform_float_3_3
Parameters: 0.999992 0.00317962 -0.00240697 -0.00318596 0.999991 -0.00262237 0.00239905 0.00263009 0.999994 -0.0493904 0.00842786 -0.363187
FixedParameters: 0 0 0

#Transform 107
Transform: AffineTransform_float_3_3
Parameters: 0.99999 0.00347593 -0.0025657 -0.00348133 0.999991 -0.00223137 0.00255797 0.00224114 0.999994 -0.0525809 0.0365728 -0.349494
FixedParameters: 0 0 0

#Transform 108
Transform: AffineTransform_float_3_3
Parameters: 0.999991 0.00310378 -0.0026996 -0.00311341 0.999989 -0.00339192 0.00268876 0.00340069 0.999991 -0.0481764 -0.00402644 -0.368077
FixedParameters: 0 0 0

#Transform 109
Transform: AffineTransform_float_3_3
Parameters: 0.999992 0.00310605 -0.00270689 -0.00311151 0.999993 -0.00204017 0.00270007 0.0020485 0.999994 -0.0475174 -0.105693 -0.369702
FixedParameters: 0 0 0

#Transform 110
Transform: AffineTransform_float_3_3
Parameters: 0.99999 0.00334704 -0.00276847 -0.00335136 0.999993 -0.00178682 0.00276236 0.00179639 0.999994 -0.0507212 -0.00258418 -0.378772
FixedParameters: 0 0 0

#Transform 111
Transform: AffineTransform_float_3_3
Parameters: 0.999992 0.00320445 -0.00231189 -0.00321007 0.999992 -0.00226183 0.00230444 0.00226993 0.999995 -0.0495418 -0.0100661 -0.451053
FixedParameters: 0 0 0

#Transform 112
Transform: AffineTransform_float_3_3
Parameters: 0.999992 0.00321116 -0.00229027 -0.00321559 0.999993 -0.00176263 0.00228529 0.00176974 0.999996 -0.0497712 -0.00439798 -0.385284
FixedParameters: 0 0 0

#Transform 113
Transform: AffineTransform_float_3_3
Parameters: 0.999993 0.00322608 -0.00221523 -0.00323397 0.999989 -0.00330149 0.00220462 0.00330863 0.999992 -0.0500579 0.00854033 -0.417851
FixedParameters: 0 0 0

#Transform 114
Transform: AffineTransform_float_3_3
Parameters: 0.99999 0.00347281 -0.00279653 -0.00347971 0.99999 -0.00253442 0.00278745 0.00254402 0.999993 -0.0516565 -0.054819 -0.373333
FixedParameters: 0 0 0

#Transform 115
Transform: AffineTransform_float_3_3
Parameters: 0.999992 0.0031038 -0.00269962 -0.00311339 0.999989 -0.00338892 0.0026888 0.00339769 0.999991 -0.0481733 0.0175977 -0.369008
FixedParameters: 0 0 0

#Transform 116
Transform: AffineTransform_float_3_3
Parameters: 0.999995 0.00291975 -0.00169015 -0.00292177 0.999994 -0.00145943 0.00168504 0.00146432 0.999997 -0.0318365 0.0398567 -0.358499
FixedParameters: 0 0 0

#Transform 117
Transform: AffineTransform_float_3_3
Parameters: 0.999993 0.00278458 -0.00221303 -0.00279137 0.999991 -0.00316546 0.00220392 0.00317154 0.999992 -0.0274676 0.0168168 -0.3598
FixedParameters: 0 0 0

#Transform 118
Transform: AffineTransform_float_3_3
Parameters: 0.999993 0.00246782 -0.00278551 -0.0024802 0.999987 -0.00455443 0.0027742 0.00456203 0.999986 -0.025061 -0.00264567 -0.449925
FixedParameters: 0 0 0

#Transform 119
Transform: AffineTransform_float_3_3
Parameters: 0.999994 0.00313496 -0.00161609 -0.00313602 0.999995 -0.000477666 0.00161505 0.000482354 0.999998 -0.0457827 -0.0290649 -0.301949
FixedParameters: 0 0 0

#Transform 120
Transform: AffineTransform_float_3_3
Parameters: 0.999993 0.00295869 -0.00225077 -0.00296505 0.999992 -0.00275233 0.00224228 0.00275894 0.999994 -0.0460388 0.00936245 -0.392798
FixedParameters: 0 0 0

#Transform 121
Transform: AffineTransform_float_3_3
Parameters: 0.999991 0.00292441 -0.00288107 -0.00293156 0.999993 -0.0026246 0.00287303 0.00263344 0.999993 -0.0412509 -0.0383004 -0.400234
FixedParameters: 0 0 0

#Transform 122
Transform: AffineTransform_float_3_3
Parameters: 0.999991 0.00285798 -0.00291247 -0.00286772 0.99999 -0.00349604 0.00290222 0.0035047 0.999989 -0.0328588 -0.00425635 -0.400512
FixedParameters: 0 0 0

#Transform 123
Transform: AffineTransform_float_3_3
Parameters: 0.999992 0.00291604 -0.00267296 -0.00292554 0.999989 -0.00358353 0.00266202 0.00359202 0.99999 -0.0462372 0.00555801 -0.457426
FixedParameters: 0 0 0

#Transform 124
Transform: AffineTransform_float_3_3
Parameters: 0.999992 0.00299695 -0.00237617 -0.00300277 0.999992 -0.00249483 0.00236902 0.00250148 0.999994 -0.0327476 -0.00916399 -0.426709
FixedParameters: 0 0 0

#Transform 125
Transform: AffineTransform_float_3_3
Parameters: 0.99999 0.00332705 -0.0027251 -0.00333644 0.999989 -0.00313944 0.00271466 0.00314912 0.999992 -0.040142 0.0572021 -0.425465
FixedParameters: 0 0 0

#Transform 126
Transform: AffineTransform_float_3_3
Parameters: 0.999993 0.00306874 -0.00223894 -0.00307471 0.999992 -0.00241089 0.0022312 0.00241792 0.999995 -0.0287444 -0.0126861 -0.457799
FixedParameters: 0 0 0

#Transform 127
Transform: AffineTransform_float_3_3
Parameters: 0.999993 0.00319278 -0.0022116 -0.00319743 0.999993 -0.00214557 0.00220496 0.00215251 0.999995 -0.018282 0.026872 -0.43057
FixedParameters: 0 0 0

#Transform 128
Transform: AffineTransform_float_3_3
Parameters: 0.999993 0.00310973 -0.00214455 -0.00311599 0.99999 -0.00292026 0.00213515 0.00292689 0.999993 -0.0225249 0.0408901 -0.454535
FixedParameters: 0 0 0

#Transform 129
Transform: AffineTransform_float_3_3
Parameters: 0.999992 0.00340242 -0.00197017 -0.00340844 0.999989 -0.00323973 0.00195882 0.00324686 0.999993 -0.0212096 0.0395475 -0.275457
FixedParameters: 0 0 0

#Transform 130
Transform: AffineTransform_float_3_3
Parameters: 0.999989 0.00419347 -0.00182991 -0.00419356 0.999991 -2.37147e-05 0.00182972 3.17309e-05 0.999998 -0.0785057 -0.143769 1.13538
FixedParameters: 0 0 0

#Transform 131
Transform: AffineTransform_float_3_3
Parameters: 0.999992 0.00358777 -0.00211106 -0.00358631 0.999993 0.000396994 0.00211296 -0.000389545 0.999998 -0.0801079 -0.0381198 0.960105
FixedParameters: 0 0 0

#Transform 132
Transform: AffineTransform_float_3_3
Parameters: 0.999991 0.00372934 -0.00212598 -0.0037379 0.999985 -0.00410291 0.00211068 0.00411068 0.999989 -0.0590147 0.0287773 0.313073
FixedParameters: 0 0 0

#Transform 133
Transform: AffineTransform_float_3_3
Parameters: 0.999992 0.00345405 -0.00206112 -0.00346015 0.999989 -0.00311498 0.0020503 0.00312205 0.999994 -0.0217023 -0.0196926 -0.0678148
FixedParameters: 0 0 0

#Transform 134
Transform: AffineTransform_float_3_3
Parameters: 0.999994 0.0024206 -0.00267455 -0.00243978 0.999969 -0.00746998 0.00265679 0.00747684 0.999969 -0.0152544 0.0198719 -0.30023
FixedParameters: 0 0 0

#Transform 135
Transform: AffineTransform_float_3_3
Parameters: 0.999996 0.00242057 -0.00100795 -0.00242941 0.999952 -0.00939938 0.000984553 0.00940122 0.999955 -0.0176667 -0.0370589 -0.0994491
FixedParameters: 0 0 0

#Transform 136
Transform: AffineTransform_float_3_3
Parameters: 0.999996 0.00204197 -0.00212019 -0.00205459 0.999979 -0.00612493 0.00210828 0.00612922 0.999979 -0.0115383 -0.0741287 -0.197721
FixedParameters: 0 0 0

#Transform 137
Transform: AffineTransform_float_3_3
Parameters: 0.999994 0.00250235 -0.00230521 -0.00252183 0.999962 -0.00839278 0.00228403 0.00839865 0.999963 -0.0162538 -0.0424175 -0.35134
FixedParameters: 0 0 0

#Transform 138
Transform: AffineTransform_float_3_3
Parameters: 0.999996 0.00200907 -0.00220636 -0.00202824 0.999961 -0.0085264 0.00219 0.00853141 0.999961 -0.01835 -0.0910916 -0.310131
FixedParameters: 0 0 0

#Transform 139
Transform: AffineTransform_float_3_3
Parameters: 0.999995 0.00221372 -0.00187033 -0.00222982 0.999959 -0.00877115 0.00185088 0.00877552 0.999959 -0.0098767 -0.0801774 -0.365826
FixedParameters: 0 0 0

#Transform 140
Transform: AffineTransform_float_3_3
Parameters: 0.999997 0.00181492 -0.00160802 -0.00182701 0.999972 -0.00726338 0.00159524 0.00726661 0.999972 0.00464597 -0.118557 -0.363173
FixedParameters: 0 0 0

#Transform 141
Transform: AffineTransform_float_3_3
Parameters: 0.999995 0.00229869 -0.00216733 -0.00231949 0.999949 -0.00975241 0.00214477 0.00975718 0.99995 -0.00654181 -0.0613458 -0.427039
FixedParameters: 0 0 0

#Transform 142
Transform: AffineTransform_float_3_3
Parameters: 0.999996 0.00189883 -0.00207545 -0.0019149 0.999967 -0.00791995 0.00206062 0.00792483 0.999967 -0.00119084 -0.112415 -0.390153
FixedParameters: 0 0 0

#Transform 143
Transform: AffineTransform_float_3_3
Parameters: 0.999996 0.00215341 -0.00213469 -0.00217289 0.999958 -0.00893371 0.00211509 0.00893857 0.999958 -0.00421105 -0.00488799 -0.362082
FixedParameters: 0 0 0

#Transform 144
Transform: AffineTransform_float_3_3
Parameters: 0.999997 0.00188885 -0.0019271 -0.00190687 0.999951 -0.00973422 0.00190898 0.00973716 0.999951 0.00764525 -0.0790303 -0.48147
FixedParameters: 0 0 0

#Transform 145
Transform: AffineTransform_float_3_3
Parameters: 0.999998 0.00140783 -0.00180824 -0.00142422 0.999954 -0.00951871 0.00179427 0.00952167 0.999953 0.0308925 -0.0931293 -0.532667
FixedParameters: 0 0 0

#Transform 146
Transform: AffineTransform_float_3_3
Parameters: 0.999999 0.00149006 2.71692e-05 -0.00149032 0.999967 -0.0078887 -3.92159e-05 0.00788823 0.999969 0.0557413 -0.120557 -0.431772
FixedParameters: 0 0 0

#Transform 147
Transform: AffineTransform_float_3_3
Parameters: 0.999999 0.00156508 3.08273e-05 -0.00156525 0.999937 -0.0110727 -4.88694e-05 0.0110722 0.999938 0.0586136 -0.171148 -0.480425
FixedParameters: 0 0 0

#Transform 148
Transform: AffineTransform_float_3_3
Parameters: 0.999998 0.00179091 0.000648288 -0.00178449 0.999949 -0.00997538 -0.000665928 0.00997449 0.99995 0.0559253 -0.207503 -0.48024
FixedParameters: 0 0 0

#Transform 149
Transform: AffineTransform_float_3_3
Parameters: 0.999997 0.00213494 0.000544406 -0.00213 0.999962 -0.0085571 -0.000563379 0.00855573 0.999963 0.0394304 -0.138172 -0.467131
FixedParameters: 0 0 0

#Transform 150
Transform: AffineTransform_float_3_3
Parameters: 0.999998 0.00188735 -0.000413316 -0.00189042 0.999953 -0.00944423 0.000394954 0.00944543 0.999956 0.0522082 -0.146692 -0.529033
FixedParameters: 0 0 0

#Transform 151
Transform: AffineTransform_float_3_3
Parameters: 0.999997 0.00208515 -0.000613671 -0.00209006 0.999958 -0.00889344 0.000594578 0.00889518 0.999961 0.0299972 -0.0971881 -0.497856
FixedParameters: 0 0 0

#Transform 152
Transform: AffineTransform_float_3_3
Parameters: 0.999998 0.00194096 -0.00060274 -0.00194814 0.999931 -0.0116189 0.000580504 0.01162 0.999932 0.0402917 -0.155536 -0.545101
FixedParameters: 0 0 0

#Transform 153
Transform: AffineTransform_float_3_3
Parameters: 0.999998 0.00189243 -0.000592401 -0.00189915 0.999935 -0.0112737 0.000571626 0.0112751 0.999937 0.0525754 -0.159722 -0.557057
FixedParameters: 0 0 0

#Transform 154
Transform: AffineTransform_float_3_3
Parameters: 0.999998 0.00188074 -0.000590507 -0.00188646 0.999937 -0.0111027 0.000569436 0.0111041 0.999938 0.0524816 -0.13824 -0.589486
FixedParameters: 0 0 0

#Transform 155
Transform: AffineTransform_float_3_3
Parameters: 0.999998 0.00157394 -0.000188329 -0.00157527 0.999967 -0.0080544 0.000175884 0.00805503 0.999967 0.0122757 0.0370003 -0.661729
FixedParameters: 0 0 0

#Transform 156
Transform: AffineTransform_float_3_3
Parameters: 0.999998 0.00149069 -0.000515737 -0.00149383 0.999972 -0.00735749 0.000504998 0.00735864 0.999973 -0.0392685 0.0559252 -0.587557
FixedParameters: 0 0 0

#Transform 157
Transform: AffineTransform_float_3_3
Parameters: 0.999999 0.000750616 -0.00131371 -0.000763329 0.999954 -0.00955462 0.0013064 0.00955577 0.999953 0.0028657 -0.101712 -0.583162
FixedParameters: 0 0 0

#Transform 158
Transform: AffineTransform_float_3_3
Parameters: 0.999998 0.000506892 -0.00215515 -0.000527169 0.999956 -0.00933539 0.00214975 0.0093368 0.999955 0.00781653 -0.240366 -0.560003
FixedParameters: 0 0 0

#Transform 159
Transform: AffineTransform_float_3_3
Parameters: 0.999999 0.000737666 -0.00116771 -0.00075008 0.999938 -0.0110416 0.00115919 0.0110425 0.999938 0.0462551 -0.175455 -0.524527
FixedParameters: 0 0 0

#Transform 160
Transform: AffineTransform_float_3_3
Parameters: 0.999999 0.0010974 -0.000873116 -0.00110814 0.999918 -0.0128019 0.000859386 0.0128025 0.999918 0.0425606 -0.250229 -0.575712
FixedParameters: 0 0 0

#Transform 161
Transform: AffineTransform_float_3_3
Parameters: 1 0.00112071 -0.000261827 -0.00112371 0.9999 -0.0140592 0.000245517 0.0140599 0.999901 0.0412874 -0.228088 -0.5767
FixedParameters: 0 0 0

#Transform 162
Transform: AffineTransform_float_3_3
Parameters: 0.999998 0.000860226 -0.0017583 -0.000889788 0.999849 -0.0173379 0.00174361 0.0173393 0.999848 0.0459994 -0.187697 -0.689894
FixedParameters: 0 0 0

#Transform 163
Transform: AffineTransform_float_3_3
Parameters: 0.999999 0.00113984 -0.00126056 -0.00116014 0.999864 -0.0164867 0.00124187 0.0164884 0.999863 0.0206188 -0.300447 -0.651061
FixedParameters: 0 0 0

#Transform 164
Transform: AffineTransform_float_3_3
Parameters: 0.999998 0.00110999 -0.00144234 -0.00113688 0.999816 -0.0191419 0.00142086 0.0191435 0.999816 0.0229591 -0.258061 -0.780819
FixedParameters: 0 0 0

#Transform 165
Transform: AffineTransform_float_3_3
Parameters: 0.999998 0.000826803 -0.00210945 -0.000864082 0.999839 -0.0179155 0.00209411 0.0179178 0.999837 0.0474543 -0.263759 -0.70367
FixedParameters: 0 0 0

#Transform 166
Transform: AffineTransform_float_3_3
Parameters: 1 0.00095744 -0.000522235 -0.000966864 0.999826 -0.0185915 0.000504291 0.0185926 0.999827 0.0747814 -0.246562 -0.630673
FixedParameters: 0 0 0

#Transform 167
Transform: AffineTransform_float_3_3
Parameters: 0.999997 0.00218832 -0.00016408 -0.00218984 0.999925 -0.0120736 0.000137318 0.0120744 0.999927 0.0284464 -0.205209 -0.545227
FixedParameters: 0 0 0

#Transform 168
Transform: AffineTransform_float_3_3
Parameters: 0.999997 0.00218767 -4.75189e-05 -0.00218779 0.99997 -0.00744573 3.12438e-05 0.00744598 0.999972 0.0242061 -0.126715 -0.520196
FixedParameters: 0 0 0

#Transform 169
Transform: AffineTransform_float_3_3
Parameters: 0.999999 0.0015347 -0.0007871 -0.0015399 0.999972 -0.00736655 0.000775189 0.0073681 0.999972 0.0208278 -0.0402094 -0.488258
FixedParameters: 0 0 0

#Transform 170
Transform: AffineTransform_float_3_3
Parameters: 0.999997 0.00151674 0.00162338 -0.00150805 0.999985 -0.00527812 -0.0016311 0.00527551 0.999985 0.0371594 -0.198641 -0.398966
FixedParameters: 0 0 0

#Transform 171
Transform: AffineTransform_float_3_3
Parameters: 0.999995 -0.00332724 0.000285549 0.00333087 0.999928 -0.0115412 -0.000247377 0.011542 0.999934 0.0773675 -0.185667 -0.573557
FixedParameters: 0 0 0

#Transform 172
Transform: AffineTransform_float_3_3
Parameters: 0.999992 -0.000261475 -0.00398636 0.000208771 0.999914 -0.0130725 0.00398984 0.0130717 0.999906 -0.00318794 -0.126837 -0.659829
FixedParameters: 0 0 0

#Transform 173
Transform: AffineTransform_float_3_3
Parameters: 0.999992 -0.000260363 -0.00392925 0.000227645 0.999965 -0.00836216 0.00393125 0.0083617 0.999957 -0.00317506 -0.131051 -0.631411
FixedParameters: 0 0 0

#Transform 174
Transform: AffineTransform_float_3_3
Parameters: 0.999995 0.000135931 -0.00314688 -0.00016579 0.999954 -0.00960611 0.00314558 0.00960673 0.999949 -0.00852435 -0.141668 -0.62031
FixedParameters: 0 0 0

#Transform 175
Transform: AffineTransform_float_3_3
Parameters: 0.999994 0.000600805 -0.003356 -0.000640491 0.999929 -0.0118659 0.00334877 0.0118676 0.999924 -0.0213129 -0.246926 -0.679526
FixedParameters: 0 0 0

#Transform 176
Transform: AffineTransform_float_3_3
Parameters: 0.999988 0.00175091 -0.00469703 -0.0017877 0.999968 -0.00775809 0.00468332 0.0077665 0.999959 -0.116713 -0.124811 -0.74707
FixedParameters: 0 0 0

#Transform 177
Transform: AffineTransform_float_3_3
Parameters: 0.999986 0.00158043 -0.00512699 -0.00163591 0.999941 -0.0107865 0.00510952 0.0107949 0.999929 -0.116813 -0.147232 -0.796039
FixedParameters: 0 0 0

#Transform 178
Transform: AffineTransform_float_3_3
Parameters: 0.999983 0.00189795 -0.00558915 -0.00196372 0.999928 -0.0118484 0.00556602 0.0118592 0.999914 -0.116833 -0.207244 -0.734594
FixedParameters: 0 0 0

#Transform 179
Transform: AffineTransform_float_3_3
Parameters: 0.999994 0.000118912 -0.0034675 -0.00015232 0.999953 -0.0096508 0.00346577 0.00965052 0.999947 -0.0394744 -0.126611 -0.77313
FixedParameters: 0 0 0

#Transform 180
Transform: AffineTransform_float_3_3
Parameters: 0.999995 0.00019398 -0.00289252 -0.000224062 0.999945 -0.0105021 0.00289071 0.0105034 0.999941 -0.058985 -0.138723 -0.820679
FixedParameters: 0 0 0

#Transform 181
Transform: AffineTransform_float_3_3
Parameters: 0.999994 0.00141109 -0.00312118 -0.00144257 0.999948 -0.010103 0.00310612 0.0101076 0.999944 -0.0886507 -0.143148 -0.751457
FixedParameters: 0 0 0

#Transform 182
Transform: AffineTransform_float_3_3
Parameters: 0.999991 0.0014197 -0.0041265 -0.00145112 0.999971 -0.0074734 0.0041161 0.00747921 0.999964 -0.0949743 -0.145889 -0.700841
FixedParameters: 0 0 0

#Transform 183
Transform: AffineTransform_float_3_3
Parameters: 0.999988 0.00167042 -0.00455337 -0.00170846 0.999962 -0.00847865 0.00453872 0.00848671 0.999954 -0.11735 -0.152224 -0.638287
FixedParameters: 0 0 0

#Transform 184
Transform: AffineTransform_float_3_3
Parameters: 0.999987 0.00174139 -0.00480133 -0.00178446 0.999959 -0.0089368 0.00478604 0.00894465 0.999949 -0.118824 -0.156684 -0.701322
FixedParameters: 0 0 0

#Transform 185
Transform: AffineTransform_float_3_3
Parameters: 0.999987 0.00174946 -0.00478182 -0.00178925 0.999963 -0.00838368 0.00476689 0.00839239 0.999953 -0.125048 -0.172413 -0.675243
FixedParameters: 0 0 0

#Transform 186
Transform: AffineTransform_float_3_3
Parameters: 0.99999 0.00200794 -0.00380404 -0.00203397 0.999974 -0.00683288 0.00379063 0.00683995 0.999969 -0.108803 -0.0827594 -0.441393
FixedParameters: 0 0 0

#Transform 187
Transform: AffineTransform_float_3_3
