# transform file /out/sourcedata/freesurfer/sub-v2s13x29104_ses-1/mri/transforms/cc_up.lta
# created by oesteban on Wed Mar 11 05:13:02 2026

type      = 0 # LINEAR_VOX_TO_VOX
nxforms   = 1
mean      = 131.0000 148.0000 124.0000
sigma     = 10000.0000
1 4 4
9.995747804641724e-01 -1.135886996053159e-03 2.913723513484001e-02 -5.237349987030029e+00 
1.135404687374830e-03 9.999994039535522e-01 3.309662861283869e-05 8.485742211341858e-01 
-2.913725376129150e-02 -3.637978807091713e-12 9.995754361152649e-01 1.984045600891113e+01 
0.000000000000000e+00 0.000000000000000e+00 0.000000000000000e+00 1.000000000000000e+00 
src volume info
valid = 1  # volume info valid
filename = /out/sourcedata/freesurfer/sub-v2s13x29104_ses-1/mri/norm.mgz
volume = 256 256 256
voxelsize = 8.984375000000000e-01 8.984375000000000e-01 8.984375000000000e-01
xras   = -9.999999403953552e-01 -1.295753088159657e-10 0.000000000000000e+00
yras   = 6.478765440798284e-11 0.000000000000000e+00 -1.000000000000000e+00
zras   = 6.478765440798284e-11 1.000000119209290e+00 3.317127905688722e-08
cras   = 2.548667907714844e+00 3.881523132324219e+00 7.118583679199219e+00
dst volume info
valid = 1  # volume info valid
filename = /out/sourcedata/freesurfer/sub-v2s13x29104_ses-1/mri/norm.mgz
volume = 256 256 256
voxelsize = 8.984375000000000e-01 8.984375000000000e-01 8.984375000000000e-01
xras   = -9.999999403953552e-01 -1.295753088159657e-10 0.000000000000000e+00
yras   = 6.478765440798284e-11 0.000000000000000e+00 -1.000000000000000e+00
zras   = 6.478765440798284e-11 1.000000119209290e+00 3.317127905688722e-08
cras   = 2.548667907714844e+00 3.881523132324219e+00 7.118583679199219e+00
