# transform file transforms/talairach.lta
# created by oesteban on Wed Mar 11 03:45:27 2026

type      = 0 # LINEAR_VOX_TO_VOX
nxforms   = 1
mean      = 131.0000 148.0000 124.0000
sigma     = 10000.0000
1 4 4
8.823229074478149e-01 -1.354889571666718e-02 1.845349557697773e-02 1.113100814819336e+01 
7.519200444221497e-03 1.059064269065857e+00 2.469107806682587e-01 -6.057500076293945e+01 
-2.330699749290943e-02 -1.854197829961777e-01 8.644998073577881e-01 3.297574615478516e+01 
0.000000000000000e+00 0.000000000000000e+00 0.000000000000000e+00 1.000000000000000e+00 
src volume info
valid = 1  # volume info valid
filename = nu.mgz
volume = 256 256 256
voxelsize = 8.984375000000000e-01 8.984375000000000e-01 8.984375000000000e-01
xras   = -9.999999403953552e-01 -1.295753088159657e-10 0.000000000000000e+00
yras   = 6.478765440798284e-11 0.000000000000000e+00 -1.000000000000000e+00
zras   = 6.478765440798284e-11 1.000000119209290e+00 3.317127905688722e-08
cras   = 2.548667907714844e+00 3.881523132324219e+00 7.118583679199219e+00
dst volume info
valid = 1  # volume info valid
filename = /opt/freesurfer/average/RB_all_2020-01-02.gca
volume = 256 256 256
voxelsize = 1.000000000000000e+00 1.000000000000000e+00 1.000000000000000e+00
xras   = -1.000000000000000e+00 0.000000000000000e+00 0.000000000000000e+00
yras   = 0.000000000000000e+00 0.000000000000000e+00 -1.000000000000000e+00
zras   = 0.000000000000000e+00 1.000000000000000e+00 0.000000000000000e+00
cras   = 0.000000000000000e+00 0.000000000000000e+00 0.000000000000000e+00
