type      = 0 # LINEAR_VOX_TO_VOX
nxforms   = 1
mean      = 0.0000 0.0000 0.0000
sigma     = 1.0000
1 4 4
9.667528271675110e-01 -4.948593676090240e-03 2.185629308223724e-02 -2.811126708984375e-01 
-1.257812418043613e-02 1.052513241767883e+00 3.087893724441528e-01 -6.394096374511719e+01 
-2.350132539868355e-02 -2.300700843334198e-01 9.361531138420105e-01 3.102017974853516e+01 
0.000000000000000e+00 0.000000000000000e+00 0.000000000000000e+00 1.000000000000000e+00 
src volume info
valid = 1  # volume info valid
filename = /out/sourcedata/freesurfer/sub-v2s13x29104_ses-1/mri/orig.mgz
volume = 256 256 256
voxelsize = 8.984375000000000e-01 8.984375000000000e-01 8.984375000000000e-01
xras   = -9.999999403953552e-01 -1.295753088159657e-10 0.000000000000000e+00
yras   = 6.478765440798284e-11 0.000000000000000e+00 -1.000000000000000e+00
zras   = 6.478765440798284e-11 1.000000119209290e+00 3.317127905688722e-08
cras   = 2.548667907714844e+00 3.881523132324219e+00 7.118583679199219e+00
dst volume info
valid = 1  # volume info valid
filename = /opt/freesurfer/average/mni305.cor.mgz
volume = 256 256 256
voxelsize = 1.000000000000000e+00 1.000000000000000e+00 1.000000000000000e+00
xras   = -1.000000000000000e+00 0.000000000000000e+00 0.000000000000000e+00
yras   = 0.000000000000000e+00 0.000000000000000e+00 -1.000000000000000e+00
zras   = 0.000000000000000e+00 1.000000000000000e+00 0.000000000000000e+00
cras   = 0.000000000000000e+00 0.000000000000000e+00 0.000000000000000e+00
subject fsaverage
fscale 0.100000
