type      = 1 # LINEAR_RAS_TO_RAS
nxforms   = 1
mean      = 0.0000 0.0000 0.0000
sigma     = 1.0000
1 4 4
1.076038002967834e+00 -2.432700060307980e-02 -5.508000031113625e-03 -2.362670004367828e-01 
2.615799941122532e-02 1.041978955268860e+00 2.560780048370361e-01 -1.554341125488281e+01 
-1.400000043213367e-02 -3.436959981918335e-01 1.171493053436279e+00 1.233459472656250e+01 
0.000000000000000e+00 0.000000000000000e+00 0.000000000000000e+00 1.000000000000000e+00 
src volume info
valid = 1  # volume info valid
filename = /out/sourcedata/freesurfer/sub-v2s13x29104_ses-1/mri/orig_nu.mgz
volume = 256 256 256
voxelsize = 8.984375000000000e-01 8.984375000000000e-01 8.984375000000000e-01
xras   = -9.999999403953552e-01 -1.295753088159657e-10 0.000000000000000e+00
yras   = 6.478765440798284e-11 0.000000000000000e+00 -1.000000000000000e+00
zras   = 6.478765440798284e-11 1.000000119209290e+00 3.317127905688722e-08
cras   = 2.548667907714844e+00 3.881523132324219e+00 7.118583679199219e+00
dst volume info
valid = 1  # volume info valid
filename = /opt/freesurfer/average/mni305.cor.mgz
volume = 256 256 256
voxelsize = 1.000000000000000e+00 1.000000000000000e+00 1.000000000000000e+00
xras   = -1.000000000000000e+00 0.000000000000000e+00 0.000000000000000e+00
yras   = 0.000000000000000e+00 0.000000000000000e+00 -1.000000000000000e+00
zras   = 0.000000000000000e+00 1.000000000000000e+00 0.000000000000000e+00
cras   = 0.000000000000000e+00 0.000000000000000e+00 0.000000000000000e+00
subject fsaverage
fscale 0.100000
