# transform file /out/sourcedata/freesurfer/sub-v2s13x29116_ses-1/mri/transforms/cc_up.lta
# created by oesteban on Wed Mar 11 05:52:22 2026

type      = 0 # LINEAR_VOX_TO_VOX
nxforms   = 1
mean      = 130.0000 132.0000 125.0000
sigma     = 10000.0000
1 4 4
9.989881515502930e-01 -7.875336334109306e-03 4.428019747138023e-02 -4.636300563812256e+00 
7.867611944675446e-03 9.999690651893616e-01 3.487322828732431e-04 1.995209884643555e+01 
-4.428157210350037e-02 -2.910383045673370e-11 9.990192055702209e-01 1.179685497283936e+01 
0.000000000000000e+00 0.000000000000000e+00 0.000000000000000e+00 1.000000000000000e+00 
src volume info
valid = 1  # volume info valid
filename = /out/sourcedata/freesurfer/sub-v2s13x29116_ses-1/mri/norm.mgz
volume = 256 256 256
voxelsize = 8.984375000000000e-01 8.984375000000000e-01 8.984375000000000e-01
xras   = -9.999999403953552e-01 -8.503380222180112e-10 -2.591506176319314e-10
yras   = 0.000000000000000e+00 0.000000000000000e+00 -9.999999403953552e-01
zras   = 2.899247730780985e-09 1.000000000000000e+00 8.292819764221804e-09
cras   = 1.652252197265625e+00 -2.641242980957031e+00 2.704992675781250e+01
dst volume info
valid = 1  # volume info valid
filename = /out/sourcedata/freesurfer/sub-v2s13x29116_ses-1/mri/norm.mgz
volume = 256 256 256
voxelsize = 8.984375000000000e-01 8.984375000000000e-01 8.984375000000000e-01
xras   = -9.999999403953552e-01 -8.503380222180112e-10 -2.591506176319314e-10
yras   = 0.000000000000000e+00 0.000000000000000e+00 -9.999999403953552e-01
zras   = 2.899247730780985e-09 1.000000000000000e+00 8.292819764221804e-09
cras   = 1.652252197265625e+00 -2.641242980957031e+00 2.704992675781250e+01
