# transform file transforms/talairach.lta
# created by oesteban on Wed Mar 11 04:27:20 2026

type      = 0 # LINEAR_VOX_TO_VOX
nxforms   = 1
mean      = 130.0000 132.0000 124.0000
sigma     = 10000.0000
1 4 4
9.265552163124084e-01 -2.906897861976177e-04 4.720648378133774e-02 9.304922223091125e-01 
-4.767246078699827e-03 1.010498404502869e+00 1.203891709446907e-01 -2.162011337280273e+01 
-4.183873906731606e-02 -9.578624367713928e-02 8.747363686561584e-01 2.437832260131836e+01 
0.000000000000000e+00 0.000000000000000e+00 0.000000000000000e+00 1.000000000000000e+00 
src volume info
valid = 1  # volume info valid
filename = nu.mgz
volume = 256 256 256
voxelsize = 8.984375000000000e-01 8.984375000000000e-01 8.984375000000000e-01
xras   = -9.999999403953552e-01 -8.503380222180112e-10 -2.591506176319314e-10
yras   = 0.000000000000000e+00 0.000000000000000e+00 -9.999999403953552e-01
zras   = 2.899247730780985e-09 1.000000000000000e+00 8.292819764221804e-09
cras   = 1.652252197265625e+00 -2.641242980957031e+00 2.704992675781250e+01
dst volume info
valid = 1  # volume info valid
filename = /opt/freesurfer/average/RB_all_2020-01-02.gca
volume = 256 256 256
voxelsize = 1.000000000000000e+00 1.000000000000000e+00 1.000000000000000e+00
xras   = -1.000000000000000e+00 0.000000000000000e+00 0.000000000000000e+00
yras   = 0.000000000000000e+00 0.000000000000000e+00 -1.000000000000000e+00
zras   = 0.000000000000000e+00 1.000000000000000e+00 0.000000000000000e+00
cras   = 0.000000000000000e+00 0.000000000000000e+00 0.000000000000000e+00
