# transform file /out/sourcedata/freesurfer/sub-v2s13x29127_ses-1/mri/transforms/cc_up.lta
# created by oesteban on Wed Mar 11 06:37:08 2026

type      = 0 # LINEAR_VOX_TO_VOX
nxforms   = 1
mean      = 128.0000 142.0000 128.0000
sigma     = 10000.0000
1 4 4
9.983953833580017e-01 1.281565427780151e-02 -5.515985190868378e-02 5.926428318023682e+00 
-1.279614027589560e-02 9.999179840087891e-01 7.069675484672189e-04 7.554553031921387e+00 
5.516438186168671e-02 0.000000000000000e+00 9.984773397445679e-01 7.167596340179443e+00 
0.000000000000000e+00 0.000000000000000e+00 0.000000000000000e+00 1.000000000000000e+00 
src volume info
valid = 1  # volume info valid
filename = /out/sourcedata/freesurfer/sub-v2s13x29127_ses-1/mri/norm.mgz
volume = 256 256 256
voxelsize = 8.984374403953552e-01 8.984374403953552e-01 8.984374403953552e-01
xras   = -9.999998807907104e-01 4.535136433059250e-10 0.000000000000000e+00
yras   = -6.478766134687675e-11 0.000000000000000e+00 -9.999999403953552e-01
zras   = -1.295753226937535e-10 1.000000000000000e+00 3.317128260960089e-08
cras   = 8.917160034179688e-01 -4.090652465820312e-01 3.222118377685547e+01
dst volume info
valid = 1  # volume info valid
filename = /out/sourcedata/freesurfer/sub-v2s13x29127_ses-1/mri/norm.mgz
volume = 256 256 256
voxelsize = 8.984374403953552e-01 8.984374403953552e-01 8.984374403953552e-01
xras   = -9.999998807907104e-01 4.535136433059250e-10 0.000000000000000e+00
yras   = -6.478766134687675e-11 0.000000000000000e+00 -9.999999403953552e-01
zras   = -1.295753226937535e-10 1.000000000000000e+00 3.317128260960089e-08
cras   = 8.917160034179688e-01 -4.090652465820312e-01 3.222118377685547e+01
