type      = 1 # LINEAR_RAS_TO_RAS
nxforms   = 1
mean      = 0.0000 0.0000 0.0000
sigma     = 1.0000
1 4 4
1.072464942932129e+00 5.254099890589714e-02 -8.253999985754490e-03 -5.143200159072876e-01 
-2.382300049066544e-02 1.043050050735474e+00 2.648679912090302e-01 -2.249900817871094e+01 
-3.607999999076128e-03 -2.612409889698029e-01 1.124330043792725e+00 -2.169161987304688e+01 
0.000000000000000e+00 0.000000000000000e+00 0.000000000000000e+00 1.000000000000000e+00 
src volume info
valid = 1  # volume info valid
filename = /out/sourcedata/freesurfer/sub-v2s13x29127_ses-1/mri/orig_nu.mgz
volume = 256 256 256
voxelsize = 8.984374403953552e-01 8.984374403953552e-01 8.984374403953552e-01
xras   = -9.999998807907104e-01 4.535136433059250e-10 0.000000000000000e+00
yras   = -6.478766134687675e-11 0.000000000000000e+00 -9.999999403953552e-01
zras   = -1.295753226937535e-10 1.000000000000000e+00 3.317128260960089e-08
cras   = 8.917160034179688e-01 -4.090652465820312e-01 3.222118377685547e+01
dst volume info
valid = 1  # volume info valid
filename = /opt/freesurfer/average/mni305.cor.mgz
volume = 256 256 256
voxelsize = 1.000000000000000e+00 1.000000000000000e+00 1.000000000000000e+00
xras   = -1.000000000000000e+00 0.000000000000000e+00 0.000000000000000e+00
yras   = 0.000000000000000e+00 0.000000000000000e+00 -1.000000000000000e+00
zras   = 0.000000000000000e+00 1.000000000000000e+00 0.000000000000000e+00
cras   = 0.000000000000000e+00 0.000000000000000e+00 0.000000000000000e+00
subject fsaverage
fscale 0.100000
