# transform file transforms/talairach.lta
# created by oesteban on Wed Mar 11 05:08:27 2026

type      = 0 # LINEAR_VOX_TO_VOX
nxforms   = 1
mean      = 128.0000 144.0000 129.0000
sigma     = 10000.0000
1 4 4
9.135065078735352e-01 3.774626925587654e-02 -3.107167780399323e-02 9.417195320129395e+00 
-2.050090581178665e-02 9.940471053123474e-01 2.400888651609421e-01 -4.153833007812500e+01 
4.704974219202995e-02 -1.886868923902512e-01 8.438766598701477e-01 2.475698852539062e+01 
0.000000000000000e+00 0.000000000000000e+00 0.000000000000000e+00 1.000000000000000e+00 
src volume info
valid = 1  # volume info valid
filename = nu.mgz
volume = 256 256 256
voxelsize = 8.984374403953552e-01 8.984374403953552e-01 8.984374403953552e-01
xras   = -9.999998807907104e-01 4.535136433059250e-10 0.000000000000000e+00
yras   = -6.478766134687675e-11 0.000000000000000e+00 -9.999999403953552e-01
zras   = -1.295753226937535e-10 1.000000000000000e+00 3.317128260960089e-08
cras   = 8.917160034179688e-01 -4.090652465820312e-01 3.222118377685547e+01
dst volume info
valid = 1  # volume info valid
filename = /opt/freesurfer/average/RB_all_2020-01-02.gca
volume = 256 256 256
voxelsize = 1.000000000000000e+00 1.000000000000000e+00 1.000000000000000e+00
xras   = -1.000000000000000e+00 0.000000000000000e+00 0.000000000000000e+00
yras   = 0.000000000000000e+00 0.000000000000000e+00 -1.000000000000000e+00
zras   = 0.000000000000000e+00 1.000000000000000e+00 0.000000000000000e+00
cras   = 0.000000000000000e+00 0.000000000000000e+00 0.000000000000000e+00
