type      = 0 # LINEAR_VOX_TO_VOX
nxforms   = 1
mean      = 0.0000 0.0000 0.0000
sigma     = 1.0000
1 4 4
9.635425209999084e-01 -7.415702100843191e-03 -4.720479995012283e-02 1.150341033935547e+01 
-3.241561818867922e-03 1.010140180587769e+00 2.347086519002914e-01 -4.556500244140625e+01 
2.140347287058830e-02 -2.379672974348068e-01 9.371151924133301e-01 2.135685729980469e+01 
0.000000000000000e+00 0.000000000000000e+00 0.000000000000000e+00 1.000000000000000e+00 
src volume info
valid = 1  # volume info valid
filename = /out/sourcedata/freesurfer/sub-v2s13x29127_ses-1/mri/orig.mgz
volume = 256 256 256
voxelsize = 8.984374403953552e-01 8.984374403953552e-01 8.984374403953552e-01
xras   = -9.999998807907104e-01 4.535136433059250e-10 0.000000000000000e+00
yras   = -6.478766134687675e-11 0.000000000000000e+00 -9.999999403953552e-01
zras   = -1.295753226937535e-10 1.000000000000000e+00 3.317128260960089e-08
cras   = 8.917160034179688e-01 -4.090652465820312e-01 3.222118377685547e+01
dst volume info
valid = 1  # volume info valid
filename = /opt/freesurfer/average/mni305.cor.mgz
volume = 256 256 256
voxelsize = 1.000000000000000e+00 1.000000000000000e+00 1.000000000000000e+00
xras   = -1.000000000000000e+00 0.000000000000000e+00 0.000000000000000e+00
yras   = 0.000000000000000e+00 0.000000000000000e+00 -1.000000000000000e+00
zras   = 0.000000000000000e+00 1.000000000000000e+00 0.000000000000000e+00
cras   = 0.000000000000000e+00 0.000000000000000e+00 0.000000000000000e+00
subject fsaverage
fscale 0.100000
