# transform file /out/sourcedata/freesurfer/sub-v2s13x29118_ses-1/mri/transforms/cc_up.lta
# created by oesteban on Wed Mar 11 06:15:27 2026

type      = 0 # LINEAR_VOX_TO_VOX
nxforms   = 1
mean      = 130.0000 132.0000 124.0000
sigma     = 10000.0000
1 4 4
9.981474876403809e-01 -4.292235150933266e-02 4.311841353774071e-02 -1.240416765213013e+00 
4.288235679268837e-02 9.990783929824829e-01 1.852450775913894e-03 1.330406570434570e+01 
-4.315818846225739e-02 1.164153218269348e-10 9.990682005882263e-01 1.672455215454102e+01 
0.000000000000000e+00 0.000000000000000e+00 0.000000000000000e+00 1.000000000000000e+00 
src volume info
valid = 1  # volume info valid
filename = /out/sourcedata/freesurfer/sub-v2s13x29118_ses-1/mri/norm.mgz
volume = 256 256 256
voxelsize = 8.984374403953552e-01 8.984374403953552e-01 8.984374403953552e-01
xras   = -9.999999403953552e-01 1.923383674551360e-10 0.000000000000000e+00
yras   = 3.239383067343837e-11 0.000000000000000e+00 -1.000000000000000e+00
zras   = -1.925914427935993e-10 9.999999403953552e-01 0.000000000000000e+00
cras   = 1.277938842773438e+00 -3.504013061523438e+00 8.567756652832031e+00
dst volume info
valid = 1  # volume info valid
filename = /out/sourcedata/freesurfer/sub-v2s13x29118_ses-1/mri/norm.mgz
volume = 256 256 256
voxelsize = 8.984374403953552e-01 8.984374403953552e-01 8.984374403953552e-01
xras   = -9.999999403953552e-01 1.923383674551360e-10 0.000000000000000e+00
yras   = 3.239383067343837e-11 0.000000000000000e+00 -1.000000000000000e+00
zras   = -1.925914427935993e-10 9.999999403953552e-01 0.000000000000000e+00
cras   = 1.277938842773438e+00 -3.504013061523438e+00 8.567756652832031e+00
