type      = 0 # LINEAR_VOX_TO_VOX
nxforms   = 1
mean      = 0.0000 0.0000 0.0000
sigma     = 1.0000
1 4 4
9.212729334831238e-01 -2.608164027333260e-02 2.819206565618515e-02 7.696716308593750e+00 
7.501951884478331e-03 9.729026556015015e-01 8.565881848335266e-02 -1.764909362792969e+01 
-7.131167501211166e-02 -7.276624441146851e-02 9.538745880126953e-01 1.061952972412109e+01 
0.000000000000000e+00 0.000000000000000e+00 0.000000000000000e+00 1.000000000000000e+00 
src volume info
valid = 1  # volume info valid
filename = /out/sourcedata/freesurfer/sub-v2s13x29118_ses-1/mri/orig.mgz
volume = 256 256 256
voxelsize = 8.984374403953552e-01 8.984374403953552e-01 8.984374403953552e-01
xras   = -9.999999403953552e-01 1.923383674551360e-10 0.000000000000000e+00
yras   = 3.239383067343837e-11 0.000000000000000e+00 -1.000000000000000e+00
zras   = -1.925914427935993e-10 9.999999403953552e-01 0.000000000000000e+00
cras   = 1.277938842773438e+00 -3.504013061523438e+00 8.567756652832031e+00
dst volume info
valid = 1  # volume info valid
filename = /opt/freesurfer/average/mni305.cor.mgz
volume = 256 256 256
voxelsize = 1.000000000000000e+00 1.000000000000000e+00 1.000000000000000e+00
xras   = -1.000000000000000e+00 0.000000000000000e+00 0.000000000000000e+00
yras   = 0.000000000000000e+00 0.000000000000000e+00 -1.000000000000000e+00
zras   = 0.000000000000000e+00 1.000000000000000e+00 0.000000000000000e+00
cras   = 0.000000000000000e+00 0.000000000000000e+00 0.000000000000000e+00
subject fsaverage
fscale 0.100000
