# transform file transforms/talairach.lta
# created by oesteban on Wed Mar 11 04:39:19 2026

type      = 0 # LINEAR_VOX_TO_VOX
nxforms   = 1
mean      = 130.0000 133.0000 124.0000
sigma     = 10000.0000
1 4 4
8.839290738105774e-01 -2.508605085313320e-02 3.955123201012611e-02 9.316728591918945e+00 
1.937510445713997e-02 9.804728031158447e-01 6.950400769710541e-02 -1.774051284790039e+01 
-4.450504481792450e-02 -6.891536712646484e-02 8.926381468772888e-01 1.518685913085938e+01 
0.000000000000000e+00 0.000000000000000e+00 0.000000000000000e+00 1.000000000000000e+00 
src volume info
valid = 1  # volume info valid
filename = nu.mgz
volume = 256 256 256
voxelsize = 8.984374403953552e-01 8.984374403953552e-01 8.984374403953552e-01
xras   = -9.999999403953552e-01 1.923383674551360e-10 0.000000000000000e+00
yras   = 3.239383067343837e-11 0.000000000000000e+00 -1.000000000000000e+00
zras   = -1.925914427935993e-10 9.999999403953552e-01 0.000000000000000e+00
cras   = 1.277938842773438e+00 -3.504013061523438e+00 8.567756652832031e+00
dst volume info
valid = 1  # volume info valid
filename = /opt/freesurfer/average/RB_all_2020-01-02.gca
volume = 256 256 256
voxelsize = 1.000000000000000e+00 1.000000000000000e+00 1.000000000000000e+00
xras   = -1.000000000000000e+00 0.000000000000000e+00 0.000000000000000e+00
yras   = 0.000000000000000e+00 0.000000000000000e+00 -1.000000000000000e+00
zras   = 0.000000000000000e+00 1.000000000000000e+00 0.000000000000000e+00
cras   = 0.000000000000000e+00 0.000000000000000e+00 0.000000000000000e+00
