type      = 1 # LINEAR_RAS_TO_RAS
nxforms   = 1
mean      = 0.0000 0.0000 0.0000
sigma     = 1.0000
1 4 4
1.025416970252991e+00 -3.137899935245514e-02 -2.903000079095364e-02 9.385679960250854e-01 
7.937300205230713e-02 1.061704039573669e+00 8.099199831485748e-02 -1.080162811279297e+01 
8.349999785423279e-03 -9.534200280904770e-02 1.082883000373840e+00 -4.296570122241974e-01 
0.000000000000000e+00 0.000000000000000e+00 0.000000000000000e+00 1.000000000000000e+00 
src volume info
valid = 1  # volume info valid
filename = /out/sourcedata/freesurfer/sub-v2s13x29118_ses-1/mri/orig_nu.mgz
volume = 256 256 256
voxelsize = 8.984374403953552e-01 8.984374403953552e-01 8.984374403953552e-01
xras   = -9.999999403953552e-01 1.923383674551360e-10 0.000000000000000e+00
yras   = 3.239383067343837e-11 0.000000000000000e+00 -1.000000000000000e+00
zras   = -1.925914427935993e-10 9.999999403953552e-01 0.000000000000000e+00
cras   = 1.277938842773438e+00 -3.504013061523438e+00 8.567756652832031e+00
dst volume info
valid = 1  # volume info valid
filename = /opt/freesurfer/average/mni305.cor.mgz
volume = 256 256 256
voxelsize = 1.000000000000000e+00 1.000000000000000e+00 1.000000000000000e+00
xras   = -1.000000000000000e+00 0.000000000000000e+00 0.000000000000000e+00
yras   = 0.000000000000000e+00 0.000000000000000e+00 -1.000000000000000e+00
zras   = 0.000000000000000e+00 1.000000000000000e+00 0.000000000000000e+00
cras   = 0.000000000000000e+00 0.000000000000000e+00 0.000000000000000e+00
subject fsaverage
fscale 0.100000
