#Insight Transform File V1.0
#Transform 0
Transform: AffineTransform_float_3_3
Parameters: 0.999998 0.00181029 -0.000519615 -0.00181231 0.999989 -0.00433766 0.000511624 0.00433883 0.99999 -0.110821 0.00536593 0.529555
FixedParameters: 0 0 0

#Transform 1
Transform: AffineTransform_float_3_3
Parameters: 0.999999 0.00149129 -6.70668e-05 -0.00149091 0.999996 -0.00239857 6.38711e-05 0.00239937 0.999997 -0.0965378 0.0279398 0.255879
FixedParameters: 0 0 0

#Transform 2
Transform: AffineTransform_float_3_3
Parameters: 0.999999 0.000808063 0.00160957 -0.000805595 0.999999 -0.00134469 -0.00161044 0.00134332 0.999997 -0.166449 -0.0493988 0.125035
FixedParameters: 0 0 0

#Transform 3
Transform: AffineTransform_float_3_3
Parameters: 1 0.000819676 0.00087289 -0.000817859 0.999998 -0.00198466 -0.000873856 0.00198414 0.999997 -0.126424 0.00589172 0.11565
FixedParameters: 0 0 0

#Transform 4
Transform: AffineTransform_float_3_3
Parameters: 1 0.0010098 0.000577311 -0.0010081 0.999997 -0.00203825 -0.000579287 0.002038 0.999997 -0.119426 -0.000118429 0.148794
FixedParameters: 0 0 0

#Transform 5
Transform: AffineTransform_float_3_3
Parameters: 0.999999 0.00131593 0.000526723 -0.00131498 0.999996 -0.00229226 -0.000529485 0.00229177 0.999997 -0.121567 0.0128886 0.176169
FixedParameters: 0 0 0

#Transform 6
Transform: AffineTransform_float_3_3
Parameters: 0.999998 0.00157496 0.000311122 -0.00157375 0.999998 -0.0014082 -0.000313566 0.00140785 0.999999 -0.0931287 0.00634951 0.0993121
FixedParameters: 0 0 0

#Transform 7
Transform: AffineTransform_float_3_3
Parameters: 0.999997 0.00192664 -0.00151364 -0.0019275 0.999997 -0.000695364 0.00151275 0.000698966 0.999999 -0.0237426 0.0536612 -0.080444
FixedParameters: 0 0 0

#Transform 8
Transform: AffineTransform_float_3_3
Parameters: 0.999997 0.00178899 -0.00120579 -0.00178946 0.999998 -0.000190788 0.00120507 0.000192606 0.999999 -0.0479287 -0.107253 0.0173723
FixedParameters: 0 0 0

#Transform 9
Transform: AffineTransform_float_3_3
Parameters: 0.999997 0.00193769 -0.000990783 -0.00193907 0.999997 -0.00143196 0.000988013 0.00143326 0.999998 -0.0614085 -0.00694128 0.0191837
FixedParameters: 0 0 0

#Transform 10
Transform: AffineTransform_float_3_3
Parameters: 0.999996 0.00214352 -0.00143252 -0.00214573 0.999997 -0.00128036 0.00142981 0.00128367 0.999998 -0.042455 -0.0303954 0.0739525
FixedParameters: 0 0 0

#Transform 11
Transform: AffineTransform_float_3_3
Parameters: 0.999996 0.00236334 -0.00144778 -0.00236547 0.999996 -0.00168229 0.00144442 0.00168531 0.999998 -0.045377 0.0537779 0.0561676
FixedParameters: 0 0 0

#Transform 12
Transform: AffineTransform_float_3_3
Parameters: 0.999996 0.00225346 -0.00169452 -0.00225469 0.999997 -0.00072642 0.00169302 0.000730578 0.999998 -0.0385248 -0.113209 0.0901493
FixedParameters: 0 0 0

#Transform 13
Transform: AffineTransform_float_3_3
Parameters: 0.999996 0.00221052 -0.00169012 -0.00221211 0.999997 -0.000834476 0.00168819 0.000837512 0.999998 -0.0364464 -0.0179745 0.0761142
FixedParameters: 0 0 0

#Transform 14
Transform: AffineTransform_float_3_3
Parameters: 0.999997 0.00208903 -0.00168086 -0.00209203 0.999997 -0.00131469 0.00167813 0.00131822 0.999998 -0.0302132 -0.0426223 0.0712564
FixedParameters: 0 0 0

#Transform 15
Transform: AffineTransform_float_3_3
Parameters: 0.999996 0.00225555 -0.00168468 -0.00225523 0.999997 -0.000184489 0.00168363 0.000187682 0.999999 -0.0367739 -0.022038 0.0334394
FixedParameters: 0 0 0

#Transform 16
Transform: AffineTransform_float_3_3
Parameters: 0.999997 0.00134078 -0.00237742 -0.00133858 0.999999 0.000956488 0.00237824 -0.000953631 0.999997 0.053201 -0.0979899 0.150838
FixedParameters: 0 0 0

#Transform 17
Transform: AffineTransform_float_3_3
Parameters: 0.999997 0.000782719 -0.00231086 -0.000782607 1 4.00693e-05 0.0023109 -3.80745e-05 0.999997 0.0324214 -0.151768 0.138028
FixedParameters: 0 0 0

#Transform 18
Transform: AffineTransform_float_3_3
Parameters: 0.999997 0.00134403 -0.00232424 -0.00134763 0.999998 -0.00146693 0.00232177 0.00146934 0.999996 0.00632626 0.00799998 0.0158015
FixedParameters: 0 0 0

#Transform 19
Transform: AffineTransform_float_3_3
Parameters: 0.999998 0.000736434 -0.00178309 -0.000735819 1 0.000460193 0.00178388 -0.000459485 0.999998 0.0161072 -0.135156 0.106065
FixedParameters: 0 0 0

#Transform 20
Transform: AffineTransform_float_3_3
Parameters: 1 0.00016499 -0.00046251 -0.000165226 0.999999 0.000973349 0.00046199 -0.000972894 1 0.0211085 -0.0270177 0.020943
FixedParameters: 0 0 0

#Transform 21
Transform: AffineTransform_float_3_3
Parameters: 0.999999 0.000694162 -0.00127218 -0.000698757 0.999993 -0.00361086 0.00126948 0.00361164 0.999992 0.0833388 0.0493168 0.275812
FixedParameters: 0 0 0

#Transform 22
Transform: AffineTransform_float_3_3
Parameters: 0.999996 0.00167004 -0.001974 -0.00167744 0.999991 -0.0039836 0.00196747 0.00398694 0.99999 0.0570538 -0.0551619 0.453359
FixedParameters: 0 0 0

#Transform 23
Transform: AffineTransform_float_3_3
Parameters: 0.999997 0.000339305 -0.00221056 -0.000346607 0.999995 -0.00331193 0.00220919 0.00331212 0.999992 0.0333072 0.00756503 0.183346
FixedParameters: 0 0 0

#Transform 24
Transform: AffineTransform_float_3_3
Parameters: 1 0.000143598 3.79452e-06 -0.000143519 0.999999 -0.00186161 -4.33761e-06 0.00186161 0.999999 -0.120479 -0.0672625 0.125564
FixedParameters: 0 0 0

#Transform 25
Transform: AffineTransform_float_3_3
Parameters: 0.999999 -0.000246498 0.000835001 0.000245478 1 0.000610677 -0.0008353 -0.000609975 1 -0.101004 0.000914545 0.0238695
FixedParameters: 0 0 0

#Transform 26
Transform: AffineTransform_float_3_3
Parameters: 0.999999 0.000650285 -0.00128202 -0.000654069 0.999997 -0.00238634 0.00128056 0.00238732 0.999997 -0.0254674 0.0674324 0.0596349
FixedParameters: 0 0 0

#Transform 27
Transform: AffineTransform_float_3_3
Parameters: 0.999996 0.00150571 -0.00237324 -0.00150904 0.999998 -0.00137904 0.00237055 0.00138235 0.999996 -0.0135424 0.0164382 -0.0436939
FixedParameters: 0 0 0

#Transform 28
Transform: AffineTransform_float_3_3
Parameters: 0.999995 0.00202003 -0.00238108 -0.00202655 0.999994 -0.00259714 0.00237569 0.00260257 0.999993 -0.0127733 0.0426554 0.0367142
FixedParameters: 0 0 0

#Transform 29
Transform: AffineTransform_float_3_3
Parameters: 0.999996 0.00206682 -0.0022843 -0.00207478 0.999992 -0.00331998 0.0022775 0.00332522 0.999991 -0.0229662 0.113357 0.00314059
FixedParameters: 0 0 0

#Transform 30
Transform: AffineTransform_float_3_3
Parameters: 0.999995 0.00202326 -0.00239779 -0.0020338 0.999988 -0.00444611 0.00238918 0.00445062 0.999987 -0.0269618 0.0665332 0.019371
FixedParameters: 0 0 0

#Transform 31
Transform: AffineTransform_float_3_3
Parameters: 0.999995 0.00211992 -0.00236013 -0.00213339 0.999981 -0.005697 0.00234799 0.00570273 0.999981 -0.0396027 0.140054 0.0662866
FixedParameters: 0 0 0

#Transform 32
Transform: AffineTransform_float_3_3
Parameters: 0.999997 0.00157239 -0.00188739 -0.00158275 0.999981 -0.00594839 0.0018779 0.00595105 0.999981 -0.0769592 0.0625583 0.291613
FixedParameters: 0 0 0

#Transform 33
Transform: AffineTransform_float_3_3
Parameters: 0.999998 0.00106359 -0.00145883 -0.00107567 0.999964 -0.00845273 0.00144898 0.00845382 0.999964 -0.0777604 0.202444 0.129166
FixedParameters: 0 0 0

#Transform 34
Transform: AffineTransform_float_3_3
Parameters: 0.999999 0.000745932 -0.000673475 -0.000750541 0.99997 -0.00778163 0.000667042 0.00778227 0.999969 -0.112359 0.132506 0.144739
FixedParameters: 0 0 0

#Transform 35
Transform: AffineTransform_float_3_3
Parameters: 0.999999 0.000596008 -0.000788407 -0.000602679 0.999961 -0.00872047 0.000782989 0.00872135 0.999961 -0.109143 0.246467 0.188235
FixedParameters: 0 0 0

#Transform 36
Transform: AffineTransform_float_3_3
Parameters: 1 0.000584831 -0.000313646 -0.000587301 0.999958 -0.00907033 0.000308625 0.00907061 0.999959 -0.122243 0.188947 0.283218
FixedParameters: 0 0 0

#Transform 37
Transform: AffineTransform_float_3_3
Parameters: 0.999999 0.00065392 -0.000703979 -0.000659851 0.999964 -0.00851806 0.000697959 0.00851766 0.999963 -0.112881 0.152572 0.283085
FixedParameters: 0 0 0

#Transform 38
Transform: AffineTransform_float_3_3
Parameters: 0.999999 0.000738691 -0.000718364 -0.000744802 0.999963 -0.00857882 0.000711798 0.00857883 0.999963 -0.113813 0.165473 0.317015
FixedParameters: 0 0 0

#Transform 39
Transform: AffineTransform_float_3_3
Parameters: 0.999999 0.000867096 -0.00108668 -0.000877801 0.999949 -0.0100912 0.00107854 0.0100917 0.999948 -0.110469 0.290385 0.290598
FixedParameters: 0 0 0

#Transform 40
Transform: AffineTransform_float_3_3
Parameters: 0.999999 0.00062872 -0.00141518 -0.000640536 0.999961 -0.00883616 0.00140909 0.00883694 0.99996 -0.104172 0.21353 0.331657
FixedParameters: 0 0 0

#Transform 41
Transform: AffineTransform_float_3_3
Parameters: 0.999997 0.00183429 -0.00206272 -0.0018464 0.999979 -0.00617824 0.00205108 0.00618183 0.999979 -0.0532789 0.198932 0.0824486
FixedParameters: 0 0 0

#Transform 42
Transform: AffineTransform_float_3_3
Parameters: 0.999998 0.00166682 -0.000947381 -0.00167373 0.999973 -0.00722433 0.000935386 0.00722576 0.999973 -0.100155 0.241698 0.0866731
FixedParameters: 0 0 0

#Transform 43
Transform: AffineTransform_float_3_3
Parameters: 0.999998 0.00177674 -0.000986065 -0.00178479 0.999963 -0.00840884 0.000971035 0.00841085 0.999965 -0.123817 0.13784 0.0754469
FixedParameters: 0 0 0

#Transform 44
Transform: AffineTransform_float_3_3
Parameters: 0.999998 0.00176564 -0.0010567 -0.00177483 0.999963 -0.00838071 0.00104195 0.00838267 0.999964 -0.130544 0.188512 0.0332682
FixedParameters: 0 0 0

#Transform 45
Transform: AffineTransform_float_3_3
Parameters: 0.999999 0.00162921 0.000678821 -0.00162513 0.999977 -0.00650044 -0.000689124 0.00649898 0.999979 -0.153466 0.117154 0.00348759
FixedParameters: 0 0 0

#Transform 46
Transform: AffineTransform_float_3_3
Parameters: 0.999999 0.000338863 0.00140756 -0.000331684 0.999989 -0.00483009 -0.00140883 0.00482939 0.999988 -0.12418 0.0510098 0.131569
FixedParameters: 0 0 0

#Transform 47
Transform: AffineTransform_float_3_3
Parameters: 0.999994 0.00279721 -0.00208962 -0.00281058 0.999976 -0.00644356 0.00207162 0.00644997 0.999977 -0.089571 0.0429797 0.532958
FixedParameters: 0 0 0

#Transform 48
Transform: AffineTransform_float_3_3
Parameters: 0.999994 0.00273534 -0.00180336 -0.00274915 0.999969 -0.00747807 0.00178259 0.00748262 0.999971 -0.116228 0.115304 0.337362
FixedParameters: 0 0 0

#Transform 49
Transform: AffineTransform_float_3_3
Parameters: 0.999997 0.0021011 -0.00177307 -0.00210822 0.999989 -0.00416335 0.00176447 0.00416751 0.99999 -0.059026 0.119166 -0.0961534
FixedParameters: 0 0 0

#Transform 50
Transform: AffineTransform_float_3_3
Parameters: 0.999997 0.00186006 -0.00108669 -0.00186626 0.999978 -0.00632797 0.00107513 0.00633028 0.999979 -0.087617 0.169051 0.00517703
FixedParameters: 0 0 0

#Transform 51
Transform: AffineTransform_float_3_3
Parameters: 0.999997 0.0019571 -0.000897078 -0.00196366 0.999973 -0.00703359 0.000883767 0.00703532 0.999975 -0.101239 0.190216 -0.0159543
FixedParameters: 0 0 0

#Transform 52
Transform: AffineTransform_float_3_3
Parameters: 0.999997 0.00230672 -0.000913608 -0.00231325 0.999973 -0.00705992 0.000897233 0.00706202 0.999975 -0.105147 0.215982 -0.0236261
FixedParameters: 0 0 0

#Transform 53
Transform: AffineTransform_float_3_3
Parameters: 0.999996 0.00256418 -0.000520997 -0.00256774 0.999975 -0.00660346 0.000503821 0.00660496 0.999978 -0.114779 0.158072 -0.0332351
FixedParameters: 0 0 0

#Transform 54
Transform: AffineTransform_float_3_3
Parameters: 0.999995 0.00228915 -0.00217763 -0.00229239 0.999996 -0.00155574 0.00217393 0.0015603 0.999997 -0.00720677 0.0419994 -0.0248663
FixedParameters: 0 0 0

#Transform 55
Transform: AffineTransform_float_3_3
Parameters: 0.999993 0.00249724 -0.0025618 -0.00250662 0.99999 -0.00372101 0.00255275 0.00372736 0.99999 -0.00982265 0.0942574 -0.0425581
FixedParameters: 0 0 0

#Transform 56
Transform: AffineTransform_float_3_3
Parameters: 0.999994 0.00255831 -0.00240399 -0.0025691 0.999987 -0.0045562 0.00239202 0.00456172 0.999986 -0.0464314 0.0775735 0.0420847
FixedParameters: 0 0 0

#Transform 57
Transform: AffineTransform_float_3_3
Parameters: 0.999994 0.0026046 -0.00208999 -0.0026173 0.999979 -0.00591126 0.00207444 0.00591626 0.999981 -0.051174 0.0935139 0.0997197
FixedParameters: 0 0 0

#Transform 58
Transform: AffineTransform_float_3_3
Parameters: 0.999989 0.00339272 -0.00306654 -0.00341514 0.999969 -0.00718798 0.00304153 0.00719837 0.999969 -0.0821909 0.155322 0.425974
FixedParameters: 0 0 0

#Transform 59
Transform: AffineTransform_float_3_3
Parameters: 0.999987 0.00385618 -0.00326225 -0.00388257 0.999961 -0.00801603 0.00323055 0.00802941 0.999963 -0.0822863 0.134119 0.422695
FixedParameters: 0 0 0

#Transform 60
Transform: AffineTransform_float_3_3
Parameters: 0.999988 0.00379709 -0.00296218 -0.00381881 0.999965 -0.00746192 0.0029342 0.0074736 0.999968 -0.0831966 0.15551 0.261464
FixedParameters: 0 0 0

#Transform 61
Transform: AffineTransform_float_3_3
Parameters: 0.999993 0.00291156 -0.00238629 -0.00292684 0.999973 -0.00673202 0.00236664 0.00673967 0.999974 -0.0564641 0.234844 -0.0880198
FixedParameters: 0 0 0

#Transform 62
Transform: AffineTransform_float_3_3
Parameters: 0.999996 0.00225183 -0.00147937 -0.00225967 0.99998 -0.0058902 0.0014655 0.00589417 0.999981 -0.0768545 0.172599 -0.0404008
FixedParameters: 0 0 0

#Transform 63
Transform: AffineTransform_float_3_3
Parameters: 0.999994 0.00297378 -0.0017028 -0.00298674 0.999968 -0.00741721 0.00167996 0.0074217 0.999971 -0.0840184 0.232884 0.149541
FixedParameters: 0 0 0

#Transform 64
Transform: AffineTransform_float_3_3
Parameters: 0.99999 0.00336654 -0.00298344 -0.00337922 0.999985 -0.0042089 0.00296919 0.00421901 0.999987 -0.0142528 0.127171 0.260367
FixedParameters: 0 0 0

#Transform 65
Transform: AffineTransform_float_3_3
Parameters: 0.999985 0.00301735 -0.00446642 -0.00303775 0.999986 -0.00443529 0.00445261 0.00444902 0.99998 0.0095649 0.0253911 0.507219
FixedParameters: 0 0 0

#Transform 66
Transform: AffineTransform_float_3_3
Parameters: 0.999987 0.00337298 -0.003837 -0.00339806 0.999973 -0.00639345 0.00381518 0.00640604 0.999972 -0.0231244 0.110156 0.388246
FixedParameters: 0 0 0

#Transform 67
Transform: AffineTransform_float_3_3
Parameters: 0.999984 0.00344085 -0.00451882 -0.00346912 0.999975 -0.0062049 0.00449678 0.00622017 0.99997 0.00371648 0.0928908 0.374234
FixedParameters: 0 0 0

#Transform 68
Transform: AffineTransform_float_3_3
Parameters: 0.999985 0.00349324 -0.00417576 -0.00351989 0.999973 -0.00645482 0.00415347 0.00646945 0.99997 -0.0137291 0.124586 0.344626
FixedParameters: 0 0 0

#Transform 69
Transform: AffineTransform_float_3_3
Parameters: 0.999985 0.00361242 -0.00411713 -0.00364109 0.99997 -0.00683882 0.00409247 0.00685398 0.999968 -0.0109476 0.161245 0.285119
FixedParameters: 0 0 0

#Transform 70
Transform: AffineTransform_float_3_3
Parameters: 0.999985 0.0035054 -0.00409498 -0.00353293 0.999972 -0.00657024 0.00407187 0.00658469 0.99997 -0.0207072 0.122047 0.306705
FixedParameters: 0 0 0

#Transform 71
Transform: AffineTransform_float_3_3
Parameters: 0.999986 0.00351347 -0.00402316 -0.00354414 0.999965 -0.00755383 0.00399648 0.00756875 0.999964 -0.032692 0.172397 0.277017
FixedParameters: 0 0 0

#Transform 72
Transform: AffineTransform_float_3_3
Parameters: 0.999986 0.00317365 -0.00416306 -0.0032039 0.999968 -0.00728755 0.00413912 0.007301 0.999965 -0.0239258 0.130398 0.284424
FixedParameters: 0 0 0

#Transform 73
Transform: AffineTransform_float_3_3
Parameters: 0.999986 0.00355094 -0.0037916 -0.00357823 0.999968 -0.00713034 0.00376587 0.00714363 0.999968 -0.0447711 0.15453 0.326666
FixedParameters: 0 0 0

#Transform 74
Transform: AffineTransform_float_3_3
Parameters: 0.99999 0.00324076 -0.00311011 -0.00326433 0.999964 -0.00782023 0.00308468 0.00783025 0.999965 -0.0600751 0.181998 0.357806
FixedParameters: 0 0 0

#Transform 75
Transform: AffineTransform_float_3_3
Parameters: 0.999992 0.00316673 -0.00275006 -0.00318302 0.999976 -0.00617791 0.00273032 0.00618718 0.999977 -0.0807158 0.162059 0.244641
FixedParameters: 0 0 0

#Transform 76
Transform: AffineTransform_float_3_3
Parameters: 0.999992 0.000623503 -0.00396528 -0.000644876 0.999985 -0.00532738 0.00396141 0.00532966 0.999978 0.0639765 0.104363 0.223755
FixedParameters: 0 0 0

#Transform 77
Transform: AffineTransform_float_3_3
Parameters: 0.99999 0.00133415 -0.00425684 -0.0013598 0.999982 -0.00592829 0.00424918 0.00593376 0.999974 0.0511276 0.0864337 0.237279
FixedParameters: 0 0 0

#Transform 78
Transform: AffineTransform_float_3_3
Parameters: 0.999984 0.00161876 -0.0053305 -0.00164513 0.999987 -0.00497022 0.00532326 0.00497866 0.999973 0.100415 0.0552197 0.246467
FixedParameters: 0 0 0

#Transform 79
Transform: AffineTransform_float_3_3
Parameters: 0.999992 0.00233134 -0.00344185 -0.00233512 0.999996 -0.00132713 0.00343873 0.00133482 0.999994 0.0550581 0.0182356 0.00147834
FixedParameters: 0 0 0

#Transform 80
Transform: AffineTransform_float_3_3
Parameters: 0.999998 0.00175031 0.000698709 -0.00175138 0.999998 0.00126592 -0.000696369 -0.0012667 0.999999 0.00771635 0.265069 -0.503299
FixedParameters: 0 0 0

#Transform 81
Transform: AffineTransform_float_3_3
Parameters: 0.99999 0.00311493 -0.00330847 -0.00312981 0.999985 -0.00442763 0.00329466 0.00443791 0.999985 -0.0582471 -0.0360409 0.606177
FixedParameters: 0 0 0

#Transform 82
Transform: AffineTransform_float_3_3
Parameters: 0.999987 0.00305399 -0.00414959 -0.00307717 0.99998 -0.00556973 0.00413199 0.00558218 0.999976 -0.0327039 -0.0149548 0.661447
FixedParameters: 0 0 0

#Transform 83
Transform: AffineTransform_float_3_3
Parameters: 0.999983 0.00350667 -0.00471185 -0.00353471 0.999975 -0.0060378 0.004691 0.00605435 0.999971 -0.0189858 0.0610093 0.695226
FixedParameters: 0 0 0

#Transform 84
Transform: AffineTransform_float_3_3
Parameters: 0.999977 0.00388639 -0.00549805 -0.00391709 0.999977 -0.00568312 0.00547583 0.0057046 0.999969 0.0109029 0.0323538 0.66895
FixedParameters: 0 0 0

#Transform 85
Transform: AffineTransform_float_3_3
Parameters: 0.999983 0.00407235 -0.00409135 -0.00408921 0.999984 -0.00412135 0.0040751 0.00413738 0.999983 -0.0104827 0.0636492 0.38919
FixedParameters: 0 0 0

#Transform 86
Transform: AffineTransform_float_3_3
Parameters: 0.999994 0.0011213 -0.00306887 -0.00112666 0.999998 -0.00171287 0.00306619 0.00171584 0.999994 -0.0223527 0.0631051 -0.00424421
FixedParameters: 0 0 0

#Transform 87
Transform: AffineTransform_float_3_3
Parameters: 0.999998 0.000746824 -0.00195001 -0.000751018 0.999997 -0.00220926 0.00194904 0.00221053 0.999996 -0.0716004 0.0400504 0.0975048
FixedParameters: 0 0 0

#Transform 88
Transform: AffineTransform_float_3_3
Parameters: 0.999998 0.000774143 -0.00176694 -0.000778308 0.999997 -0.00243949 0.00176549 0.0024403 0.999995 -0.0876574 -0.0112045 0.188325
FixedParameters: 0 0 0

#Transform 89
Transform: AffineTransform_float_3_3
Parameters: 0.999999 0.000596568 -0.00160426 -0.000598062 1 -0.000762896 0.00160319 0.00076386 0.999998 -0.037571 -0.0478749 0.543341
FixedParameters: 0 0 0

#Transform 90
Transform: AffineTransform_float_3_3
Parameters: 0.999994 -0.00335163 -0.00105499 0.00336297 0.999936 0.0107716 0.00101876 -0.0107756 0.999941 0.0543655 -0.540625 1.00746
FixedParameters: 0 0 0

#Transform 91
Transform: AffineTransform_float_3_3
Parameters: 0.999998 -0.0016528 -0.000227274 0.0016539 0.999984 0.00541318 0.000217678 -0.00541339 0.999986 -0.0408056 -0.257134 0.71623
FixedParameters: 0 0 0

#Transform 92
Transform: AffineTransform_float_3_3
Parameters: 0.999996 -0.00207967 0.00149409 0.00207638 0.999996 0.00202578 -0.00149791 -0.00202309 0.999997 -0.0317068 -0.136161 0.124447
FixedParameters: 0 0 0

#Transform 93
Transform: AffineTransform_float_3_3
Parameters: 0.999999 -0.00139809 0.00122729 0.00139646 0.999998 0.00112122 -0.00122962 -0.00112 0.999999 -0.0355948 -0.0627812 0.00477671
FixedParameters: 0 0 0

#Transform 94
Transform: AffineTransform_float_3_3
Parameters: 0.999996 -0.00277268 0.000805073 0.00277286 0.999996 -0.000111187 -0.000804468 0.000113529 1 0.0473447 -0.00197457 0.0266267
FixedParameters: 0 0 0

#Transform 95
Transform: AffineTransform_float_3_3
Parameters: 0.999997 -0.00204196 0.000750638 0.00204162 0.999998 0.000225711 -0.000751555 -0.000223226 0.999999 0.0321323 -0.0119273 0.0144663
FixedParameters: 0 0 0

#Transform 96
Transform: AffineTransform_float_3_3
Parameters: 0.999999 -0.00176189 -7.32771e-05 0.00176209 0.999999 0.000380568 7.29226e-05 -0.000381422 1 0.0939283 -0.0681346 0.0191439
FixedParameters: 0 0 0

#Transform 97
Transform: AffineTransform_float_3_3
Parameters: 0.999998 -0.00173859 8.34435e-05 0.00173857 0.999999 -0.000567798 -8.24638e-05 0.00056752 1 0.0378463 -0.117661 0.0704883
FixedParameters: 0 0 0

#Transform 98
Transform: AffineTransform_float_3_3
Parameters: 0.999999 -0.000745557 0.000185243 0.000745816 0.999999 -0.00100933 -0.000184731 0.00100962 1 0.0386221 -0.0897196 0.115635
FixedParameters: 0 0 0

#Transform 99
Transform: AffineTransform_float_3_3
Parameters: 1 -0.000633954 -0.000129744 0.000633405 0.999998 -0.00178387 0.000131007 0.00178372 0.999999 0.0898918 -0.123653 0.156566
FixedParameters: 0 0 0

#Transform 100
Transform: AffineTransform_float_3_3
Parameters: 0.999998 -0.00171503 -0.000883095 0.00171254 0.999994 -0.00280312 0.000888323 0.00280207 0.999996 0.111153 0.00529915 0.0412234
FixedParameters: 0 0 0

#Transform 101
Transform: AffineTransform_float_3_3
Parameters: 0.999999 -0.00131995 -0.000217025 0.00131997 0.999998 0.001575 0.000215004 -0.00157494 0.999998 0.00848772 -0.083944 0.0636839
FixedParameters: 0 0 0

#Transform 102
Transform: AffineTransform_float_3_3
Parameters: 0.999999 -0.000591722 -0.00052515 0.000591561 1 -0.000153708 0.000525332 0.000153086 1 0.0481134 -0.0750648 0.0191399
FixedParameters: 0 0 0

#Transform 103
Transform: AffineTransform_float_3_3
Parameters: 1 -0.000492755 -9.68061e-06 0.000492751 1 -0.000194816 9.8726e-06 0.000194807 1 0.0409538 -0.108175 0.178373
FixedParameters: 0 0 0

#Transform 104
Transform: AffineTransform_float_3_3
Parameters: 0.999999 -0.000885104 9.768e-05 0.000885284 1 -0.000761799 -9.63362e-05 0.00076168 0.999999 0.0353908 -0.156348 0.283315
FixedParameters: 0 0 0

#Transform 105
Transform: AffineTransform_float_3_3
Parameters: 0.999999 -0.000382246 -0.00132753 0.000378139 0.999994 -0.00341287 0.0013284 0.00341315 0.999993 0.0853221 -0.0145746 0.232293
FixedParameters: 0 0 0

#Transform 106
Transform: AffineTransform_float_3_3
Parameters: 0.999999 4.13199e-05 -0.00181597 -4.5441e-05 0.999998 -0.00195107 0.00181534 0.00195087 0.999997 0.0853335 -0.0636986 0.350055
FixedParameters: 0 0 0

#Transform 107
Transform: AffineTransform_float_3_3
Parameters: 0.999999 0.000110632 -0.00182191 -0.000113788 0.999999 -0.00168014 0.00182109 0.00168085 0.999997 0.0763761 0.0448363 0.204951
FixedParameters: 0 0 0

#Transform 108
Transform: AffineTransform_float_3_3
Parameters: 0.999999 0.000623245 -0.00144115 -0.000626692 0.999997 -0.00234868 0.00143972 0.0023498 0.999997 0.0557 -0.00958466 0.248742
FixedParameters: 0 0 0

#Transform 109
Transform: AffineTransform_float_3_3
Parameters: 0.999999 0.000729606 -0.00133156 -0.00073295 0.999997 -0.00257076 0.00133029 0.00257172 0.999996 0.0342118 -0.00407442 0.261099
FixedParameters: 0 0 0

#Transform 110
Transform: AffineTransform_float_3_3
Parameters: 0.999999 0.000713734 -0.00141693 -0.000717457 0.999997 -0.00249832 0.00141486 0.00249937 0.999996 0.0544451 0.0398554 0.258746
FixedParameters: 0 0 0

#Transform 111
Transform: AffineTransform_float_3_3
Parameters: 0.999999 0.000780584 -0.00164534 -0.000785216 0.999995 -0.00307349 0.00164273 0.00307538 0.999994 0.0320413 -0.00119941 0.293392
FixedParameters: 0 0 0

#Transform 112
Transform: AffineTransform_float_3_3
Parameters: 0.999998 0.000725313 -0.00158032 -0.000731588 0.999993 -0.00342757 0.00157765 0.00342822 0.999993 0.00917614 -0.00201374 0.460404
FixedParameters: 0 0 0

#Transform 113
Transform: AffineTransform_float_3_3
Parameters: 0.999997 0.00181303 -0.00163951 -0.00181756 0.999993 -0.00319843 0.00163303 0.00320114 0.999994 -0.0523002 0.116456 0.419277
FixedParameters: 0 0 0

#Transform 114
Transform: AffineTransform_float_3_3
Parameters: 0.999998 0.00188112 -0.00135604 -0.00188558 0.999992 -0.00356072 0.00134888 0.00356227 0.999993 -0.0734746 0.0301494 0.443369
FixedParameters: 0 0 0

#Transform 115
Transform: AffineTransform_float_3_3
Parameters: 0.999997 0.00175179 -0.00134056 -0.00175673 0.999991 -0.0037928 0.00133352 0.00379519 0.999992 -0.0712162 -0.00610314 0.474807
FixedParameters: 0 0 0

#Transform 116
Transform: AffineTransform_float_3_3
Parameters: 0.999998 0.00154333 -0.00130809 -0.00154809 0.999992 -0.00375618 0.00130176 0.00375793 0.999993 -0.0718522 -0.0109607 0.484895
FixedParameters: 0 0 0

#Transform 117
Transform: AffineTransform_float_3_3
Parameters: 0.999997 0.00160804 -0.00195961 -0.00161311 0.999996 -0.00220641 0.00195596 0.0022098 0.999996 -0.0138904 -0.0339881 0.480441
FixedParameters: 0 0 0

#Transform 118
Transform: AffineTransform_float_3_3
Parameters: 0.999999 0.000583369 -0.00122649 -0.000587163 0.999996 -0.00292842 0.00122457 0.00292888 0.999995 -0.0473293 0.029859 0.271462
FixedParameters: 0 0 0

#Transform 119
Transform: AffineTransform_float_3_3
Parameters: 0.999999 0.000543186 -0.00121936 -0.000546386 0.999996 -0.00268846 0.00121794 0.00268881 0.999995 -0.066259 0.00742742 0.327616
FixedParameters: 0 0 0

#Transform 120
Transform: AffineTransform_float_3_3
Parameters: 0.999999 0.000612174 -0.000849352 -0.000615002 0.999995 -0.00309872 0.000847211 0.00309974 0.999995 -0.0696917 -0.00288201 0.349305
FixedParameters: 0 0 0

#Transform 121
Transform: AffineTransform_float_3_3
Parameters: 0.999999 0.000682987 -0.00028307 -0.000683245 0.999995 -0.00301419 0.000280761 0.00301455 0.999996 -0.0904329 -0.0140302 0.375828
FixedParameters: 0 0 0

#Transform 122
Transform: AffineTransform_float_3_3
Parameters: 0.999999 0.000676613 -0.000285119 -0.000677975 0.999994 -0.00319215 0.000282736 0.00319155 0.999995 -0.0860555 0.0199723 0.383028
FixedParameters: 0 0 0

#Transform 123
Transform: AffineTransform_float_3_3
Parameters: 0.999999 0.000947022 -0.00152753 -0.000949599 0.999997 -0.00229246 0.00152554 0.00229466 0.999997 -0.0193476 -0.0562525 0.501761
FixedParameters: 0 0 0

#Transform 124
Transform: AffineTransform_float_3_3
Parameters: 0.999994 0.000731444 -0.00325559 -0.000741883 0.999995 -0.00337238 0.00325291 0.00337516 0.999988 0.0564292 -0.0332299 0.393894
FixedParameters: 0 0 0

#Transform 125
Transform: AffineTransform_float_3_3
Parameters: 0.999996 0.000432578 -0.00255315 -0.000439215 0.999996 -0.00251808 0.00255202 0.00251926 0.999993 0.070281 0.0126111 0.230025
FixedParameters: 0 0 0

#Transform 126
Transform: AffineTransform_float_3_3
Parameters: 0.999999 0.000534222 -0.000814778 -0.0005377 0.999993 -0.00366926 0.000812498 0.00367011 0.999993 -0.0206065 -0.0669343 0.435032
FixedParameters: 0 0 0

#Transform 127
Transform: AffineTransform_float_3_3
Parameters: 1 -0.000133277 -0.000183535 0.000131968 0.999993 -0.0037713 0.000183516 0.00377127 0.999993 -0.0338262 0.0323218 0.459061
FixedParameters: 0 0 0

#Transform 128
Transform: AffineTransform_float_3_3
Parameters: 0.999996 -0.0026197 -0.00103528 0.00262079 0.999996 0.000871098 0.00103288 -0.000874264 0.999999 0.080847 -0.031603 0.163712
FixedParameters: 0 0 0

#Transform 129
Transform: AffineTransform_float_3_3
Parameters: 0.999997 -0.000255823 -0.00235013 0.000263269 0.999996 0.00304298 0.00234957 -0.00304365 0.999992 0.00503727 -0.233388 0.736696
FixedParameters: 0 0 0

#Transform 130
Transform: AffineTransform_float_3_3
Parameters: 0.999996 0.00149592 -0.00238345 -0.0015051 0.999992 -0.00359108 0.00237751 0.00359558 0.999991 -0.0503179 0.0719798 0.794366
FixedParameters: 0 0 0

#Transform 131
Transform: AffineTransform_float_3_3
Parameters: 0.999996 0.0016106 -0.0021239 -0.00161806 0.999993 -0.00343371 0.00211876 0.00343665 0.999992 -0.0686639 -0.0543937 0.851441
FixedParameters: 0 0 0

#Transform 132
Transform: AffineTransform_float_3_3
Parameters: 0.999995 0.00216834 -0.00252097 -0.00217556 0.999993 -0.0028176 0.00251468 0.00282338 0.999992 -0.0333731 -0.0447041 0.810109
FixedParameters: 0 0 0

#Transform 133
Transform: AffineTransform_float_3_3
Parameters: 0.999993 0.00218752 -0.00310164 -0.00219345 0.999996 -0.00202177 0.00309673 0.0020286 0.999993 0.012814 0.00377834 0.490925
FixedParameters: 0 0 0

#Transform 134
Transform: AffineTransform_float_3_3
Parameters: 0.999994 0.00164912 -0.00286562 -0.00165389 0.999997 -0.00141019 0.0028634 0.00141416 0.999995 0.00987452 -0.11768 0.485892
FixedParameters: 0 0 0

#Transform 135
Transform: AffineTransform_float_3_3
Parameters: 0.999995 0.00172113 -0.00292852 -0.00172873 0.999995 -0.00242718 0.00292411 0.00243178 0.999992 -0.00205761 -0.0398564 0.504974
FixedParameters: 0 0 0

#Transform 136
Transform: AffineTransform_float_3_3
Parameters: 0.999995 0.00164526 -0.00244307 -0.0016506 0.999996 -0.0022289 0.00243885 0.00223212 0.999995 -0.0367226 -0.0655544 0.51719
FixedParameters: 0 0 0

#Transform 137
Transform: AffineTransform_float_3_3
Parameters: 0.999996 0.00152907 -0.00242355 -0.00153481 0.999997 -0.00212013 0.00242035 0.00212397 0.999995 -0.0261698 -0.0402478 0.526514
FixedParameters: 0 0 0

#Transform 138
Transform: AffineTransform_float_3_3
Parameters: 0.999996 0.00160802 -0.00264427 -0.00161505 0.999995 -0.00258829 0.00263991 0.00259226 0.999993 -0.0226432 -0.0168417 0.549733
FixedParameters: 0 0 0

#Transform 139
Transform: AffineTransform_float_3_3
Parameters: 0.999996 0.00154348 -0.00240289 -0.00154872 0.999997 -0.00203262 0.00239991 0.00203617 0.999995 -0.0329839 -0.10337 0.559886
FixedParameters: 0 0 0

#Transform 140
Transform: AffineTransform_float_3_3
Parameters: 0.999996 0.00172886 -0.00248988 -0.00173376 0.999997 -0.001887 0.00248663 0.00189079 0.999995 -0.0245584 -0.106503 0.571778
FixedParameters: 0 0 0

#Transform 141
Transform: AffineTransform_float_3_3
Parameters: 0.999995 0.00154623 -0.00255672 -0.00155462 0.999994 -0.00318394 0.00255166 0.00318731 0.999992 -0.0199199 -0.0126 0.500135
FixedParameters: 0 0 0

#Transform 142
Transform: AffineTransform_float_3_3
Parameters: 0.999995 0.00159927 -0.00250792 -0.00160557 0.999995 -0.00261671 0.00250451 0.00262114 0.999993 -0.0184915 -0.031025 0.505916
FixedParameters: 0 0 0

#Transform 143
Transform: AffineTransform_float_3_3
Parameters: 0.999995 0.0015812 -0.00282465 -0.00158802 0.999996 -0.00238512 0.00282107 0.00238952 0.999993 -0.0222285 -0.0840697 0.563406
FixedParameters: 0 0 0

#Transform 144
Transform: AffineTransform_float_3_3
Parameters: 0.999999 0.000300554 -0.00153171 -0.000303448 0.999998 -0.00197094 0.00153106 0.00197216 0.999997 -0.029927 0.0598638 0.376227
FixedParameters: 0 0 0

#Transform 145
Transform: AffineTransform_float_3_3
Parameters: 0.999993 -0.00109994 -0.00355872 0.0010887 0.999995 -0.00305831 0.00356186 0.00305455 0.99999 0.130168 -0.0389297 0.430354
FixedParameters: 0 0 0

#Transform 146
Transform: AffineTransform_float_3_3
Parameters: 0.999998 0.000252128 -0.00196653 -0.000259853 0.999993 -0.00384711 0.00196547 0.00384745 0.99999 -0.00319477 -0.000857975 0.464816
FixedParameters: 0 0 0

#Transform 147
Transform: AffineTransform_float_3_3
Parameters: 0.999999 0.000265827 -0.00144037 -0.000269582 0.999996 -0.00281049 0.00144023 0.00281058 0.999995 -0.00630528 -0.0185904 0.588558
FixedParameters: 0 0 0

#Transform 148
Transform: AffineTransform_float_3_3
Parameters: 0.999998 -0.00158113 0.00062668 0.00158335 0.999994 -0.00303702 -0.000621904 0.00303782 0.999996 -0.0647706 0.0355361 0.161853
FixedParameters: 0 0 0

#Transform 149
Transform: AffineTransform_float_3_3
Parameters: 0.999996 0.000378102 -0.00287241 -0.000384634 0.999997 -0.00256391 0.00287122 0.00256506 0.999992 0.052568 0.0129868 0.348527
FixedParameters: 0 0 0

#Transform 150
Transform: AffineTransform_float_3_3
Parameters: 0.999996 0.000390899 -0.00255784 -0.000401438 0.999992 -0.00411623 0.00255602 0.00411721 0.999989 0.0257767 0.0727192 0.431764
FixedParameters: 0 0 0

#Transform 151
Transform: AffineTransform_float_3_3
Parameters: 0.999999 0.000392653 -0.00154191 -0.000398451 0.999992 -0.0039731 0.00153983 0.00397461 0.999991 -0.00773196 0.034084 0.456246
FixedParameters: 0 0 0

#Transform 152
Transform: AffineTransform_float_3_3
Parameters: 0.999998 0.000380528 -0.00157829 -0.000386704 0.999991 -0.00438056 0.00157683 0.00438205 0.999989 -0.00539128 0.0841698 0.348126
FixedParameters: 0 0 0

#Transform 153
Transform: AffineTransform_float_3_3
Parameters: 0.999995 0.00136042 -0.00271053 -0.00137291 0.999989 -0.0043614 0.00270397 0.00436549 0.999987 -0.00993087 0.0413639 0.414705
FixedParameters: 0 0 0

#Transform 154
Transform: AffineTransform_float_3_3
Parameters: 1 0.000501803 -0.000951774 -0.000502814 0.999999 -0.00104959 0.000950557 0.00104959 0.999999 0.0464359 -0.0292176 0.262767
FixedParameters: 0 0 0

#Transform 155
Transform: AffineTransform_float_3_3
Parameters: 0.999999 -0.00021793 -0.0014827 0.000212418 0.999993 -0.00357843 0.00148348 0.0035784 0.999993 0.00788912 0.0152249 0.483383
FixedParameters: 0 0 0

#Transform 156
Transform: AffineTransform_float_3_3
Parameters: 0.999998 0.000349668 -0.001948 -0.00035538 0.999996 -0.00282615 0.00194723 0.00282714 0.999994 -0.0198772 -0.0633447 0.485181
FixedParameters: 0 0 0

#Transform 157
Transform: AffineTransform_float_3_3
Parameters: 0.999998 0.000297741 -0.00208975 -0.000304484 0.999995 -0.00288085 0.00208923 0.00288173 0.999993 0.00600488 0.000130248 0.457696
FixedParameters: 0 0 0

#Transform 158
Transform: AffineTransform_float_3_3
Parameters: 0.999997 0.00048023 -0.00211517 -0.000486558 0.999996 -0.00274844 0.00211373 0.0027501 0.999994 0.0104284 -0.0463864 0.454389
FixedParameters: 0 0 0

#Transform 159
Transform: AffineTransform_float_3_3
Parameters: 0.999999 0.00069691 -0.00172688 -0.000702274 0.999993 -0.00343614 0.00172412 0.00343787 0.999992 -0.0157639 0.0272906 0.437588
FixedParameters: 0 0 0

#Transform 160
Transform: AffineTransform_float_3_3
Parameters: 0.999998 0.0001127 -0.00163342 -0.000118805 0.999995 -0.00316335 0.00163307 0.00316402 0.999993 -0.0138051 -0.0011891 0.42142
FixedParameters: 0 0 0

#Transform 161
Transform: AffineTransform_float_3_3
Parameters: 0.999998 0.00159237 -0.00113314 -0.00159031 0.999998 0.00104044 0.00113445 -0.00103805 0.999999 0.0479765 0.0915312 0.0888471
FixedParameters: 0 0 0

#Transform 162
Transform: AffineTransform_float_3_3
Parameters: 0.999986 0.00153697 -0.00499843 -0.00156176 0.999988 -0.00482142 0.00499094 0.00482863 0.999976 0.254336 -0.0475401 0.235523
FixedParameters: 0 0 0

#Transform 163
Transform: AffineTransform_float_3_3
Parameters: 0.999993 0.000679572 -0.00365965 -0.000691652 0.999995 -0.00321039 0.00365753 0.00321302 0.999988 0.121086 0.050249 0.331786
FixedParameters: 0 0 0

#Transform 164
Transform: AffineTransform_float_3_3
Parameters: 0.999988 0.001024 -0.00483407 -0.0010221 1 0.000438164 0.00483518 -0.000433316 0.999988 0.172469 -0.170644 0.265467
FixedParameters: 0 0 0

#Transform 165
Transform: AffineTransform_float_3_3
Parameters: 0.999997 0.000999589 -0.00221952 -0.00100329 0.999998 -0.00155964 0.00221789 0.00156149 0.999996 0.0442642 -0.0311534 0.0680786
FixedParameters: 0 0 0

#Transform 166
Transform: AffineTransform_float_3_3
Parameters: 0.999997 0.00147013 -0.00226427 -0.00147444 0.999997 -0.00213808 0.00226015 0.00214185 0.999995 0.0157467 0.0464532 0.125073
FixedParameters: 0 0 0

#Transform 167
Transform: AffineTransform_float_3_3
Parameters: 0.999996 0.00135027 -0.00249734 -0.00135322 0.999999 -0.00102874 0.00249618 0.00103193 0.999996 0.0317536 -0.0615526 0.138985
FixedParameters: 0 0 0

#Transform 168
Transform: AffineTransform_float_3_3
Parameters: 0.999997 0.00123842 -0.00207308 -0.00124022 0.999999 -0.000690017 0.00207217 0.000692564 0.999998 0.00953157 -0.0575776 0.085857
FixedParameters: 0 0 0

#Transform 169
Transform: AffineTransform_float_3_3
Parameters: 0.999997 0.00151341 -0.00197431 -0.0015141 0.999999 -0.00044887 0.00197375 0.000451966 0.999998 0.000842867 -0.0755576 0.174707
FixedParameters: 0 0 0

#Transform 170
Transform: AffineTransform_float_3_3
Parameters: 0.999996 0.00239315 -0.00162636 -0.00239334 0.999998 0.000294293 0.00162687 -0.000290239 0.999999 -0.0773794 -0.201475 0.498628
FixedParameters: 0 0 0

#Transform 171
Transform: AffineTransform_float_3_3
Parameters: 0.999996 0.00125155 -0.00283355 -0.00125766 0.999997 -0.00221903 0.002831 0.00222286 0.999994 -0.00989902 0.0255273 0.465922
FixedParameters: 0 0 0

#Transform 172
Transform: AffineTransform_float_3_3
Parameters: 0.999997 0.00139954 -0.00212341 -0.00140463 0.999997 -0.00204051 0.00212115 0.00204354 0.999996 -0.0407722 -0.0274492 0.414934
FixedParameters: 0 0 0

#Transform 173
Transform: AffineTransform_float_3_3
Parameters: 0.999997 0.00155853 -0.00183497 -0.00156185 0.999998 -0.0018797 0.00183258 0.00188317 0.999996 -0.0510753 -0.0921584 0.436772
FixedParameters: 0 0 0

#Transform 174
Transform: AffineTransform_float_3_3
Parameters: 0.999997 0.00200439 -0.00137425 -0.00200608 0.999997 -0.00155517 0.00137162 0.00155718 0.999998 -0.0604221 -0.0533858 0.379156
FixedParameters: 0 0 0

#Transform 175
Transform: AffineTransform_float_3_3
Parameters: 0.999997 0.000967449 0.00190514 -0.000960137 0.999992 -0.00386364 -0.00190944 0.00386115 0.99999 -0.02838 0.151605 -0.213328
FixedParameters: 0 0 0

#Transform 176
Transform: AffineTransform_float_3_3
Parameters: 1 0.000755092 -0.000798364 -0.000756285 0.999999 -0.00156967 0.000797802 0.0015696 0.999998 0.0923927 0.000511101 -0.286483
FixedParameters: 0 0 0

#Transform 177
Transform: AffineTransform_float_3_3
Parameters: 0.999999 0.000736172 -0.000715747 -0.00073723 0.999999 -0.00157702 0.000714241 0.00157681 0.999998 0.0955419 -0.00217664 -0.283512
FixedParameters: 0 0 0

#Transform 178
Transform: AffineTransform_float_3_3
Parameters: 0.999999 0.00100728 -0.000891184 -0.0010081 0.999999 -0.00117926 0.000890637 0.00118103 0.999999 0.0953757 0.0303866 -0.280434
FixedParameters: 0 0 0

#Transform 179
Transform: AffineTransform_float_3_3
Parameters: 0.999999 0.00103169 -0.000726664 -0.00103322 0.999998 -0.00197734 0.000724402 0.00197852 0.999998 0.0839016 0.0754753 -0.279847
FixedParameters: 0 0 0

#Transform 180
Transform: AffineTransform_float_3_3
Parameters: 0.999999 0.000706029 -0.000532127 -0.000706863 0.999997 -0.00204794 0.00053104 0.00204771 0.999998 0.0793159 0.070277 -0.284068
FixedParameters: 0 0 0

#Transform 181
Transform: AffineTransform_float_3_3
Parameters: 0.999999 0.000511223 -0.000717222 -0.00051296 0.999998 -0.0021706 0.000716802 0.00217035 0.999998 0.0882936 0.0247884 -0.259988
FixedParameters: 0 0 0

#Transform 182
Transform: AffineTransform_float_3_3
Parameters: 0.999995 0.000933028 -0.00317135 -0.000922722 0.999995 0.00297147 0.00317403 -0.00296821 0.999991 0.147124 -0.167736 -0.123902
FixedParameters: 0 0 0

#Transform 183
Transform: AffineTransform_float_3_3
Parameters: 0.999996 0.000711501 -0.00268308 -0.000706762 0.999998 0.00187278 0.00268446 -0.00187001 0.999995 0.101273 -0.178244 0.0506713
FixedParameters: 0 0 0

#Transform 184
Transform: AffineTransform_float_3_3
Parameters: 0.999998 0.000890898 -0.00167578 -0.000890644 1 -0.000251786 0.00167616 0.000253804 0.999998 -0.00209363 -0.0521982 0.00645302
FixedParameters: 0 0 0

#Transform 185
Transform: AffineTransform_float_3_3
Parameters: 0.999998 0.00116027 -0.00152802 -0.001161 0.999999 -0.000549457 0.00152657 0.000551094 0.999999 -0.00651342 -0.0939637 0.0762357
FixedParameters: 0 0 0

#Transform 186
Transform: AffineTransform_float_3_3
Parameters: 0.999998 0.00113024 -0.00133061 -0.00113114 0.999999 -0.000388778 0.00133068 0.000389858 0.999999 -0.0136232 -0.0810063 0.0496679
FixedParameters: 0 0 0

#Transform 187
Transform: AffineTransform_float_3_3
