# transform file /out/sourcedata/freesurfer/sub-v2s13x29099_ses-1/mri/transforms/cc_up.lta
# created by oesteban on Wed Mar 11 04:40:42 2026

type      = 0 # LINEAR_VOX_TO_VOX
nxforms   = 1
mean      = 129.0000 134.0000 123.0000
sigma     = 10000.0000
1 4 4
9.997613430023193e-01 -2.009874675422907e-03 2.175366505980492e-02 -2.064320087432861e+00 
2.009399002417922e-03 9.999979734420776e-01 4.372222974780016e-05 1.673836135864258e+01 
-2.175370790064335e-02 -3.637978807091713e-12 9.997633695602417e-01 1.580769634246826e+01 
0.000000000000000e+00 0.000000000000000e+00 0.000000000000000e+00 1.000000000000000e+00 
src volume info
valid = 1  # volume info valid
filename = /out/sourcedata/freesurfer/sub-v2s13x29099_ses-1/mri/norm.mgz
volume = 256 256 256
voxelsize = 8.984375000000000e-01 8.984375000000000e-01 8.984375000000000e-01
xras   = -1.000000000000000e+00 -4.656612942466332e-11 1.619691360199571e-11
yras   = -8.098457321414898e-11 1.658563952844361e-08 -1.000000000000000e+00
zras   = -4.575628209657623e-10 1.000000000000000e+00 0.000000000000000e+00
cras   = 1.272171020507812e+00 -5.968025207519531e+00 1.644836425781250e+01
dst volume info
valid = 1  # volume info valid
filename = /out/sourcedata/freesurfer/sub-v2s13x29099_ses-1/mri/norm.mgz
volume = 256 256 256
voxelsize = 8.984375000000000e-01 8.984375000000000e-01 8.984375000000000e-01
xras   = -1.000000000000000e+00 -4.656612942466332e-11 1.619691360199571e-11
yras   = -8.098457321414898e-11 1.658563952844361e-08 -1.000000000000000e+00
zras   = -4.575628209657623e-10 1.000000000000000e+00 0.000000000000000e+00
cras   = 1.272171020507812e+00 -5.968025207519531e+00 1.644836425781250e+01
