type      = 0 # LINEAR_VOX_TO_VOX
nxforms   = 1
mean      = 0.0000 0.0000 0.0000
sigma     = 1.0000
1 4 4
1.001512527465820e+00 -1.958054676651955e-02 1.947632804512978e-02 -3.792266845703125e-01 
1.536597590893507e-02 9.354522228240967e-01 2.759865224361420e-01 -3.596485900878906e+01 
-2.126421965658665e-02 -2.574454247951508e-01 9.620306491851807e-01 2.834852600097656e+01 
0.000000000000000e+00 0.000000000000000e+00 0.000000000000000e+00 1.000000000000000e+00 
src volume info
valid = 1  # volume info valid
filename = /out/sourcedata/freesurfer/sub-v2s13x29099_ses-1/mri/orig.mgz
volume = 256 256 256
voxelsize = 8.984375000000000e-01 8.984375000000000e-01 8.984375000000000e-01
xras   = -1.000000000000000e+00 -4.656612942466332e-11 1.619691360199571e-11
yras   = -8.098457321414898e-11 1.658563952844361e-08 -1.000000000000000e+00
zras   = -4.575628209657623e-10 1.000000000000000e+00 0.000000000000000e+00
cras   = 1.272171020507812e+00 -5.968025207519531e+00 1.644836425781250e+01
dst volume info
valid = 1  # volume info valid
filename = /opt/freesurfer/average/mni305.cor.mgz
volume = 256 256 256
voxelsize = 1.000000000000000e+00 1.000000000000000e+00 1.000000000000000e+00
xras   = -1.000000000000000e+00 0.000000000000000e+00 0.000000000000000e+00
yras   = 0.000000000000000e+00 0.000000000000000e+00 -1.000000000000000e+00
zras   = 0.000000000000000e+00 1.000000000000000e+00 0.000000000000000e+00
cras   = 0.000000000000000e+00 0.000000000000000e+00 0.000000000000000e+00
subject fsaverage
fscale 0.100000
