# transform file transforms/talairach.lta
# created by oesteban on Wed Mar 11 03:24:36 2026

type      = 0 # LINEAR_VOX_TO_VOX
nxforms   = 1
mean      = 129.0000 134.0000 123.0000
sigma     = 10000.0000
1 4 4
9.436018466949463e-01 -3.961830586194992e-02 -1.087192352861166e-02 1.192578697204590e+01 
3.848584741353989e-02 9.744155406951904e-01 2.793793976306915e-01 -4.391322708129883e+01 
-5.423501133918762e-04 -2.596269845962524e-01 9.149146080017090e-01 3.286280441284180e+01 
0.000000000000000e+00 0.000000000000000e+00 0.000000000000000e+00 1.000000000000000e+00 
src volume info
valid = 1  # volume info valid
filename = nu.mgz
volume = 256 256 256
voxelsize = 8.984375000000000e-01 8.984375000000000e-01 8.984375000000000e-01
xras   = -1.000000000000000e+00 -4.656612942466332e-11 1.619691360199571e-11
yras   = -8.098457321414898e-11 1.658563952844361e-08 -1.000000000000000e+00
zras   = -4.575628209657623e-10 1.000000000000000e+00 0.000000000000000e+00
cras   = 1.272171020507812e+00 -5.968025207519531e+00 1.644836425781250e+01
dst volume info
valid = 1  # volume info valid
filename = /opt/freesurfer/average/RB_all_2020-01-02.gca
volume = 256 256 256
voxelsize = 1.000000000000000e+00 1.000000000000000e+00 1.000000000000000e+00
xras   = -1.000000000000000e+00 0.000000000000000e+00 0.000000000000000e+00
yras   = 0.000000000000000e+00 0.000000000000000e+00 -1.000000000000000e+00
zras   = 0.000000000000000e+00 1.000000000000000e+00 0.000000000000000e+00
cras   = 0.000000000000000e+00 0.000000000000000e+00 0.000000000000000e+00
