type      = 1 # LINEAR_RAS_TO_RAS
nxforms   = 1
mean      = 0.0000 0.0000 0.0000
sigma     = 1.0000
1 4 4
1.114727020263672e+00 -2.167800068855286e-02 -2.179400064051151e-02 -9.900509715080261e-01 
2.366800047457218e-02 1.070781946182251e+00 2.865479886531830e-01 -1.053929138183594e+01 
1.710299961268902e-02 -3.071849942207336e-01 1.041198968887329e+00 -1.204721069335938e+01 
0.000000000000000e+00 0.000000000000000e+00 0.000000000000000e+00 1.000000000000000e+00 
src volume info
valid = 1  # volume info valid
filename = /out/sourcedata/freesurfer/sub-v2s13x29099_ses-1/mri/orig_nu.mgz
volume = 256 256 256
voxelsize = 8.984375000000000e-01 8.984375000000000e-01 8.984375000000000e-01
xras   = -1.000000000000000e+00 -4.656612942466332e-11 1.619691360199571e-11
yras   = -8.098457321414898e-11 1.658563952844361e-08 -1.000000000000000e+00
zras   = -4.575628209657623e-10 1.000000000000000e+00 0.000000000000000e+00
cras   = 1.272171020507812e+00 -5.968025207519531e+00 1.644836425781250e+01
dst volume info
valid = 1  # volume info valid
filename = /opt/freesurfer/average/mni305.cor.mgz
volume = 256 256 256
voxelsize = 1.000000000000000e+00 1.000000000000000e+00 1.000000000000000e+00
xras   = -1.000000000000000e+00 0.000000000000000e+00 0.000000000000000e+00
yras   = 0.000000000000000e+00 0.000000000000000e+00 -1.000000000000000e+00
zras   = 0.000000000000000e+00 1.000000000000000e+00 0.000000000000000e+00
cras   = 0.000000000000000e+00 0.000000000000000e+00 0.000000000000000e+00
subject fsaverage
fscale 0.100000
