# transform file /out/sourcedata/freesurfer/sub-v2s13x29110_ses-1/mri/transforms/cc_up.lta
# created by oesteban on Wed Mar 11 05:22:59 2026

type      = 0 # LINEAR_VOX_TO_VOX
nxforms   = 1
mean      = 129.0000 132.0000 121.0000
sigma     = 10000.0000
1 4 4
9.996866583824158e-01 6.980233360081911e-03 2.404194697737694e-02 -5.488033294677734e+00 
-6.978215649724007e-03 9.999757409095764e-01 -1.678224653005600e-04 2.292921829223633e+01 
-2.404253184795380e-02 0.000000000000000e+00 9.997109770774841e-01 1.515906429290771e+01 
0.000000000000000e+00 0.000000000000000e+00 0.000000000000000e+00 1.000000000000000e+00 
src volume info
valid = 1  # volume info valid
filename = /out/sourcedata/freesurfer/sub-v2s13x29110_ses-1/mri/norm.mgz
volume = 256 256 256
voxelsize = 8.984374403953552e-01 8.984374403953552e-01 8.984374403953552e-01
xras   = -1.000000000000000e+00 5.709412942422887e-10 1.295753226937535e-10
yras   = -9.718149202031512e-11 -1.658564130480045e-08 -1.000000000000000e+00
zras   = 5.304489625324038e-10 1.000000000000000e+00 1.658564130480045e-08
cras   = 3.361961364746094e+00 -1.030078125000000e+01 1.701776885986328e+01
dst volume info
valid = 1  # volume info valid
filename = /out/sourcedata/freesurfer/sub-v2s13x29110_ses-1/mri/norm.mgz
volume = 256 256 256
voxelsize = 8.984374403953552e-01 8.984374403953552e-01 8.984374403953552e-01
xras   = -1.000000000000000e+00 5.709412942422887e-10 1.295753226937535e-10
yras   = -9.718149202031512e-11 -1.658564130480045e-08 -1.000000000000000e+00
zras   = 5.304489625324038e-10 1.000000000000000e+00 1.658564130480045e-08
cras   = 3.361961364746094e+00 -1.030078125000000e+01 1.701776885986328e+01
