type      = 0 # LINEAR_VOX_TO_VOX
nxforms   = 1
mean      = 0.0000 0.0000 0.0000
sigma     = 1.0000
1 4 4
1.041999697685242e+00 2.599359117448330e-02 2.960171550512314e-02 -1.361244201660156e+01 
-7.289921399205923e-03 1.001503467559814e+00 1.659225076436996e-01 -2.364489746093750e+01 
6.120245903730392e-02 -1.806632131338120e-01 1.081510305404663e+00 -5.664810180664062e+00 
0.000000000000000e+00 0.000000000000000e+00 0.000000000000000e+00 1.000000000000000e+00 
src volume info
valid = 1  # volume info valid
filename = /out/sourcedata/freesurfer/sub-v2s13x29110_ses-1/mri/orig.mgz
volume = 256 256 256
voxelsize = 8.984374403953552e-01 8.984374403953552e-01 8.984374403953552e-01
xras   = -1.000000000000000e+00 5.709412942422887e-10 1.295753226937535e-10
yras   = -9.718149202031512e-11 -1.658564130480045e-08 -1.000000000000000e+00
zras   = 5.304489625324038e-10 1.000000000000000e+00 1.658564130480045e-08
cras   = 3.361961364746094e+00 -1.030078125000000e+01 1.701776885986328e+01
dst volume info
valid = 1  # volume info valid
filename = /opt/freesurfer/average/mni305.cor.mgz
volume = 256 256 256
voxelsize = 1.000000000000000e+00 1.000000000000000e+00 1.000000000000000e+00
xras   = -1.000000000000000e+00 0.000000000000000e+00 0.000000000000000e+00
yras   = 0.000000000000000e+00 0.000000000000000e+00 -1.000000000000000e+00
zras   = 0.000000000000000e+00 1.000000000000000e+00 0.000000000000000e+00
cras   = 0.000000000000000e+00 0.000000000000000e+00 0.000000000000000e+00
subject fsaverage
fscale 0.100000
