type      = 1 # LINEAR_RAS_TO_RAS
nxforms   = 1
mean      = 0.0000 0.0000 0.0000
sigma     = 1.0000
1 4 4
1.159790992736816e+00 -3.294799849390984e-02 2.893199957907200e-02 -3.610625982284546e+00 
-6.812100112438202e-02 1.203768014907837e+00 2.010859996080399e-01 -1.315734982490540e+00 
-8.113999851047993e-03 -1.846790015697479e-01 1.114717006683350e+00 -1.769758605957031e+01 
0.000000000000000e+00 0.000000000000000e+00 0.000000000000000e+00 1.000000000000000e+00 
src volume info
valid = 1  # volume info valid
filename = /out/sourcedata/freesurfer/sub-v2s13x29110_ses-1/mri/orig_nu.mgz
volume = 256 256 256
voxelsize = 8.984374403953552e-01 8.984374403953552e-01 8.984374403953552e-01
xras   = -1.000000000000000e+00 5.709412942422887e-10 1.295753226937535e-10
yras   = -9.718149202031512e-11 -1.658564130480045e-08 -1.000000000000000e+00
zras   = 5.304489625324038e-10 1.000000000000000e+00 1.658564130480045e-08
cras   = 3.361961364746094e+00 -1.030078125000000e+01 1.701776885986328e+01
dst volume info
valid = 1  # volume info valid
filename = /opt/freesurfer/average/mni305.cor.mgz
volume = 256 256 256
voxelsize = 1.000000000000000e+00 1.000000000000000e+00 1.000000000000000e+00
xras   = -1.000000000000000e+00 0.000000000000000e+00 0.000000000000000e+00
yras   = 0.000000000000000e+00 0.000000000000000e+00 -1.000000000000000e+00
zras   = 0.000000000000000e+00 1.000000000000000e+00 0.000000000000000e+00
cras   = 0.000000000000000e+00 0.000000000000000e+00 0.000000000000000e+00
subject fsaverage
fscale 0.100000
