# transform file transforms/talairach.lta
# created by oesteban on Wed Mar 11 04:03:08 2026

type      = 0 # LINEAR_VOX_TO_VOX
nxforms   = 1
mean      = 129.0000 132.0000 121.0000
sigma     = 10000.0000
1 4 4
9.691535234451294e-01 4.552705958485603e-02 2.248167432844639e-02 -6.627490997314453e+00 
-5.111508443951607e-02 1.043457031250000e+00 1.376865953207016e-01 -2.068386840820312e+01 
-1.584506407380104e-02 -1.281898617744446e-01 9.837174415588379e-01 9.738118171691895e+00 
0.000000000000000e+00 0.000000000000000e+00 0.000000000000000e+00 1.000000000000000e+00 
src volume info
valid = 1  # volume info valid
filename = nu.mgz
volume = 256 256 256
voxelsize = 8.984374403953552e-01 8.984374403953552e-01 8.984374403953552e-01
xras   = -1.000000000000000e+00 5.709412942422887e-10 1.295753226937535e-10
yras   = -9.718149202031512e-11 -1.658564130480045e-08 -1.000000000000000e+00
zras   = 5.304489625324038e-10 1.000000000000000e+00 1.658564130480045e-08
cras   = 3.361961364746094e+00 -1.030078125000000e+01 1.701776885986328e+01
dst volume info
valid = 1  # volume info valid
filename = /opt/freesurfer/average/RB_all_2020-01-02.gca
volume = 256 256 256
voxelsize = 1.000000000000000e+00 1.000000000000000e+00 1.000000000000000e+00
xras   = -1.000000000000000e+00 0.000000000000000e+00 0.000000000000000e+00
yras   = 0.000000000000000e+00 0.000000000000000e+00 -1.000000000000000e+00
zras   = 0.000000000000000e+00 1.000000000000000e+00 0.000000000000000e+00
cras   = 0.000000000000000e+00 0.000000000000000e+00 0.000000000000000e+00
