# transform file /out/sourcedata/freesurfer/sub-v2s13x29101_ses-1/mri/transforms/cc_up.lta
# created by oesteban on Wed Mar 11 04:57:22 2026

type      = 0 # LINEAR_VOX_TO_VOX
nxforms   = 1
mean      = 129.0000 138.0000 126.0000
sigma     = 10000.0000
1 4 4
9.995055794715881e-01 8.095132187008858e-03 3.038517571985722e-02 -4.835936546325684e+00 
-8.091393858194351e-03 9.999673366546631e-01 -2.459800452925265e-04 1.207962322235107e+01 
-3.038617037236691e-02 0.000000000000000e+00 9.995383024215698e-01 1.298500061035156e+01 
0.000000000000000e+00 0.000000000000000e+00 0.000000000000000e+00 1.000000000000000e+00 
src volume info
valid = 1  # volume info valid
filename = /out/sourcedata/freesurfer/sub-v2s13x29101_ses-1/mri/norm.mgz
volume = 256 256 256
voxelsize = 8.984375000000000e-01 8.984375000000000e-01 8.984375000000000e-01
xras   = -9.999998807907104e-01 6.478765440798284e-11 0.000000000000000e+00
yras   = 0.000000000000000e+00 8.292819764221804e-09 -9.999999403953552e-01
zras   = -8.098457321414898e-11 9.999999403953552e-01 0.000000000000000e+00
cras   = 6.848144531250000e-02 -2.625389099121094e+00 1.715992736816406e+01
dst volume info
valid = 1  # volume info valid
filename = /out/sourcedata/freesurfer/sub-v2s13x29101_ses-1/mri/norm.mgz
volume = 256 256 256
voxelsize = 8.984375000000000e-01 8.984375000000000e-01 8.984375000000000e-01
xras   = -9.999998807907104e-01 6.478765440798284e-11 0.000000000000000e+00
yras   = 0.000000000000000e+00 8.292819764221804e-09 -9.999999403953552e-01
zras   = -8.098457321414898e-11 9.999999403953552e-01 0.000000000000000e+00
cras   = 6.848144531250000e-02 -2.625389099121094e+00 1.715992736816406e+01
