type      = 1 # LINEAR_RAS_TO_RAS
nxforms   = 1
mean      = 0.0000 0.0000 0.0000
sigma     = 1.0000
1 4 4
1.102187037467957e+00 -3.738500177860260e-02 1.309999963268638e-03 9.843289852142334e-01 
3.037600032985210e-02 1.030645966529846e+00 2.037100046873093e-01 -1.205061340332031e+01 
-1.084899995476007e-02 -2.386970072984695e-01 1.136047959327698e+00 -7.239257812500000e+00 
0.000000000000000e+00 0.000000000000000e+00 0.000000000000000e+00 1.000000000000000e+00 
src volume info
valid = 1  # volume info valid
filename = /out/sourcedata/freesurfer/sub-v2s13x29101_ses-1/mri/orig_nu.mgz
volume = 256 256 256
voxelsize = 8.984375000000000e-01 8.984375000000000e-01 8.984375000000000e-01
xras   = -9.999998807907104e-01 6.478765440798284e-11 0.000000000000000e+00
yras   = 0.000000000000000e+00 8.292819764221804e-09 -9.999999403953552e-01
zras   = -8.098457321414898e-11 9.999999403953552e-01 0.000000000000000e+00
cras   = 6.848144531250000e-02 -2.625389099121094e+00 1.715992736816406e+01
dst volume info
valid = 1  # volume info valid
filename = /opt/freesurfer/average/mni305.cor.mgz
volume = 256 256 256
voxelsize = 1.000000000000000e+00 1.000000000000000e+00 1.000000000000000e+00
xras   = -1.000000000000000e+00 0.000000000000000e+00 0.000000000000000e+00
yras   = 0.000000000000000e+00 0.000000000000000e+00 -1.000000000000000e+00
zras   = 0.000000000000000e+00 1.000000000000000e+00 0.000000000000000e+00
cras   = 0.000000000000000e+00 0.000000000000000e+00 0.000000000000000e+00
subject fsaverage
fscale 0.100000
