# transform file transforms/talairach.lta
# created by oesteban on Wed Mar 11 03:29:06 2026

type      = 0 # LINEAR_VOX_TO_VOX
nxforms   = 1
mean      = 130.0000 138.0000 126.0000
sigma     = 10000.0000
1 4 4
9.280781149864197e-01 2.145956829190254e-02 3.378687053918839e-02 -5.393520593643188e-01 
-2.288119494915009e-02 1.036904692649841e+00 1.688189804553986e-01 -3.611219024658203e+01 
-3.039126656949520e-02 -1.186617165803909e-01 9.057576060295105e-01 1.914763069152832e+01 
0.000000000000000e+00 0.000000000000000e+00 0.000000000000000e+00 1.000000000000000e+00 
src volume info
valid = 1  # volume info valid
filename = nu.mgz
volume = 256 256 256
voxelsize = 8.984375000000000e-01 8.984375000000000e-01 8.984375000000000e-01
xras   = -9.999998807907104e-01 6.478765440798284e-11 0.000000000000000e+00
yras   = 0.000000000000000e+00 8.292819764221804e-09 -9.999999403953552e-01
zras   = -8.098457321414898e-11 9.999999403953552e-01 0.000000000000000e+00
cras   = 6.848144531250000e-02 -2.625389099121094e+00 1.715992736816406e+01
dst volume info
valid = 1  # volume info valid
filename = /opt/freesurfer/average/RB_all_2020-01-02.gca
volume = 256 256 256
voxelsize = 1.000000000000000e+00 1.000000000000000e+00 1.000000000000000e+00
xras   = -1.000000000000000e+00 0.000000000000000e+00 0.000000000000000e+00
yras   = 0.000000000000000e+00 0.000000000000000e+00 -1.000000000000000e+00
zras   = 0.000000000000000e+00 1.000000000000000e+00 0.000000000000000e+00
cras   = 0.000000000000000e+00 0.000000000000000e+00 0.000000000000000e+00
