type      = 0 # LINEAR_VOX_TO_VOX
nxforms   = 1
mean      = 0.0000 0.0000 0.0000
sigma     = 1.0000
1 4 4
9.902460575103760e-01 1.176953199319541e-03 3.358808532357216e-02 -4.381851196289062e+00 
-9.747147560119629e-03 1.020668029785156e+00 2.144543230533600e-01 -4.172918701171875e+01 
-2.729093469679356e-02 -1.830206811428070e-01 9.259709119796753e-01 2.513687896728516e+01 
0.000000000000000e+00 0.000000000000000e+00 0.000000000000000e+00 1.000000000000000e+00 
src volume info
valid = 1  # volume info valid
filename = /out/sourcedata/freesurfer/sub-v2s13x29101_ses-1/mri/orig.mgz
volume = 256 256 256
voxelsize = 8.984375000000000e-01 8.984375000000000e-01 8.984375000000000e-01
xras   = -9.999998807907104e-01 6.478765440798284e-11 0.000000000000000e+00
yras   = 0.000000000000000e+00 8.292819764221804e-09 -9.999999403953552e-01
zras   = -8.098457321414898e-11 9.999999403953552e-01 0.000000000000000e+00
cras   = 6.848144531250000e-02 -2.625389099121094e+00 1.715992736816406e+01
dst volume info
valid = 1  # volume info valid
filename = /opt/freesurfer/average/mni305.cor.mgz
volume = 256 256 256
voxelsize = 1.000000000000000e+00 1.000000000000000e+00 1.000000000000000e+00
xras   = -1.000000000000000e+00 0.000000000000000e+00 0.000000000000000e+00
yras   = 0.000000000000000e+00 0.000000000000000e+00 -1.000000000000000e+00
zras   = 0.000000000000000e+00 1.000000000000000e+00 0.000000000000000e+00
cras   = 0.000000000000000e+00 0.000000000000000e+00 0.000000000000000e+00
subject fsaverage
fscale 0.100000
