#Insight Transform File V1.0
#Transform 0
Transform: AffineTransform_float_3_3
Parameters: 0.999952 0.00119993 0.00969891 -0.00110012 0.999946 -0.0102646 -0.00971049 0.0102538 0.9999 -0.306884 0.304483 -0.149981
FixedParameters: 0 0 0

#Transform 1
Transform: AffineTransform_float_3_3
Parameters: 0.999957 0.00173891 0.00906152 -0.0016379 0.999936 -0.0112247 -0.00908098 0.0112097 0.999896 -0.303486 0.365423 -0.199436
FixedParameters: 0 0 0

#Transform 2
Transform: AffineTransform_float_3_3
Parameters: 0.999957 0.0016625 0.00911175 -0.00154958 0.999923 -0.0123447 -0.00913204 0.0123305 0.999882 -0.30216 0.41973 -0.258695
FixedParameters: 0 0 0

#Transform 3
Transform: AffineTransform_float_3_3
Parameters: 0.999959 0.00194283 0.00876919 -0.00184019 0.999929 -0.0117739 -0.00879171 0.0117577 0.999893 -0.273443 0.385347 -0.316261
FixedParameters: 0 0 0

#Transform 4
Transform: AffineTransform_float_3_3
Parameters: 0.999963 0.00113762 0.00850311 -0.00103829 0.999932 -0.0116416 -0.00851609 0.0116326 0.999896 -0.267432 0.385045 -0.516739
FixedParameters: 0 0 0

#Transform 5
Transform: AffineTransform_float_3_3
Parameters: 0.999963 0.00153742 0.00847181 -0.00145034 0.999947 -0.0101964 -0.0084869 0.0101835 0.999913 -0.239341 0.507407 -0.568476
FixedParameters: 0 0 0

#Transform 6
Transform: AffineTransform_float_3_3
Parameters: 0.999979 0.00222339 0.00608486 -0.00227943 0.999954 0.00929571 -0.00606379 -0.00930933 0.999939 0.0384896 -0.112008 -0.965469
FixedParameters: 0 0 0

#Transform 7
Transform: AffineTransform_float_3_3
Parameters: 0.999976 -0.00153484 0.00677489 0.0014311 0.999883 0.0152087 -0.00679782 -0.0151986 0.999862 0.504436 -0.367207 -1.74279
FixedParameters: 0 0 0

#Transform 8
Transform: AffineTransform_float_3_3
Parameters: 0.999961 0.00091111 0.00871966 -0.000905282 0.999999 -0.000668051 -0.00872027 0.000660637 0.999962 0.359094 0.0356595 -2.02386
FixedParameters: 0 0 0

#Transform 9
Transform: AffineTransform_float_3_3
Parameters: 0.999967 0.000169193 0.00812112 -0.000205474 0.99999 0.00451041 -0.00812123 -0.0045122 0.999957 0.266589 -0.220963 -1.91803
FixedParameters: 0 0 0

#Transform 10
Transform: AffineTransform_float_3_3
Parameters: 0.999921 5.87542e-05 0.0125205 -9.84271e-05 0.999995 0.00312713 -0.0125205 -0.00312746 0.999917 0.169106 -0.108018 -1.926
FixedParameters: 0 0 0

#Transform 11
Transform: AffineTransform_float_3_3
Parameters: 0.999881 0.000329397 0.0154539 -0.000733035 0.999658 0.0261083 -0.0154395 -0.0261159 0.99954 0.177039 -0.380781 -1.58868
FixedParameters: 0 0 0

#Transform 12
Transform: AffineTransform_float_3_3
Parameters: 0.999914 -0.00141835 0.0130895 0.000730605 0.998625 0.0524102 -0.0131465 -0.0523961 0.99854 0.158384 -0.863894 -1.04645
FixedParameters: 0 0 0

#Transform 13
Transform: AffineTransform_float_3_3
Parameters: 0.999964 -0.00426888 0.00726885 0.00411296 0.999762 0.0214107 -0.00735815 -0.0213796 0.999744 0.178744 -0.514009 -0.497048
FixedParameters: 0 0 0

#Transform 14
Transform: AffineTransform_float_3_3
Parameters: 0.999996 -0.00281433 0.000928299 0.00280291 0.999917 0.0126007 -0.00096309 -0.0125976 0.99992 0.277237 -0.43635 0.0337041
FixedParameters: 0 0 0

#Transform 15
Transform: AffineTransform_float_3_3
Parameters: 1 0.00034854 0.000517928 -0.000352854 0.999963 0.00857438 -0.000514463 -0.0085745 0.999963 0.103985 -0.107269 0.0184608
FixedParameters: 0 0 0

#Transform 16
Transform: AffineTransform_float_3_3
Parameters: 0.999999 0.0015536 0.000411409 -0.00155693 0.999956 0.00926383 -0.000396751 -0.00926385 0.999957 0.0826024 -0.15203 -0.0280024
FixedParameters: 0 0 0

#Transform 17
Transform: AffineTransform_float_3_3
Parameters: 0.999997 0.00206618 0.00124404 -0.00207247 0.999986 0.0048807 -0.00123485 -0.00488353 0.999988 0.0567161 0.0151273 -0.0583903
FixedParameters: 0 0 0

#Transform 18
Transform: AffineTransform_float_3_3
Parameters: 0.999998 0.000998747 0.00178235 -0.0010055 0.999992 0.00404917 -0.00177805 -0.00405108 0.99999 0.0259764 0.0241026 -0.299263
FixedParameters: 0 0 0

#Transform 19
Transform: AffineTransform_float_3_3
Parameters: 0.999999 -0.00103768 0.000778716 0.00103158 0.999977 0.00677586 -0.000785661 -0.00677526 0.999977 0.119445 -0.189219 -0.436637
FixedParameters: 0 0 0

#Transform 20
Transform: AffineTransform_float_3_3
Parameters: 1 -4.36279e-05 7.37677e-05 4.36181e-05 1 6.61541e-05 -7.37735e-05 -6.61476e-05 1 0.00954399 0.0412021 0.0177685
FixedParameters: 0 0 0

#Transform 21
Transform: AffineTransform_float_3_3
Parameters: 0.999994 -0.00219231 -0.00271511 0.0021851 0.999994 -0.00261415 0.0027205 0.00260826 0.999993 0.0689184 0.0820546 0.174027
FixedParameters: 0 0 0

#Transform 22
Transform: AffineTransform_float_3_3
Parameters: 0.999996 -0.00286988 -0.000182327 0.00286901 0.999987 -0.00407682 0.00019409 0.00407605 0.999992 0.0318142 0.180425 -0.0208116
FixedParameters: 0 0 0

#Transform 23
Transform: AffineTransform_float_3_3
Parameters: 1 0.000771359 0.000653588 -0.00076876 0.999993 -0.00386321 -0.000655964 0.00386302 0.999993 -0.1609 0.157251 -0.10321
FixedParameters: 0 0 0

#Transform 24
Transform: AffineTransform_float_3_3
Parameters: 0.999999 0.0010222 0.000803288 -0.00102286 1 0.000380491 -0.000802491 -0.000381166 1 -0.12071 0.0820298 -0.0465915
FixedParameters: 0 0 0

#Transform 25
Transform: AffineTransform_float_3_3
Parameters: 0.999986 0.00355108 0.00399101 -0.00357138 0.999981 0.00508592 -0.00397324 -0.00510022 0.999979 -0.189814 -0.114539 -0.18189
FixedParameters: 0 0 0

#Transform 26
Transform: AffineTransform_float_3_3
Parameters: 0.999985 0.0042347 0.00346701 -0.00425871 0.999967 0.006974 -0.0034369 -0.00698877 0.99997 -0.255713 -0.133371 -0.136328
FixedParameters: 0 0 0

#Transform 27
Transform: AffineTransform_float_3_3
Parameters: 0.999982 0.0045623 0.00375139 -0.00459209 0.999958 0.00790985 -0.00371537 -0.00792723 0.999962 -0.269805 -0.192757 -0.128906
FixedParameters: 0 0 0

#Transform 28
Transform: AffineTransform_float_3_3
Parameters: 0.999986 0.00411087 0.00330934 -0.00413397 0.999967 0.00703149 -0.0032804 -0.00704537 0.99997 -0.236117 -0.102971 -0.0911276
FixedParameters: 0 0 0

#Transform 29
Transform: AffineTransform_float_3_3
Parameters: 0.999996 0.0027535 0.00136812 -0.00276414 0.999968 0.00752936 -0.00134769 -0.00753261 0.999971 -0.169278 -0.220534 -0.00274924
FixedParameters: 0 0 0

#Transform 30
Transform: AffineTransform_float_3_3
Parameters: 0.999992 0.00347771 0.00199662 -0.00348377 0.99999 0.00285889 -0.00198741 -0.00286588 0.999994 -0.211141 0.00735978 -0.14662
FixedParameters: 0 0 0

#Transform 31
Transform: AffineTransform_float_3_3
Parameters: 0.999988 -0.00131207 0.00486373 0.00131509 0.999999 -0.00060017 -0.00486267 0.000606305 0.999988 -0.100762 0.0595591 -0.510617
FixedParameters: 0 0 0

#Transform 32
Transform: AffineTransform_float_3_3
Parameters: 0.999993 0.00117534 0.00339077 -0.00119148 0.999988 0.00480798 -0.00338472 -0.00481164 0.999983 -0.0165781 -0.199835 -0.431551
FixedParameters: 0 0 0

#Transform 33
Transform: AffineTransform_float_3_3
Parameters: 0.999994 0.00111674 0.00313264 -0.00113002 0.99999 0.00427199 -0.00312778 -0.00427483 0.999986 -0.0921003 -0.105846 -0.349947
FixedParameters: 0 0 0

#Transform 34
Transform: AffineTransform_float_3_3
Parameters: 0.999992 0.00214573 0.00350836 -0.00216181 0.999987 0.00466268 -0.00349836 -0.00466976 0.999983 -0.11927 -0.111904 -0.372462
FixedParameters: 0 0 0

#Transform 35
Transform: AffineTransform_float_3_3
Parameters: 0.999991 0.00198969 0.00364302 -0.00199704 0.999995 0.0021073 -0.00363977 -0.00211477 0.999991 -0.121536 -0.00446773 -0.340963
FixedParameters: 0 0 0

#Transform 36
Transform: AffineTransform_float_3_3
Parameters: 0.99999 0.00209975 0.00394307 -0.00211059 0.999994 0.00275802 -0.00393708 -0.00276618 0.999989 -0.116841 -0.00688838 -0.340773
FixedParameters: 0 0 0

#Transform 37
Transform: AffineTransform_float_3_3
Parameters: 0.99999 0.00199759 0.00387337 -0.00200009 0.999998 0.000882553 -0.0038713 -0.000890225 0.999992 -0.135973 0.0367134 -0.286543
FixedParameters: 0 0 0

#Transform 38
Transform: AffineTransform_float_3_3
Parameters: 0.999989 0.00219848 0.00428523 -0.00220108 0.999998 0.000449482 -0.0042841 -0.000459474 0.99999 -0.167244 0.0851598 -0.298952
FixedParameters: 0 0 0

#Transform 39
Transform: AffineTransform_float_3_3
Parameters: 0.999986 0.00244956 0.00471429 -0.00244898 0.999997 -0.000247029 -0.00471494 0.000235062 0.999988 -0.146403 0.0564182 -0.249704
FixedParameters: 0 0 0

#Transform 40
Transform: AffineTransform_float_3_3
Parameters: 0.999986 0.0021325 0.00498711 -0.00213621 0.999998 0.000781804 -0.00498507 -0.000792106 0.999987 -0.147086 0.00176544 -0.171376
FixedParameters: 0 0 0

#Transform 41
Transform: AffineTransform_float_3_3
Parameters: 0.999987 0.00202579 0.0047009 -0.00202208 0.999998 -0.000661255 -0.00470206 0.000651613 0.999988 -0.157163 0.0539006 -0.149749
FixedParameters: 0 0 0

#Transform 42
Transform: AffineTransform_float_3_3
Parameters: 0.999985 0.00264658 0.00491346 -0.00264411 0.999996 -0.000532277 -0.00491457 0.000519784 0.999988 -0.16525 0.0409221 -0.193827
FixedParameters: 0 0 0

#Transform 43
Transform: AffineTransform_float_3_3
Parameters: 0.999985 0.00240714 0.00475908 -0.00240221 0.999997 -0.00100279 -0.0047621 0.000991105 0.999988 -0.154558 0.046015 -0.287839
FixedParameters: 0 0 0

#Transform 44
Transform: AffineTransform_float_3_3
Parameters: 0.999985 0.00177988 0.00527154 -0.00177832 0.999999 -0.000400516 -0.00527244 0.00039092 0.999986 -0.169552 0.0339021 -0.252348
FixedParameters: 0 0 0

#Transform 45
Transform: AffineTransform_float_3_3
Parameters: 0.999979 0.00172603 0.00612416 -0.00171982 0.999998 -0.00104684 -0.00612586 0.00103592 0.99998 -0.203419 0.0846597 -0.283545
FixedParameters: 0 0 0

#Transform 46
Transform: AffineTransform_float_3_3
Parameters: 0.999979 0.00185216 0.00622679 -0.00185396 0.999998 0.000396201 -0.00622563 -0.000408298 0.999981 -0.212117 0.0758486 -0.293749
FixedParameters: 0 0 0

#Transform 47
Transform: AffineTransform_float_3_3
Parameters: 0.999979 0.00184503 0.00631278 -0.00184516 0.999999 1.84786e-05 -0.00631253 -2.99928e-05 0.99998 -0.226488 0.0659846 -0.324248
FixedParameters: 0 0 0

#Transform 48
Transform: AffineTransform_float_3_3
Parameters: 0.999978 0.0018471 0.00634916 -0.00184656 0.999999 -3.49333e-05 -0.0063491 2.32624e-05 0.99998 -0.231225 0.139289 -0.344828
FixedParameters: 0 0 0

#Transform 49
Transform: AffineTransform_float_3_3
Parameters: 0.999979 0.00196668 0.00628687 -0.00196746 0.999998 5.62645e-05 -0.00628743 -6.82537e-05 0.99998 -0.253112 0.127739 -0.322191
FixedParameters: 0 0 0

#Transform 50
Transform: AffineTransform_float_3_3
Parameters: 0.999982 0.00166969 0.00575081 -0.00166743 0.999999 -0.00034546 -0.00575156 0.000335981 0.999983 -0.235896 0.0879546 -0.342634
FixedParameters: 0 0 0

#Transform 51
Transform: AffineTransform_float_3_3
Parameters: 0.999982 0.00136081 0.00580756 -0.00136102 0.999999 -3.34669e-05 -0.00580753 2.50219e-05 0.999984 -0.232413 0.0619839 -0.324411
FixedParameters: 0 0 0

#Transform 52
Transform: AffineTransform_float_3_3
Parameters: 0.99998 0.00140939 0.00608502 -0.00141112 0.999999 0.000249533 -0.00608443 -0.000258009 0.999981 -0.24718 0.0767406 -0.355213
FixedParameters: 0 0 0

#Transform 53
Transform: AffineTransform_float_3_3
Parameters: 0.999978 0.00137836 0.00645431 -0.00137246 0.999998 -0.00089903 -0.00645602 0.00089032 0.999979 -0.234969 0.104949 -0.438715
FixedParameters: 0 0 0

#Transform 54
Transform: AffineTransform_float_3_3
Parameters: 0.999965 -0.0010576 0.00827932 0.0011247 0.999966 -0.00808865 -0.0082708 0.00809747 0.999933 -0.16699 0.0703341 -0.848845
FixedParameters: 0 0 0

#Transform 55
Transform: AffineTransform_float_3_3
Parameters: 0.999958 -0.00149817 0.00905403 0.00155074 0.999982 -0.0058113 -0.00904445 0.00582463 0.999942 -0.240888 0.0594716 -0.476153
FixedParameters: 0 0 0

#Transform 56
Transform: AffineTransform_float_3_3
Parameters: 0.999971 -0.00042598 0.00767846 0.000434609 0.999999 -0.00115638 -0.00767732 0.00115977 0.99997 -0.159154 -0.0338381 -0.237462
FixedParameters: 0 0 0

#Transform 57
Transform: AffineTransform_float_3_3
Parameters: 0.999987 -0.00117426 0.00491727 0.00117796 0.999999 -0.000870853 -0.00491558 0.000876882 0.999988 -0.104771 0.0714626 -0.396699
FixedParameters: 0 0 0

#Transform 58
Transform: AffineTransform_float_3_3
Parameters: 0.999987 0.000543253 0.00494063 -0.000543904 1 4.2527e-05 -0.00494057 -4.58916e-05 0.999988 0.155108 0.272347 -1.05386
FixedParameters: 0 0 0

#Transform 59
Transform: AffineTransform_float_3_3
Parameters: 0.999997 0.00226552 0.00136657 -0.00227685 0.999962 0.00839996 -0.00134651 -0.00840374 0.999963 0.285504 0.0927682 -1.48752
FixedParameters: 0 0 0

#Transform 60
Transform: AffineTransform_float_3_3
Parameters: 0.999987 0.00222486 0.00453523 -0.0022597 0.999967 0.00784869 -0.00451684 -0.00785864 0.999959 0.344161 -0.222369 -1.94962
FixedParameters: 0 0 0

#Transform 61
Transform: AffineTransform_float_3_3
Parameters: 0.999963 -0.000648882 0.00858288 0.00061069 0.99999 0.00449506 -0.00858544 -0.00448944 0.999953 0.253261 -0.076946 -1.58626
FixedParameters: 0 0 0

#Transform 62
Transform: AffineTransform_float_3_3
Parameters: 0.999942 0.00488191 0.00966227 -0.00544909 0.998211 0.0595296 -0.00935498 -0.0595788 0.998179 0.068334 -0.949752 -0.555691
FixedParameters: 0 0 0

#Transform 63
Transform: AffineTransform_float_3_3
Parameters: 0.99996 0.00889541 -0.000229475 -0.00882213 0.994381 0.105491 0.00116729 -0.105485 0.99442 0.463058 -2.5448 0.146152
FixedParameters: 0 0 0

#Transform 64
Transform: AffineTransform_float_3_3
Parameters: 0.999941 0.0103746 0.00315207 -0.0105646 0.997643 0.0677973 -0.00244106 -0.0678269 0.997694 -0.104863 -1.86157 -0.0401388
FixedParameters: 0 0 0

#Transform 65
Transform: AffineTransform_float_3_3
Parameters: 0.999955 0.00943269 0.000165556 -0.00942532 0.998165 0.0598256 0.000399142 -0.0598249 0.998209 -0.0589753 -1.45688 -0.0848697
FixedParameters: 0 0 0

#Transform 66
Transform: AffineTransform_float_3_3
Parameters: 0.999944 0.0106028 0.000275781 -0.0106015 0.998245 0.0582593 0.000342183 -0.0582599 0.998301 -0.10864 -1.30426 -0.0443388
FixedParameters: 0 0 0

#Transform 67
Transform: AffineTransform_float_3_3
Parameters: 0.999962 0.00859248 -0.00131557 -0.00851001 0.998522 0.0536708 0.00177419 -0.0536574 0.998558 -0.0467316 -1.22748 -0.050912
FixedParameters: 0 0 0

#Transform 68
Transform: AffineTransform_float_3_3
Parameters: 0.999981 0.00586578 -0.00166569 -0.00581853 0.999614 0.02717 0.00182439 -0.02716 0.999629 -0.136736 -0.486048 -0.264342
FixedParameters: 0 0 0

#Transform 69
Transform: AffineTransform_float_3_3
Parameters: 0.999982 0.00582307 -0.00188226 -0.00576166 0.999496 0.0312309 0.00206315 -0.0312187 0.99951 -0.0857561 -0.638011 -0.208045
FixedParameters: 0 0 0

#Transform 70
Transform: AffineTransform_float_3_3
Parameters: 0.999982 0.00543113 0.00261917 -0.00547127 0.999865 0.0154583 -0.00253488 -0.0154723 0.999877 0.0828242 -0.360394 -1.24297
FixedParameters: 0 0 0

#Transform 71
Transform: AffineTransform_float_3_3
Parameters: 0.999981 -0.00389367 0.00471184 0.00388565 0.999991 0.00178842 -0.00471901 -0.00177022 0.999987 0.524679 -0.229636 -2.651
FixedParameters: 0 0 0

#Transform 72
Transform: AffineTransform_float_3_3
Parameters: 0.999957 -0.00382347 0.00845521 0.00389223 0.999959 -0.0081702 -0.00842352 0.00820221 0.999931 0.476681 -0.0370151 -2.73709
FixedParameters: 0 0 0

#Transform 73
Transform: AffineTransform_float_3_3
Parameters: 0.999892 -0.0050905 0.0137736 0.0054615 0.99962 -0.0270369 -0.0136309 0.0271088 0.999539 0.315627 0.610278 -2.15424
FixedParameters: 0 0 0

#Transform 74
Transform: AffineTransform_float_3_3
Parameters: 0.999869 -0.00526499 0.0153197 0.00592726 0.999036 -0.0434985 -0.0150759 0.0435836 0.998935 0.1995 1.59153 -2.06205
FixedParameters: 0 0 0

#Transform 75
Transform: AffineTransform_float_3_3
Parameters: 0.999971 -0.000790119 0.00749541 0.000834505 0.999982 -0.00587108 -0.00749135 0.00587792 0.999955 -0.349765 0.415476 0.374879
FixedParameters: 0 0 0

#Transform 76
Transform: AffineTransform_float_3_3
Parameters: 0.999987 0.00330572 0.00400638 -0.0033174 0.999991 0.00296997 -0.00399618 -0.00298288 0.999987 -0.302639 0.0490654 0.612877
FixedParameters: 0 0 0

#Transform 77
Transform: AffineTransform_float_3_3
Parameters: 0.999986 0.00319862 0.00408014 -0.00320264 0.999994 0.000949858 -0.00407715 -0.000962361 0.999992 -0.302699 0.145853 0.569669
FixedParameters: 0 0 0

#Transform 78
Transform: AffineTransform_float_3_3
Parameters: 0.999983 0.00323303 0.00485269 -0.00323133 0.999994 -0.000374575 -0.00485335 0.000359417 0.999988 -0.332055 0.208249 0.581039
FixedParameters: 0 0 0

#Transform 79
Transform: AffineTransform_float_3_3
Parameters: 0.999984 0.00310211 0.00486404 -0.00309854 0.999995 -0.00075044 -0.00486571 0.000735413 0.999988 -0.329416 0.245545 0.593215
FixedParameters: 0 0 0

#Transform 80
Transform: AffineTransform_float_3_3
Parameters: 0.999985 0.00330782 0.00425349 -0.00330765 0.999995 -2.03187e-05 -0.00425413 5.56936e-06 0.999991 -0.321295 0.206054 0.66483
FixedParameters: 0 0 0

#Transform 81
Transform: AffineTransform_float_3_3
Parameters: 0.999987 0.00328923 0.00394941 -0.00329128 0.999994 0.000624977 -0.00394717 -0.000637654 0.999992 -0.31951 0.173594 0.577584
FixedParameters: 0 0 0

#Transform 82
Transform: AffineTransform_float_3_3
Parameters: 0.999993 0.00279858 0.00277991 -0.0028012 0.999996 0.00067765 -0.00277884 -0.000685848 0.999996 -0.182212 0.21032 -0.189386
FixedParameters: 0 0 0

#Transform 83
Transform: AffineTransform_float_3_3
Parameters: 0.999985 0.00230829 0.00489568 -0.00233378 0.999984 0.00519356 -0.00488306 -0.00520505 0.999974 -0.162588 0.156694 -0.66258
FixedParameters: 0 0 0

#Transform 84
Transform: AffineTransform_float_3_3
Parameters: 0.999982 0.00526906 -0.00290653 -0.00511721 0.998735 0.0500212 0.00316662 -0.0500051 0.998743 0.0281537 -0.867897 -0.634618
FixedParameters: 0 0 0

#Transform 85
Transform: AffineTransform_float_3_3
Parameters: 0.999974 0.0053953 -0.00470203 -0.00513138 0.998504 0.0544316 0.00498863 -0.0544062 0.998506 0.0625418 -0.857588 -0.407514
FixedParameters: 0 0 0

#Transform 86
Transform: AffineTransform_float_3_3
Parameters: 0.999946 0.00741713 -0.00734361 -0.00693184 0.99793 0.0639252 0.00780237 -0.0638707 0.997927 0.116974 -1.18688 -0.472927
FixedParameters: 0 0 0

#Transform 87
Transform: AffineTransform_float_3_3
Parameters: 0.999937 0.00705786 -0.00873107 -0.00656498 0.998455 0.0551721 0.00910739 -0.0551119 0.998438 0.171478 -1.18187 -0.677495
FixedParameters: 0 0 0

#Transform 88
Transform: AffineTransform_float_3_3
Parameters: 0.999963 0.00389534 -0.00770622 -0.00355239 0.999027 0.0439505 0.00786987 -0.0439216 0.999004 0.388858 -0.877483 -1.2538
FixedParameters: 0 0 0

#Transform 89
Transform: AffineTransform_float_3_3
Parameters: 0.999983 0.00194262 -0.00555552 -0.00173931 0.999337 0.0363445 0.00562252 -0.0363347 0.999324 0.409577 -0.681967 -1.59317
FixedParameters: 0 0 0

#Transform 90
Transform: AffineTransform_float_3_3
Parameters: 0.999997 0.00178534 -0.00180571 -0.00171625 0.999286 0.0377657 0.00187175 -0.0377617 0.999285 0.486857 -0.593396 -1.81646
FixedParameters: 0 0 0

#Transform 91
Transform: AffineTransform_float_3_3
Parameters: 0.999994 -0.00217073 0.00283993 0.00206826 0.999362 0.035659 -0.00291569 -0.0356533 0.99936 0.646627 -0.962002 -1.5819
FixedParameters: 0 0 0

#Transform 92
Transform: AffineTransform_float_3_3
Parameters: 0.999973 -0.00270213 -0.00685378 0.00273311 0.999987 0.0045021 0.00684155 -0.00452077 0.999966 0.227363 -0.543399 1.38029
FixedParameters: 0 0 0

#Transform 93
Transform: AffineTransform_float_3_3
Parameters: 0.999964 0.00203216 -0.00818752 -0.00194417 0.999941 0.0107186 0.0082089 -0.0107019 0.999909 -0.0036917 -0.157012 2.22979
FixedParameters: 0 0 0

#Transform 94
Transform: AffineTransform_float_3_3
Parameters: 0.999967 0.00285955 -0.007585 -0.00272343 0.999835 0.017956 0.00763491 -0.0179355 0.99981 -0.0263004 -0.138942 1.21639
FixedParameters: 0 0 0

#Transform 95
Transform: AffineTransform_float_3_3
Parameters: 0.999963 0.00456174 -0.00736634 -0.00441612 0.999795 0.0197314 0.00745486 -0.0196977 0.999779 -0.0723944 -0.151698 1.12238
FixedParameters: 0 0 0

#Transform 96
Transform: AffineTransform_float_3_3
Parameters: 0.999959 0.00484485 -0.00774042 -0.00468623 0.999781 0.0204156 0.00783858 -0.0203787 0.999762 -0.0688671 -0.223459 1.12717
FixedParameters: 0 0 0

#Transform 97
Transform: AffineTransform_float_3_3
Parameters: 0.999952 0.00539397 -0.00818851 -0.00522644 0.99978 0.0203413 0.00829643 -0.0202974 0.99976 -0.0546293 -0.255981 1.13214
FixedParameters: 0 0 0

#Transform 98
Transform: AffineTransform_float_3_3
Parameters: 0.999933 0.00698817 -0.00923651 -0.0067763 0.999719 0.0227112 0.00939321 -0.0226477 0.999699 -0.0803262 -0.358417 1.21963
FixedParameters: 0 0 0

#Transform 99
Transform: AffineTransform_float_3_3
Parameters: 0.999931 0.00740196 -0.0091129 -0.00720891 0.999754 0.020976 0.00926643 -0.0209085 0.999739 -0.125304 -0.250412 1.20474
FixedParameters: 0 0 0

#Transform 100
Transform: AffineTransform_float_3_3
Parameters: 0.999936 0.00654098 -0.00916607 -0.00634321 0.99975 0.021418 0.00930335 -0.0213583 0.999729 -0.113266 -0.282766 1.18224
FixedParameters: 0 0 0

#Transform 101
Transform: AffineTransform_float_3_3
Parameters: 0.999927 0.00743412 -0.00950947 -0.007222 0.999728 0.0221673 0.00967223 -0.0220978 0.999709 -0.117022 -0.218936 1.17585
FixedParameters: 0 0 0

#Transform 102
Transform: AffineTransform_float_3_3
Parameters: 0.999926 0.00732848 -0.0096455 -0.00711652 0.999737 0.0218344 0.00980338 -0.0217644 0.999715 -0.091014 -0.299548 1.15373
FixedParameters: 0 0 0

#Transform 103
Transform: AffineTransform_float_3_3
Parameters: 0.999926 0.00672649 -0.0101421 -0.00651291 0.999759 0.0209414 0.0102799 -0.0208737 0.999729 -0.0769884 -0.254412 1.15686
FixedParameters: 0 0 0

#Transform 104
Transform: AffineTransform_float_3_3
Parameters: 0.999927 0.00697544 -0.00981978 -0.00677172 0.999764 0.0206309 0.00996148 -0.0205628 0.999739 -0.105182 -0.274102 1.12142
FixedParameters: 0 0 0

#Transform 105
Transform: AffineTransform_float_3_3
Parameters: 0.999923 0.00695049 -0.0102322 -0.00673573 0.999759 0.0209234 0.0103755 -0.0208531 0.999729 -0.0951318 -0.276241 1.13319
FixedParameters: 0 0 0

#Transform 106
Transform: AffineTransform_float_3_3
Parameters: 0.999931 0.00683249 -0.00947572 -0.00664318 0.999781 0.0198609 0.00960932 -0.0197963 0.999758 -0.104529 -0.202473 1.10904
FixedParameters: 0 0 0

#Transform 107
Transform: AffineTransform_float_3_3
Parameters: 0.999936 0.00683195 -0.00904723 -0.00666158 0.999803 0.0186849 0.0091735 -0.018624 0.999785 -0.137853 -0.207125 1.11842
FixedParameters: 0 0 0

#Transform 108
Transform: AffineTransform_float_3_3
Parameters: 0.999941 0.00630949 -0.0088661 -0.00613026 0.999779 0.0201061 0.00899029 -0.0200508 0.999759 -0.129301 -0.287445 1.10959
FixedParameters: 0 0 0

#Transform 109
Transform: AffineTransform_float_3_3
Parameters: 0.999941 0.00639999 -0.0087921 -0.00623477 0.999805 0.0187319 0.00891018 -0.0186756 0.999786 -0.142373 -0.182324 1.10846
FixedParameters: 0 0 0

#Transform 110
Transform: AffineTransform_float_3_3
Parameters: 0.99994 0.00658979 -0.00877565 -0.00642104 0.999797 0.0190994 0.00890018 -0.0190416 0.999779 -0.139005 -0.277042 1.12014
FixedParameters: 0 0 0

#Transform 111
Transform: AffineTransform_float_3_3
Parameters: 0.999934 0.00688378 -0.00923942 -0.006711 0.999804 0.0186527 0.00936574 -0.0185902 0.999783 -0.108101 -0.19594 1.05766
FixedParameters: 0 0 0

#Transform 112
Transform: AffineTransform_float_3_3
Parameters: 0.999935 0.00692144 -0.0090495 -0.00674507 0.999789 0.0193648 0.00918171 -0.0193026 0.999771 -0.107507 -0.18392 1.04561
FixedParameters: 0 0 0

#Transform 113
Transform: AffineTransform_float_3_3
Parameters: 0.999932 0.00709388 -0.0092877 -0.0068905 0.999738 0.0218167 0.00944035 -0.021751 0.999719 -0.104299 -0.292456 1.11593
FixedParameters: 0 0 0

#Transform 114
Transform: AffineTransform_float_3_3
Parameters: 0.999929 0.0064483 -0.0100155 -0.00625027 0.999786 0.0197425 0.0101406 -0.0196783 0.999755 -0.092959 -0.268987 1.06912
FixedParameters: 0 0 0

#Transform 115
Transform: AffineTransform_float_3_3
Parameters: 0.999933 0.0068098 -0.00934578 -0.0066355 0.999805 0.0186203 0.00947111 -0.0185566 0.999783 -0.115685 -0.226777 1.0929
FixedParameters: 0 0 0

#Transform 116
Transform: AffineTransform_float_3_3
Parameters: 0.99993 0.00690047 -0.00960914 -0.00671735 0.999798 0.0189429 0.00973828 -0.0188768 0.999775 -0.115082 -0.239168 1.0745
FixedParameters: 0 0 0

#Transform 117
Transform: AffineTransform_float_3_3
Parameters: 0.999928 0.00728607 -0.00948046 -0.00709431 0.999771 0.0201796 0.00962567 -0.0201113 0.999751 -0.0986049 -0.263934 1.09716
FixedParameters: 0 0 0

#Transform 118
Transform: AffineTransform_float_3_3
Parameters: 0.999925 0.00729037 -0.00974976 -0.00708432 0.999753 0.0210373 0.00990079 -0.0209658 0.999732 -0.106994 -0.228971 1.12753
FixedParameters: 0 0 0

#Transform 119
Transform: AffineTransform_float_3_3
Parameters: 0.999931 0.00701661 -0.00944895 -0.0068255 0.999774 0.0201325 0.00958842 -0.0200673 0.999753 -0.133646 -0.20641 1.13185
FixedParameters: 0 0 0

#Transform 120
Transform: AffineTransform_float_3_3
Parameters: 0.999921 0.00732684 -0.0102175 -0.00710928 0.99975 0.0211817 0.01037 -0.0211066 0.999723 -0.108541 -0.35345 1.13984
FixedParameters: 0 0 0

#Transform 121
Transform: AffineTransform_float_3_3
Parameters: 0.999925 0.00765757 -0.00949714 -0.00745858 0.999756 0.0207849 0.00965372 -0.0207119 0.999739 -0.116181 -0.233553 1.07004
FixedParameters: 0 0 0

#Transform 122
Transform: AffineTransform_float_3_3
Parameters: 0.999941 0.00696161 -0.00834851 -0.00678816 0.999763 0.0206614 0.00849006 -0.0206033 0.999752 -0.110501 -0.224901 1.01857
FixedParameters: 0 0 0

#Transform 123
Transform: AffineTransform_float_3_3
Parameters: 0.999928 0.00835688 -0.00865668 -0.00810261 0.999546 0.0290126 0.00889528 -0.0289405 0.999542 -0.0722864 -0.481921 0.707998
FixedParameters: 0 0 0

#Transform 124
Transform: AffineTransform_float_3_3
Parameters: 0.99994 0.00714657 -0.00829648 -0.00692265 0.999617 0.0267678 0.00848494 -0.0267085 0.999607 -0.0869388 -0.421675 0.729089
FixedParameters: 0 0 0

#Transform 125
Transform: AffineTransform_float_3_3
Parameters: 0.999966 0.00775753 -0.00282619 -0.00766645 0.999493 0.0309106 0.00306434 -0.0308884 0.999518 -0.0779287 -0.312995 -0.0253618
FixedParameters: 0 0 0

#Transform 126
Transform: AffineTransform_float_3_3
Parameters: 0.99998 0.00619431 -0.00171246 -0.0061524 0.999706 0.0234904 0.00185732 -0.0234789 0.999723 -0.0836851 -0.270953 -0.626674
FixedParameters: 0 0 0

#Transform 127
Transform: AffineTransform_float_3_3
Parameters: 0.999999 0.00103322 -0.000224338 -0.00102837 0.999733 0.0231075 0.000247887 -0.0231074 0.999733 0.0405779 -0.607667 -2.30565
FixedParameters: 0 0 0

#Transform 128
Transform: AffineTransform_float_3_3
Parameters: 0.999989 -0.00167806 0.00448515 0.00165217 0.999982 0.00579257 -0.00449519 -0.00578566 0.999973 0.0289111 -0.0325652 -2.58005
FixedParameters: 0 0 0

#Transform 129
Transform: AffineTransform_float_3_3
Parameters: 0.999995 0.00236362 0.00220607 -0.00238747 0.999937 0.010924 -0.00217963 -0.0109296 0.999938 -0.163981 -0.32127 -1.57189
FixedParameters: 0 0 0

#Transform 130
Transform: AffineTransform_float_3_3
Parameters: 1 -0.000121746 0.000695451 0.000110402 0.999869 0.0161818 -0.000697577 -0.0161811 0.999869 -0.024125 -0.429742 -1.83762
FixedParameters: 0 0 0

#Transform 131
Transform: AffineTransform_float_3_3
Parameters: 1 -0.000189288 0.000718119 0.00017737 0.999854 0.0170968 -0.000721555 -0.0170959 0.999854 -0.0223158 -0.367524 -1.49738
FixedParameters: 0 0 0

#Transform 132
Transform: AffineTransform_float_3_3
Parameters: 0.999992 0.00403448 0.000967597 -0.00405955 0.999639 0.026545 -0.000859849 -0.0265484 0.999647 -0.150336 -0.205094 -1.42233
FixedParameters: 0 0 0

#Transform 133
Transform: AffineTransform_float_3_3
Parameters: 0.999992 0.0040789 0.0010388 -0.00410742 0.999567 0.0291238 -0.000919879 -0.0291276 0.999575 -0.147696 -0.147067 -1.42652
FixedParameters: 0 0 0

#Transform 134
Transform: AffineTransform_float_3_3
Parameters: 0.999992 0.00409534 4.90636e-05 -0.00409519 0.99956 0.0293817 7.08241e-05 -0.029381 0.999568 -0.145106 -0.260895 -1.32137
FixedParameters: 0 0 0

#Transform 135
Transform: AffineTransform_float_3_3
Parameters: 0.999986 0.00521926 -0.000816048 -0.00519557 0.999646 0.0260595 0.000951648 -0.0260557 0.99966 -0.174378 -0.351197 -0.884102
FixedParameters: 0 0 0

#Transform 136
Transform: AffineTransform_float_3_3
Parameters: 0.999991 0.00318646 -0.00280749 -0.00314719 0.999899 0.0138716 0.00285196 -0.0138627 0.999899 -0.0752844 -0.366479 -0.484251
FixedParameters: 0 0 0

#Transform 137
Transform: AffineTransform_float_3_3
Parameters: 0.999972 -0.00207964 -0.00715924 0.00195539 0.999848 -0.0173123 0.00719426 0.0172974 0.999824 0.172114 -0.240598 0.191814
FixedParameters: 0 0 0

#Transform 138
Transform: AffineTransform_float_3_3
Parameters: 0.999933 -0.00442222 -0.0107547 0.00404273 0.999377 -0.0350684 0.0109031 0.0350219 0.999327 0.33074 0.276018 -0.129324
FixedParameters: 0 0 0

#Transform 139
Transform: AffineTransform_float_3_3
Parameters: 0.999908 -0.0111662 -0.00773148 0.0103933 0.99555 -0.0936586 0.00874239 0.0935702 0.995574 0.468813 1.69059 -0.933561
FixedParameters: 0 0 0

#Transform 140
Transform: AffineTransform_float_3_3
Parameters: 0.999954 -0.00734629 -0.00627482 0.0068022 0.996544 -0.0827823 0.00686146 0.0827355 0.996548 0.118774 1.54351 -1.10036
FixedParameters: 0 0 0

#Transform 141
Transform: AffineTransform_float_3_3
Parameters: 0.999919 -0.0121922 0.00345654 0.0124679 0.995278 -0.0962634 -0.00226642 0.0962993 0.99535 0.120957 1.69794 -1.56709
FixedParameters: 0 0 0

#Transform 142
Transform: AffineTransform_float_3_3
Parameters: 0.999891 -0.0122573 0.00827414 0.0129977 0.995264 -0.0963277 -0.00705479 0.096425 0.995315 -0.0460961 2.25853 -1.33801
FixedParameters: 0 0 0

#Transform 143
Transform: AffineTransform_float_3_3
Parameters: 0.999962 -0.00605725 0.00628121 0.0065464 0.996692 -0.0810102 -0.00576911 0.0810485 0.996694 -0.134145 1.98318 -1.24498
FixedParameters: 0 0 0

#Transform 144
Transform: AffineTransform_float_3_3
Parameters: 0.999954 -0.00284399 0.00923448 0.00344112 0.997859 -0.0653137 -0.00902904 0.0653426 0.997822 -0.158591 1.70633 -1.91711
FixedParameters: 0 0 0

#Transform 145
Transform: AffineTransform_float_3_3
Parameters: 0.999958 -0.0046895 0.00797324 0.00510959 0.998555 -0.0534959 -0.00771108 0.0535343 0.998536 0.0666693 1.22684 -2.01376
FixedParameters: 0 0 0

#Transform 146
Transform: AffineTransform_float_3_3
Parameters: 0.999972 -0.00198335 0.00723378 0.00225934 0.999263 -0.0383283 -0.00715294 0.0383435 0.999239 -0.274843 0.71399 -0.315429
FixedParameters: 0 0 0

#Transform 147
Transform: AffineTransform_float_3_3
Parameters: 0.999984 0.00493189 -0.00275666 -0.004926 0.999986 0.00211105 0.00276705 -0.00209749 0.999994 -0.235865 -0.183086 0.342624
FixedParameters: 0 0 0

#Transform 148
Transform: AffineTransform_float_3_3
Parameters: 0.999985 0.00510034 -0.00239434 -0.00509839 0.999987 0.00108501 0.00240014 -0.00107268 0.999996 -0.285894 0.00805045 0.436142
FixedParameters: 0 0 0

#Transform 149
Transform: AffineTransform_float_3_3
Parameters: 0.999981 0.00549108 -0.00260373 -0.00548912 0.999985 0.000763056 0.00260786 -0.000748932 0.999996 -0.270253 0.0804588 0.436687
FixedParameters: 0 0 0

#Transform 150
Transform: AffineTransform_float_3_3
Parameters: 0.999977 0.00604582 -0.00274907 -0.00604085 0.999981 0.00176799 0.0027596 -0.00175103 0.999994 -0.144131 0.219634 -0.38338
FixedParameters: 0 0 0

#Transform 151
Transform: AffineTransform_float_3_3
Parameters: 0.999978 0.00613658 -0.00250924 -0.00612347 0.999968 0.00522819 0.00254104 -0.00521271 0.999983 -0.110186 -0.0378684 -0.774179
FixedParameters: 0 0 0

#Transform 152
Transform: AffineTransform_float_3_3
Parameters: 0.99998 0.0060871 -0.00144493 -0.00607976 0.999971 0.0046205 0.00147239 -0.00461229 0.999988 -0.145221 0.0106923 -0.59392
FixedParameters: 0 0 0

#Transform 153
Transform: AffineTransform_float_3_3
Parameters: 0.999978 0.0064747 -0.00142179 -0.00646878 0.999968 0.00459233 0.00145183 -0.00458286 0.999988 -0.150757 -0.00265032 -0.545881
FixedParameters: 0 0 0

#Transform 154
Transform: AffineTransform_float_3_3
Parameters: 0.99999 0.00446886 0.000145332 -0.004469 0.999983 0.00372979 -0.000128996 -0.00373022 0.999993 -0.18409 0.0398417 -0.437838
FixedParameters: 0 0 0

#Transform 155
Transform: AffineTransform_float_3_3
Parameters: 0.999979 0.00643693 -0.00122787 -0.00643166 0.999971 0.00413155 0.0012546 -0.00412362 0.999991 -0.181351 0.0328784 -0.37198
FixedParameters: 0 0 0

#Transform 156
Transform: AffineTransform_float_3_3
Parameters: 0.99998 0.0062887 -0.000836404 -0.00628598 0.999972 0.00382597 0.00086097 -0.00382085 0.999993 -0.197894 0.00201236 -0.438387
FixedParameters: 0 0 0

#Transform 157
Transform: AffineTransform_float_3_3
Parameters: 0.999982 0.00590828 0.000181527 -0.00590909 0.999977 0.00343144 -0.00016103 -0.00343249 0.999994 -0.236629 0.0435546 -0.543007
FixedParameters: 0 0 0

#Transform 158
Transform: AffineTransform_float_3_3
Parameters: 0.999983 0.0058556 7.72363e-05 -0.00585637 0.999973 0.0043319 -5.19399e-05 -0.00433241 0.999991 -0.2287 0.0317415 -0.588086
FixedParameters: 0 0 0

#Transform 159
Transform: AffineTransform_float_3_3
Parameters: 0.99998 0.00636931 -0.000444944 -0.00636672 0.99997 0.0042461 0.000471993 -0.00424276 0.999991 -0.215891 -0.00533738 -0.536998
FixedParameters: 0 0 0

#Transform 160
Transform: AffineTransform_float_3_3
Parameters: 0.999981 0.00610537 -0.000213574 -0.00610466 0.999973 0.00406371 0.000238059 -0.00406222 0.999992 -0.242998 0.0123567 -0.421238
FixedParameters: 0 0 0

#Transform 161
Transform: AffineTransform_float_3_3
Parameters: 0.999982 0.00601368 -0.000405759 -0.00601228 0.999974 0.00401574 0.000430006 -0.00401276 0.999992 -0.241318 0.0163765 -0.407301
FixedParameters: 0 0 0

#Transform 162
Transform: AffineTransform_float_3_3
Parameters: 0.999981 0.00614609 -0.000837599 -0.00614383 0.999976 0.00333688 0.000858134 -0.003332 0.999994 -0.252162 0.0741598 -0.422747
FixedParameters: 0 0 0

#Transform 163
Transform: AffineTransform_float_3_3
Parameters: 0.999978 0.00672134 -0.000387498 -0.0067214 0.999978 4.42875e-05 0.000388596 -4.18852e-05 1 -0.269334 0.176252 -0.453459
FixedParameters: 0 0 0

#Transform 164
Transform: AffineTransform_float_3_3
Parameters: 0.99998 0.0062501 -0.00048901 -0.00625008 0.99998 0.000887653 0.000494136 -0.00088431 1 -0.260234 0.155537 -0.465158
FixedParameters: 0 0 0

#Transform 165
Transform: AffineTransform_float_3_3
Parameters: 0.999977 0.00667384 -0.00056016 -0.00667405 0.999977 -0.00013237 0.000558762 0.000136304 1 -0.276682 0.157907 -0.447655
FixedParameters: 0 0 0

#Transform 166
Transform: AffineTransform_float_3_3
Parameters: 0.999978 0.00658897 -0.000836248 -0.00658984 0.999978 -0.00105629 0.000829564 0.00106254 0.999999 -0.242664 0.243857 -0.460468
FixedParameters: 0 0 0

#Transform 167
Transform: AffineTransform_float_3_3
Parameters: 0.999956 0.00934085 0.00147605 -0.00933794 0.999954 -0.00223995 -0.00149657 0.00222645 0.999996 -0.381674 0.258989 -0.498357
FixedParameters: 0 0 0

#Transform 168
Transform: AffineTransform_float_3_3
Parameters: 0.99999 0.00400418 -0.00217502 -0.00400877 0.99999 -0.00207692 0.00216659 0.00208574 0.999995 -0.172542 0.170859 -0.427778
FixedParameters: 0 0 0

#Transform 169
Transform: AffineTransform_float_3_3
Parameters: 0.999989 0.00465618 0.000436365 -0.00465083 0.999929 -0.010932 -0.000487963 0.0109298 0.99994 -0.261939 0.451276 -0.628213
FixedParameters: 0 0 0

#Transform 170
Transform: AffineTransform_float_3_3
Parameters: 0.999992 0.00398591 -0.000698038 -0.00399039 0.999968 -0.00689201 0.000670197 0.00689512 0.999976 -0.240398 0.41486 -0.402482
FixedParameters: 0 0 0

#Transform 171
Transform: AffineTransform_float_3_3
Parameters: 0.999981 0.00618704 -0.000507422 -0.0061875 0.999979 -0.00187809 0.000496071 0.00188129 0.999998 -0.257575 0.196919 -0.397825
FixedParameters: 0 0 0

#Transform 172
Transform: AffineTransform_float_3_3
Parameters: 0.99999 0.00387591 -0.00234684 -0.00388288 0.999987 -0.00321947 0.00233428 0.00322827 0.999992 -0.0917556 0.158172 -0.975922
FixedParameters: 0 0 0

#Transform 173
Transform: AffineTransform_float_3_3
Parameters: 0.999979 0.00618935 0.00154523 -0.00621726 0.99981 0.0184424 -0.00143146 -0.0184517 0.999829 -0.0633986 -0.262462 -1.90624
FixedParameters: 0 0 0

#Transform 174
Transform: AffineTransform_float_3_3
Parameters: 0.999986 0.0043143 0.00291518 -0.0045 0.997744 0.0669791 -0.00261933 -0.0669915 0.99775 0.396347 -2.52872 -1.86038
FixedParameters: 0 0 0

#Transform 175
Transform: AffineTransform_float_3_3
Parameters: 0.99989 0.0146964 -0.00240218 -0.0143641 0.994407 0.104634 0.00392672 -0.104588 0.994508 0.138707 -3.52002 -0.846858
FixedParameters: 0 0 0

#Transform 176
Transform: AffineTransform_float_3_3
Parameters: 0.999868 0.0157396 -0.00398458 -0.0152628 0.994884 0.0998615 0.00553615 -0.0997878 0.994994 0.0523083 -3.09779 -0.872752
FixedParameters: 0 0 0

#Transform 177
Transform: AffineTransform_float_3_3
Parameters: 0.999885 0.0143867 -0.00471154 -0.0138796 0.99547 0.0940587 0.00604305 -0.0939828 0.995556 -0.00931192 -2.84305 -1.21924
FixedParameters: 0 0 0

#Transform 178
Transform: AffineTransform_float_3_3
Parameters: 0.999913 0.0122722 -0.00477083 -0.011818 0.996254 0.0856558 0.00580462 -0.0855922 0.996313 -0.0823346 -2.58986 -1.75443
FixedParameters: 0 0 0

#Transform 179
Transform: AffineTransform_float_3_3
Parameters: 0.999921 0.0122928 -0.00253604 -0.0120569 0.996862 0.07823 0.00348981 -0.0781937 0.996932 0.062532 -2.39449 -2.24887
FixedParameters: 0 0 0

#Transform 180
Transform: AffineTransform_float_3_3
Parameters: 0.999961 0.00848413 0.00252165 -0.00863378 0.997721 0.0669156 -0.00194806 -0.0669353 0.997756 0.0574477 -2.19279 -2.4561
FixedParameters: 0 0 0

#Transform 181
Transform: AffineTransform_float_3_3
Parameters: 0.999986 0.00538666 0.000262104 -0.00539299 0.998831 0.0480259 -3.18986e-06 -0.0480262 0.998846 0.10753 -1.47192 -2.25246
FixedParameters: 0 0 0

#Transform 182
Transform: AffineTransform_float_3_3
Parameters: 0.999989 0.00359988 -0.00292613 -0.00347493 0.999128 0.0415904 0.00307341 -0.0415798 0.99913 -0.00101095 -1.09218 -1.68753
FixedParameters: 0 0 0

#Transform 183
Transform: AffineTransform_float_3_3
Parameters: 0.999994 0.00340097 0.000462908 -0.00341505 0.999407 0.0342617 -0.000345753 -0.0342628 0.999413 -0.119335 -0.909376 -1.53726
FixedParameters: 0 0 0

#Transform 184
Transform: AffineTransform_float_3_3
Parameters: 0.999999 -0.000997833 0.00138437 0.000952461 0.999477 0.0323183 -0.00141538 -0.0323172 0.999477 -0.0146113 -0.842273 -1.58501
FixedParameters: 0 0 0

#Transform 185
Transform: AffineTransform_float_3_3
Parameters: 0.999995 -0.00116968 0.00268914 0.00108707 0.999527 0.0307295 -0.00272396 -0.0307265 0.999524 -0.0502456 -0.801338 -1.54099
FixedParameters: 0 0 0

#Transform 186
Transform: AffineTransform_float_3_3
Parameters: 0.999996 -0.000535246 0.00304743 0.000442289 0.999536 0.0304487 -0.00306211 -0.0304467 0.999531 -0.114959 -0.762372 -1.45934
FixedParameters: 0 0 0

#Transform 187
Transform: AffineTransform_float_3_3
Parameters: 0.999995 0.00288954 0.00102984 -0.00292404 0.999405 0.0343508 -0.000930101 -0.0343535 0.999409 -0.216495 -0.737115 -1.24048
FixedParameters: 0 0 0

#Transform 188
Transform: AffineTransform_float_3_3
Parameters: 0.999983 0.0058647 0.000189149 -0.00586766 0.999357 0.0353688 1.87761e-05 -0.03537 0.999374 -0.147519 -0.522131 -1.00242
FixedParameters: 0 0 0

#Transform 189
Transform: AffineTransform_float_3_3
Parameters: 0.999983 0.00581884 -0.000671728 -0.0057917 0.999356 0.0354071 0.00087747 -0.035403 0.999372 -0.123224 -0.989864 -0.758045
FixedParameters: 0 0 0

