#Insight Transform File V1.0
#Transform 0
Transform: AffineTransform_float_3_3
Parameters: 0.999997 -0.00194329 -0.000958719 0.00194546 0.999996 0.00215243 0.00095495 -0.00215484 0.999997 0.0986759 -0.0580106 0.227791
FixedParameters: 0 0 0

#Transform 1
Transform: AffineTransform_float_3_3
Parameters: 0.999998 -0.00158267 -0.000649009 0.00158359 0.999997 0.00183732 0.000645614 -0.00183895 0.999998 0.0906461 -0.0471221 0.147976
FixedParameters: 0 0 0

#Transform 2
Transform: AffineTransform_float_3_3
Parameters: 0.999999 -0.0012236 -0.00100077 0.00122374 0.999999 0.000919334 0.000999971 -0.00092001 0.999999 0.0678978 -0.0279839 0.154212
FixedParameters: 0 0 0

#Transform 3
Transform: AffineTransform_float_3_3
Parameters: 0.999998 -0.00109114 -0.00119848 0.00109263 0.999998 0.00133146 0.00119702 -0.00133272 0.999998 0.0700645 -0.0211655 0.169091
FixedParameters: 0 0 0

#Transform 4
Transform: AffineTransform_float_3_3
Parameters: 0.999999 -0.000945337 -0.00123298 0.000946109 0.999999 0.00070477 0.00123189 -0.000705747 0.999999 0.0488061 -0.0084837 0.14487
FixedParameters: 0 0 0

#Transform 5
Transform: AffineTransform_float_3_3
Parameters: 0.999999 -0.000837873 -0.001262 0.000840479 0.999999 0.001707 0.00126059 -0.00170776 0.999998 0.0672797 0.00212037 0.135706
FixedParameters: 0 0 0

#Transform 6
Transform: AffineTransform_float_3_3
Parameters: 0.999999 -0.000930504 -0.00105692 0.000931498 1 0.000928998 0.00105543 -0.000930079 0.999999 0.0665651 0.0279339 0.141589
FixedParameters: 0 0 0

#Transform 7
Transform: AffineTransform_float_3_3
Parameters: 0.999998 -0.00101462 -0.00121881 0.00101654 0.999998 0.00188362 0.00121668 -0.00188473 0.999998 0.0640954 -0.0111448 0.15932
FixedParameters: 0 0 0

#Transform 8
Transform: AffineTransform_float_3_3
Parameters: 0.999999 -0.00083791 -0.00126232 0.000839903 0.999998 0.00184806 0.00126092 -0.0018497 0.999998 0.0673056 -0.0102542 0.163092
FixedParameters: 0 0 0

#Transform 9
Transform: AffineTransform_float_3_3
Parameters: 0.999999 -0.000837722 -0.00126072 0.000838684 0.999999 0.00115101 0.00125927 -0.00115176 0.999999 0.0458923 -0.00319008 0.15556
FixedParameters: 0 0 0

#Transform 10
Transform: AffineTransform_float_3_3
Parameters: 0.999999 -0.000765466 -0.000968733 0.000766768 0.999999 0.00167668 0.000966649 -0.00167816 0.999998 0.0635744 -0.0107147 0.152455
FixedParameters: 0 0 0

#Transform 11
Transform: AffineTransform_float_3_3
Parameters: 1 -0.000741575 -0.000872269 0.000742479 0.999999 0.00107495 0.000870914 -0.00107624 0.999999 0.0428465 0.0454436 0.135107
FixedParameters: 0 0 0

#Transform 12
Transform: AffineTransform_float_3_3
Parameters: 0.999999 -0.000714808 -0.000763381 0.00071599 0.999998 0.00189225 0.000762132 -0.00189334 0.999998 0.0414399 0.00559672 0.131184
FixedParameters: 0 0 0

#Transform 13
Transform: AffineTransform_float_3_3
Parameters: 0.999999 -0.000694123 -0.000680399 0.000695063 0.999999 0.00122842 0.000679905 -0.00122848 0.999999 0.0403379 0.0248914 0.108368
FixedParameters: 0 0 0

#Transform 14
Transform: AffineTransform_float_3_3
Parameters: 0.999999 -0.000345115 -0.000773292 0.000345528 0.999999 0.000894258 0.000772916 -0.000893438 0.999999 0.015859 0.0261187 0.0883594
FixedParameters: 0 0 0

#Transform 15
Transform: AffineTransform_float_3_3
Parameters: 1 -0.000255221 -0.000476541 0.000255269 1 0.0010718 0.000476238 -0.00107204 1 0.0133583 -0.0360133 0.0900779
FixedParameters: 0 0 0

#Transform 16
Transform: AffineTransform_float_3_3
Parameters: 1 0.000223657 -0.000356403 -0.000223712 1 -7.80965e-05 0.000356368 7.82559e-05 1 0.00554007 -0.0201408 0.0324179
FixedParameters: 0 0 0

#Transform 17
Transform: AffineTransform_float_3_3
Parameters: 1 0.000223209 -0.000356873 -0.000223234 1 0.000302903 0.000356037 -0.000302745 1 0.00539409 0.0506054 -0.0176305
FixedParameters: 0 0 0

#Transform 18
Transform: AffineTransform_float_3_3
Parameters: 1 8.27187e-05 -0.000321653 -8.26481e-05 1 0.000109685 0.000321671 -0.000109632 1 -0.00275767 0.0331147 0.0149217
FixedParameters: 0 0 0

#Transform 19
Transform: AffineTransform_float_3_3
Parameters: 1 0.000223675 -0.000356383 -0.000223742 1 -9.40964e-05 0.000356341 9.42559e-05 1 -0.00876141 0.0237681 -0.0104371
FixedParameters: 0 0 0

#Transform 20
Transform: AffineTransform_float_3_3
Parameters: 1 -0.000113152 -0.000272717 0.000113141 1 -1.96011e-05 0.000272721 1.95394e-05 1 -0.00157535 0.000761577 0.0110286
FixedParameters: 0 0 0

#Transform 21
Transform: AffineTransform_float_3_3
Parameters: 1 7.37025e-05 0.000435548 -7.34818e-05 1 -0.000253286 -0.000435586 0.000253222 1 -0.0152896 0.0624379 -0.0322466
FixedParameters: 0 0 0

#Transform 22
Transform: AffineTransform_float_3_3
Parameters: 1 0.000296625 -6.01731e-05 -0.000296559 1 0.000541385 6.04942e-05 -0.00054135 1 0.00164274 0.0314428 -0.0142853
FixedParameters: 0 0 0

#Transform 23
Transform: AffineTransform_float_3_3
Parameters: 1 0.000187077 -3.28521e-05 -0.000187046 1 0.000457246 3.30232e-05 -0.000457233 1 -0.00383103 0.0377499 0.00566765
FixedParameters: 0 0 0

#Transform 24
Transform: AffineTransform_float_3_3
Parameters: 1 0.000297882 -5.91839e-05 -0.000297919 1 -0.000312613 5.89976e-05 0.000312648 1 -0.0114381 0.0620925 -0.0172425
FixedParameters: 0 0 0

#Transform 25
Transform: AffineTransform_float_3_3
Parameters: 1 0.000296804 -6.00316e-05 -0.000296754 1 0.000419386 6.02806e-05 -0.00041935 1 0.00166865 0.0388785 0.00916204
FixedParameters: 0 0 0

#Transform 26
Transform: AffineTransform_float_3_3
Parameters: 1 -0.000135771 0.000115257 0.000135904 1 0.000473976 -0.000114415 -0.000473944 1 0.00612528 0.0096446 0.020489
FixedParameters: 0 0 0

#Transform 27
Transform: AffineTransform_float_3_3
Parameters: 1 -6.14111e-06 1.61736e-05 6.14496e-06 1 -0.000118986 -1.61722e-05 0.000118986 1 0.0051218 0.0229459 -0.0122086
FixedParameters: 0 0 0

#Transform 28
Transform: AffineTransform_float_3_3
Parameters: 1 0.000120553 -1.69345e-05 -0.000120525 0.999999 0.000805163 1.71286e-05 -0.000805159 0.999999 0.0137818 -0.0286563 0.00379207
FixedParameters: 0 0 0

#Transform 29
Transform: AffineTransform_float_3_3
Parameters: 1 0.00032097 3.54816e-05 -0.000320975 1 6.6532e-05 -3.54388e-05 -6.65548e-05 1 -0.0157256 0.0350951 0.000249947
FixedParameters: 0 0 0

#Transform 30
Transform: AffineTransform_float_3_3
Parameters: 1 0.00025554 0.000156258 -0.000256448 1 -0.00020042 -0.000156119 0.000200342 1 -0.0159443 0.031479 -0.0126554
FixedParameters: 0 0 0

#Transform 31
Transform: AffineTransform_float_3_3
Parameters: 1 6.52814e-05 9.10564e-05 -6.53733e-05 1 0.000505228 -9.09904e-05 -0.000505239 1 -0.00509986 -0.0282735 0.00647383
FixedParameters: 0 0 0

#Transform 32
Transform: AffineTransform_float_3_3
Parameters: 1 0.000297927 -5.9148e-05 -0.000297968 1 -0.000343613 5.89432e-05 0.000343648 1 -0.0105971 0.0287234 -0.0264947
FixedParameters: 0 0 0

#Transform 33
Transform: AffineTransform_float_3_3
Parameters: 1 0.000180879 -3.06594e-05 -0.000180875 1 6.02381e-05 3.06812e-05 -6.0227e-05 1 -0.0133979 0.0358312 -0.0484626
FixedParameters: 0 0 0

#Transform 34
Transform: AffineTransform_float_3_3
Parameters: 1 0.000297053 -5.98358e-05 -0.000297023 1 0.000250386 5.99845e-05 -0.000250351 1 0.00719986 0.00977467 -0.0312496
FixedParameters: 0 0 0

#Transform 35
Transform: AffineTransform_float_3_3
Parameters: 1 0.000358367 0.000183451 -0.000358238 1 -0.00035325 -0.000183704 0.000353119 1 -0.0114281 0.0159424 -0.0592683
FixedParameters: 0 0 0

#Transform 36
Transform: AffineTransform_float_3_3
Parameters: 1 0.000213947 -3.88028e-05 -0.000213946 1 1.12796e-05 3.88077e-05 -1.1263e-05 1 0.00755198 0.00938886 -0.0677341
FixedParameters: 0 0 0

#Transform 37
Transform: AffineTransform_float_3_3
Parameters: 1 6.45779e-05 0.000420276 -6.39144e-05 0.999999 -0.000789318 -0.000420378 0.000789264 0.999999 -0.00490936 0.0328194 -0.0640665
FixedParameters: 0 0 0

#Transform 38
Transform: AffineTransform_float_3_3
Parameters: 1 -0.000315717 0.000192975 0.00031573 1 -3.21419e-05 -0.000192955 3.22638e-05 1 0.0125826 -0.0426706 -0.0471288
FixedParameters: 0 0 0

#Transform 39
Transform: AffineTransform_float_3_3
Parameters: 1 -0.000317116 0.000185761 0.000317243 1 -0.000342157 -0.000185544 0.000342275 1 0.00252973 0.0505728 -0.066551
FixedParameters: 0 0 0

#Transform 40
Transform: AffineTransform_float_3_3
Parameters: 1 -0.000268981 0.000375888 0.000269634 0.999999 -0.000868766 -0.00037542 0.000868968 0.999999 0.000203605 0.00276386 -0.0697153
FixedParameters: 0 0 0

#Transform 41
Transform: AffineTransform_float_3_3
Parameters: 1 -0.000213075 0.000610143 0.000212317 0.999999 0.000619751 -0.000610405 -0.000620375 0.999999 0.00648729 -0.00978407 -0.109323
FixedParameters: 0 0 0

#Transform 42
Transform: AffineTransform_float_3_3
Parameters: 0.999999 -0.000379363 0.000796031 0.000379996 0.999999 -0.000398063 -0.000795726 0.000397784 0.999999 0.0155546 0.0136874 -0.16221
FixedParameters: 0 0 0

#Transform 43
Transform: AffineTransform_float_3_3
Parameters: 0.999999 -0.000417632 0.000724685 0.000418165 1 -0.00104023 -0.000723569 0.00103995 1 0.0131176 0.0228476 -0.161205
FixedParameters: 0 0 0

#Transform 44
Transform: AffineTransform_float_3_3
Parameters: 1 -0.000222526 0.000567571 0.00022257 1 -3.83886e-05 -0.000567554 3.86412e-05 1 0.0155646 0.0255953 -0.168489
FixedParameters: 0 0 0

#Transform 45
Transform: AffineTransform_float_3_3
Parameters: 0.999999 -0.000444139 0.000662374 0.000444056 0.999999 -0.000671365 -0.000661534 0.000671071 0.999999 0.0177084 0.0320274 -0.17736
FixedParameters: 0 0 0

#Transform 46
Transform: AffineTransform_float_3_3
Parameters: 1 -0.00028146 0.000105531 0.000281708 1 -0.00119025 -0.000104857 0.00119031 1 0.0120811 0.0415567 -0.206639
FixedParameters: 0 0 0

#Transform 47
Transform: AffineTransform_float_3_3
Parameters: 1 -0.000216492 0.000371142 0.000216935 0.999999 -0.000920713 -0.000371714 0.000920873 0.999999 -0.00425251 0.0348723 -0.248324
FixedParameters: 0 0 0

#Transform 48
Transform: AffineTransform_float_3_3
Parameters: 1 -0.000358168 0.000124617 0.000358451 1 -0.00115033 -0.00012379 0.00115042 1 0.000135658 0.0190032 -0.252323
FixedParameters: 0 0 0

#Transform 49
Transform: AffineTransform_float_3_3
Parameters: 1 -0.000141745 0.000516921 0.000142502 0.999998 -0.00167416 -0.000516198 0.00167478 0.999999 -0.00646604 0.00334243 -0.254508
FixedParameters: 0 0 0

#Transform 50
Transform: AffineTransform_float_3_3
Parameters: 1 -0.000180067 0.000451805 0.000180158 0.999999 -0.00144454 -0.00045201 0.0014447 0.999999 -0.00545149 0.0354385 -0.256779
FixedParameters: 0 0 0

#Transform 51
Transform: AffineTransform_float_3_3
Parameters: 1 -7.55688e-05 0.000562221 7.59266e-05 1 -0.00118426 -0.000561797 0.00118434 0.999999 0.00466633 0.0466025 -0.267841
FixedParameters: 0 0 0

#Transform 52
Transform: AffineTransform_float_3_3
Parameters: 1 2.39101e-05 0.000236915 -2.32137e-05 0.999999 -0.00147563 -0.000236981 0.00147562 0.999999 -0.00629477 0.0454874 -0.26804
FixedParameters: 0 0 0

#Transform 53
Transform: AffineTransform_float_3_3
Parameters: 1 8.31989e-06 0.000360493 -7.80885e-06 0.999998 -0.00206347 -0.000360279 0.00206347 0.999998 -0.0154856 0.0283333 -0.284731
FixedParameters: 0 0 0

#Transform 54
Transform: AffineTransform_float_3_3
Parameters: 1 -6.90396e-05 5.35561e-05 6.92235e-05 0.999999 -0.00177603 -5.33044e-05 0.00177604 0.999999 -0.0272379 0.0506394 -0.286036
FixedParameters: 0 0 0

#Transform 55
Transform: AffineTransform_float_3_3
Parameters: 1 -6.96714e-05 5.29471e-05 6.98141e-05 0.999999 -0.00137703 -5.2752e-05 0.00137704 0.999999 -0.0271939 0.0181927 -0.290185
FixedParameters: 0 0 0

#Transform 56
Transform: AffineTransform_float_3_3
Parameters: 1 -6.95191e-05 5.30933e-05 6.96723e-05 0.999999 -0.00147303 -5.28852e-05 0.00147304 0.999999 -0.0271974 0.0203361 -0.286579
FixedParameters: 0 0 0

#Transform 57
Transform: AffineTransform_float_3_3
Parameters: 1 0.000269218 -3.14983e-05 -0.00026908 0.999998 -0.00159263 3.16145e-05 0.00159265 0.999998 -0.0312327 0.0437546 -0.312143
FixedParameters: 0 0 0

#Transform 58
Transform: AffineTransform_float_3_3
Parameters: 1 0.000298629 -3.95386e-05 -0.000298482 1 -0.00115059 3.98251e-05 0.00115062 1 -0.0478381 0.0271606 -0.321535
FixedParameters: 0 0 0

#Transform 59
Transform: AffineTransform_float_3_3
Parameters: 1 0.000359721 -5.48354e-05 -0.000359607 1 -0.00113151 5.4995e-05 0.00113155 1 -0.0413949 0.0213952 -0.301204
FixedParameters: 0 0 0

#Transform 60
Transform: AffineTransform_float_3_3
Parameters: 1 0.000375198 2.42982e-06 -0.000374952 0.999998 -0.00205343 -2.99365e-06 0.00205343 0.999998 -0.0564317 0.0406862 -0.341009
FixedParameters: 0 0 0

#Transform 61
Transform: AffineTransform_float_3_3
Parameters: 1 0.00056599 -0.000273276 -0.00056568 0.999999 -0.00120738 0.000271671 0.00120769 0.999999 -0.0557901 0.00367081 -0.354399
FixedParameters: 0 0 0

#Transform 62
Transform: AffineTransform_float_3_3
Parameters: 1 0.000472089 -8.21759e-05 -0.00047213 0.999999 -0.00168359 8.15608e-05 0.0016832 0.999998 -0.0607805 0.0577944 -0.375068
FixedParameters: 0 0 0

#Transform 63
Transform: AffineTransform_float_3_3
Parameters: 0.999999 0.000728655 -0.000146075 -0.000728769 0.999997 -0.00202799 0.000145066 0.00202821 0.999998 -0.0746127 0.0542287 -0.387192
FixedParameters: 0 0 0

#Transform 64
Transform: AffineTransform_float_3_3
Parameters: 1 0.000593663 -0.000112356 -0.000593853 0.999998 -0.00190819 0.000111066 0.00190832 0.999998 -0.057578 0.0287625 -0.371352
FixedParameters: 0 0 0

#Transform 65
Transform: AffineTransform_float_3_3
Parameters: 0.999999 0.00093124 0.000153948 -0.000931006 0.999997 -0.0023545 -0.000156141 0.00235421 0.999997 -0.0648452 0.0336888 -0.386745
FixedParameters: 0 0 0

#Transform 66
Transform: AffineTransform_float_3_3
Parameters: 0.999999 0.000848752 -0.000175649 -0.000849193 0.999996 -0.00261404 0.000173161 0.00261387 0.999996 -0.0875677 0.0419069 -0.447483
FixedParameters: 0 0 0

#Transform 67
Transform: AffineTransform_float_3_3
Parameters: 1 0.000797728 -0.000680812 -0.000799269 0.999997 -0.00219717 0.000679011 0.00219737 0.999998 -0.082181 0.072475 -0.448776
FixedParameters: 0 0 0

#Transform 68
Transform: AffineTransform_float_3_3
Parameters: 1 0.000481016 9.78929e-06 -0.000480729 0.999996 -0.00272626 -1.14286e-05 0.00272625 0.999997 -0.0842536 0.0706456 -0.489083
FixedParameters: 0 0 0

#Transform 69
Transform: AffineTransform_float_3_3
Parameters: 0.999999 0.000810487 -4.42389e-05 -0.0008104 0.999998 -0.00171202 4.24386e-05 0.00171163 0.999998 -0.0882863 0.0534083 -0.458943
FixedParameters: 0 0 0

#Transform 70
Transform: AffineTransform_float_3_3
Parameters: 1 0.000615791 -0.000314174 -0.000617105 0.999997 -0.00246932 0.000312109 0.00246971 0.999997 -0.0831021 0.0580857 -0.482393
FixedParameters: 0 0 0

#Transform 71
Transform: AffineTransform_float_3_3
Parameters: 0.999999 0.000745249 -0.000188174 -0.000745743 0.999994 -0.00321299 0.00018631 0.00321328 0.999995 -0.0931257 0.0385209 -0.486462
FixedParameters: 0 0 0

#Transform 72
Transform: AffineTransform_float_3_3
Parameters: 1 0.000845339 -0.000625057 -0.000847426 0.999995 -0.00302103 0.000622628 0.00302121 0.999996 -0.104025 0.00858944 -0.532639
FixedParameters: 0 0 0

#Transform 73
Transform: AffineTransform_float_3_3
Parameters: 1 0.000797676 -0.000814174 -0.000800848 0.999995 -0.00298432 0.000812084 0.00298562 0.999995 -0.101406 0.0281804 -0.554072
FixedParameters: 0 0 0

#Transform 74
Transform: AffineTransform_float_3_3
Parameters: 0.999999 0.00103469 -0.000739303 -0.00103741 0.999992 -0.0038049 0.000734839 0.00380508 0.999992 -0.122267 0.0206181 -0.551553
FixedParameters: 0 0 0

#Transform 75
Transform: AffineTransform_float_3_3
Parameters: 0.999999 0.00101177 -0.000734009 -0.00101356 0.999995 -0.00303372 0.000730307 0.00303432 0.999995 -0.105184 0.0281978 -0.554994
FixedParameters: 0 0 0

#Transform 76
Transform: AffineTransform_float_3_3
Parameters: 0.999999 0.00117842 -0.00040515 -0.00117957 0.999996 -0.00230931 0.000402621 0.00231026 0.999997 -0.125106 0.0441221 -0.52181
FixedParameters: 0 0 0

#Transform 77
Transform: AffineTransform_float_3_3
Parameters: 0.999999 0.00119826 -0.000780235 -0.00120225 0.999988 -0.0047256 0.00077426 0.004727 0.999988 -0.126764 0.0262441 -0.648983
FixedParameters: 0 0 0

#Transform 78
Transform: AffineTransform_float_3_3
Parameters: 0.999999 0.00127213 -0.000798875 -0.0012765 0.999987 -0.00500238 0.000792475 0.00500306 0.999988 -0.126174 0.0454814 -0.719639
FixedParameters: 0 0 0

#Transform 79
Transform: AffineTransform_float_3_3
Parameters: 0.999999 0.00145257 -0.000567928 -0.00145613 0.99998 -0.00610396 0.000559694 0.00610426 0.999982 -0.141739 0.029558 -0.74881
FixedParameters: 0 0 0

#Transform 80
Transform: AffineTransform_float_3_3
Parameters: 0.999998 0.0015397 -0.000558168 -0.00154313 0.99998 -0.00611084 0.000548846 0.00611208 0.999981 -0.143114 -0.00991472 -0.780553
FixedParameters: 0 0 0

#Transform 81
Transform: AffineTransform_float_3_3
Parameters: 0.999999 0.00135363 -0.000391175 -0.00135607 0.999984 -0.00557221 0.000383886 0.0055728 0.999985 -0.142114 0.057057 -0.772209
FixedParameters: 0 0 0

#Transform 82
Transform: AffineTransform_float_3_3
Parameters: 0.999999 0.0014467 -0.000198489 -0.00144804 0.99997 -0.00761903 0.000187436 0.00761913 0.999971 -0.153266 0.0495926 -0.827657
FixedParameters: 0 0 0

#Transform 83
Transform: AffineTransform_float_3_3
Parameters: 0.999999 0.00149072 -0.000331357 -0.0014922 0.999988 -0.00479095 0.000323893 0.00479146 0.999989 -0.162075 0.00439423 -0.761975
FixedParameters: 0 0 0

#Transform 84
Transform: AffineTransform_float_3_3
Parameters: 0.999998 0.00200061 0.000111441 -0.00200006 0.999967 -0.00785254 -0.000127004 0.00785203 0.999969 -0.171386 0.0465759 -0.841001
FixedParameters: 0 0 0

#Transform 85
Transform: AffineTransform_float_3_3
Parameters: 0.999999 0.0018002 -9.20951e-05 -0.00180049 0.999974 -0.00689245 7.94736e-05 0.00689231 0.999977 -0.155294 0.0111897 -0.838533
FixedParameters: 0 0 0

#Transform 86
Transform: AffineTransform_float_3_3
Parameters: 0.999999 0.00178765 -0.000351052 -0.00179026 0.99998 -0.00613662 0.000340065 0.00613694 0.999981 -0.158854 0.0114849 -0.795951
FixedParameters: 0 0 0

#Transform 87
Transform: AffineTransform_float_3_3
Parameters: 0.999998 0.00165835 -0.000317915 -0.0016611 0.999972 -0.00737793 0.000305389 0.00737893 0.999972 -0.171664 0.00487719 -0.808624
FixedParameters: 0 0 0

#Transform 88
Transform: AffineTransform_float_3_3
Parameters: 0.999999 0.000945531 -0.000136177 -0.000945755 0.999981 -0.00605886 0.000130597 0.00605865 0.999981 -0.11397 0.0307877 -0.740392
FixedParameters: 0 0 0

#Transform 89
Transform: AffineTransform_float_3_3
Parameters: 1 0.00113553 0.000176891 -0.00113447 0.999978 -0.00650345 -0.000184074 0.00650258 0.999979 -0.132439 0.11308 -0.738249
FixedParameters: 0 0 0

#Transform 90
Transform: AffineTransform_float_3_3
Parameters: 1 0.00119715 -0.000200955 -0.00119873 0.999987 -0.00509652 0.000194843 0.00509741 0.999987 -0.127309 0.0491358 -0.750714
FixedParameters: 0 0 0

#Transform 91
Transform: AffineTransform_float_3_3
Parameters: 0.999998 0.00150056 0.000527372 -0.00149767 0.999979 -0.00643103 -0.00053738 0.00642986 0.999979 -0.151558 0.0668717 -0.779421
FixedParameters: 0 0 0

#Transform 92
Transform: AffineTransform_float_3_3
Parameters: 0.999999 0.00136468 -9.04418e-05 -0.0013648 0.999982 -0.00593222 8.23047e-05 0.00593288 0.999983 -0.134794 0.0277226 -0.767226
FixedParameters: 0 0 0

#Transform 93
Transform: AffineTransform_float_3_3
Parameters: 0.999999 0.00135363 2.86129e-05 -0.00135382 0.999986 -0.00517122 -3.62733e-05 0.00517156 0.999986 -0.12778 0.0232282 -0.685927
FixedParameters: 0 0 0

#Transform 94
Transform: AffineTransform_float_3_3
Parameters: 0.999999 0.00153097 5.91388e-05 -0.00153099 0.99998 -0.00603895 -6.81215e-05 0.00603919 0.999981 -0.157113 0.0517756 -0.712891
FixedParameters: 0 0 0

#Transform 95
Transform: AffineTransform_float_3_3
Parameters: 0.999998 0.00162983 0.000223922 -0.00162962 0.999996 -0.00263184 -0.000228127 0.00263153 0.999997 -0.148812 0.0383401 -0.662495
FixedParameters: 0 0 0

#Transform 96
Transform: AffineTransform_float_3_3
Parameters: 0.999999 0.00150009 0.000294818 -0.00149814 0.999984 -0.00537778 -0.000303384 0.00537778 0.999986 -0.144411 0.0880503 -0.72689
FixedParameters: 0 0 0

#Transform 97
Transform: AffineTransform_float_3_3
Parameters: 0.999999 0.00155542 0.000224005 -0.00155397 0.999984 -0.00542094 -0.000232331 0.00542066 0.999985 -0.145119 0.0410938 -0.738713
FixedParameters: 0 0 0

#Transform 98
Transform: AffineTransform_float_3_3
Parameters: 0.999998 0.00161841 0.00024494 -0.00161728 0.999988 -0.00478786 -0.000252881 0.00478748 0.999989 -0.136808 0.0392589 -0.733988
FixedParameters: 0 0 0

#Transform 99
Transform: AffineTransform_float_3_3
Parameters: 0.999998 0.00158283 0.000334531 -0.00158067 0.999986 -0.00504798 -0.00034295 0.00504822 0.999987 -0.138849 -0.0190082 -0.713787
FixedParameters: 0 0 0

#Transform 100
Transform: AffineTransform_float_3_3
Parameters: 0.999998 0.00191962 0.000536901 -0.00191604 0.999978 -0.00626467 -0.000548754 0.0062639 0.99998 -0.158487 0.0540105 -0.780715
FixedParameters: 0 0 0

#Transform 101
Transform: AffineTransform_float_3_3
Parameters: 0.999998 0.00196848 -0.000397136 -0.00197116 0.999981 -0.00581731 0.000386147 0.00581882 0.999983 -0.159251 0.0132382 -0.796883
FixedParameters: 0 0 0

#Transform 102
Transform: AffineTransform_float_3_3
Parameters: 0.999998 0.00211516 1.10784e-05 -0.00211452 0.999976 -0.0066073 -2.46542e-05 0.0066072 0.999978 -0.165169 0.0434533 -0.83929
FixedParameters: 0 0 0

#Transform 103
Transform: AffineTransform_float_3_3
Parameters: 0.999997 0.00218721 0.000130048 -0.00218631 0.999978 -0.00623229 -0.000143668 0.00623165 0.999981 -0.167313 0.034055 -0.857412
FixedParameters: 0 0 0

#Transform 104
Transform: AffineTransform_float_3_3
Parameters: 0.999998 0.00210192 -0.000187727 -0.00210304 0.999979 -0.00621943 0.000174725 0.00621969 0.99998 -0.170262 0.0342289 -0.856409
FixedParameters: 0 0 0

#Transform 105
Transform: AffineTransform_float_3_3
Parameters: 0.999997 0.00234183 -0.000493627 -0.00234601 0.999966 -0.0079507 0.000475123 0.00795158 0.999969 -0.185485 0.0401761 -0.920194
FixedParameters: 0 0 0

#Transform 106
Transform: AffineTransform_float_3_3
Parameters: 0.999996 0.00255466 -0.000134395 -0.00255582 0.999983 -0.00527771 0.000120797 0.00527786 0.999986 -0.175822 0.0669884 -0.866543
FixedParameters: 0 0 0

#Transform 107
Transform: AffineTransform_float_3_3
Parameters: 0.999998 0.00230706 0.000233506 -0.00230546 0.999976 -0.00650721 -0.000248667 0.00650607 0.999979 -0.184196 0.00815409 -0.884907
FixedParameters: 0 0 0

#Transform 108
Transform: AffineTransform_float_3_3
Parameters: 0.999997 0.00243646 -0.000189355 -0.0024382 0.999979 -0.00592162 0.000174843 0.00592247 0.999983 -0.174019 -0.00375502 -0.899544
FixedParameters: 0 0 0

#Transform 109
Transform: AffineTransform_float_3_3
Parameters: 0.999997 0.00235119 -0.000177016 -0.00235166 0.999979 -0.00613401 0.000163257 0.00613431 0.999981 -0.189363 0.000853912 -0.863544
FixedParameters: 0 0 0

#Transform 110
Transform: AffineTransform_float_3_3
Parameters: 0.999997 0.00262322 0.000307149 -0.0026213 0.999972 -0.00702117 -0.000324749 0.00701991 0.999975 -0.200548 0.0329341 -0.89718
FixedParameters: 0 0 0

#Transform 111
Transform: AffineTransform_float_3_3
Parameters: 0.999996 0.0026056 -0.000229876 -0.00260663 0.999976 -0.00651175 0.000212001 0.00651193 0.999979 -0.183376 0.0531336 -0.927551
FixedParameters: 0 0 0

#Transform 112
Transform: AffineTransform_float_3_3
Parameters: 0.999996 0.00257936 0.000473137 -0.00257618 0.99997 -0.00716917 -0.000491598 0.00716755 0.999974 -0.190996 0.00168575 -0.911417
FixedParameters: 0 0 0

#Transform 113
Transform: AffineTransform_float_3_3
Parameters: 0.999997 0.00250311 2.18733e-05 -0.00250251 0.99997 -0.00727473 -4.0752e-05 0.00727454 0.999974 -0.191858 0.0331154 -0.932382
FixedParameters: 0 0 0

#Transform 114
Transform: AffineTransform_float_3_3
Parameters: 0.999997 0.00254286 -0.000169055 -0.00254413 0.999979 -0.00597369 0.000153993 0.00597401 0.999982 -0.178338 0.00667409 -0.906421
FixedParameters: 0 0 0

#Transform 115
Transform: AffineTransform_float_3_3
Parameters: 0.999997 0.00254231 0.00024496 -0.00254002 0.999968 -0.00755097 -0.000264343 0.00755053 0.999972 -0.199143 0.0357093 -0.936302
FixedParameters: 0 0 0

#Transform 116
Transform: AffineTransform_float_3_3
Parameters: 0.999997 0.00247924 -5.03979e-05 -0.00247945 0.999972 -0.00717199 3.33345e-05 0.00717258 0.999974 -0.195473 0.0316633 -0.973964
FixedParameters: 0 0 0

#Transform 117
Transform: AffineTransform_float_3_3
Parameters: 0.999997 0.00247362 -0.000526845 -0.00247667 0.999972 -0.00706339 0.000509414 0.00706457 0.999975 -0.191043 0.0164848 -0.989266
FixedParameters: 0 0 0

#Transform 118
Transform: AffineTransform_float_3_3
Parameters: 0.999997 0.00250388 -0.000354193 -0.00250666 0.99997 -0.0073928 0.000335174 0.00739356 0.999972 -0.193135 0.0257079 -0.992207
FixedParameters: 0 0 0

#Transform 119
Transform: AffineTransform_float_3_3
Parameters: 0.999996 0.00251656 -0.000538105 -0.00251986 0.99997 -0.00738253 0.000519436 0.00738333 0.999972 -0.191454 0.0201051 -0.990268
FixedParameters: 0 0 0

#Transform 120
Transform: AffineTransform_float_3_3
Parameters: 0.999997 0.00250769 -0.000425491 -0.00251004 0.999977 -0.00620348 0.000410177 0.00620507 0.99998 -0.192344 -0.0158304 -0.988351
FixedParameters: 0 0 0

#Transform 121
Transform: AffineTransform_float_3_3
Parameters: 0.999997 0.00232969 -0.000506782 -0.00233392 0.999968 -0.00755247 0.000489347 0.00755387 0.999972 -0.189104 -0.00085436 -0.999228
FixedParameters: 0 0 0

#Transform 122
Transform: AffineTransform_float_3_3
Parameters: 0.999996 0.0026037 -0.000312283 -0.00260555 0.999972 -0.00689637 0.000294374 0.00689657 0.999976 -0.186609 -0.0122205 -0.977549
FixedParameters: 0 0 0

#Transform 123
Transform: AffineTransform_float_3_3
Parameters: 0.999997 0.00247445 -0.000278333 -0.00247621 0.999972 -0.00714865 0.000259995 0.0071486 0.999975 -0.1934 -0.0447184 -1.00986
FixedParameters: 0 0 0

#Transform 124
Transform: AffineTransform_float_3_3
Parameters: 0.999996 0.00273332 0.000311782 -0.00273093 0.99997 -0.00726305 -0.000331269 0.00726169 0.999974 -0.202162 0.0360932 -0.999386
FixedParameters: 0 0 0

#Transform 125
Transform: AffineTransform_float_3_3
Parameters: 0.999996 0.002618 -0.000141154 -0.00261941 0.999966 -0.0077566 0.000120016 0.00775678 0.99997 -0.199867 -0.0192762 -1.02173
FixedParameters: 0 0 0

#Transform 126
Transform: AffineTransform_float_3_3
Parameters: 0.999996 0.00252364 -0.000505737 -0.0025273 0.999971 -0.00723754 0.000487932 0.0072382 0.999974 -0.197147 0.00697469 -1.05397
FixedParameters: 0 0 0

#Transform 127
Transform: AffineTransform_float_3_3
Parameters: 0.999996 0.00284587 -2.05863e-06 -0.00284608 0.999961 -0.00834571 -2.15828e-05 0.00834558 0.999965 -0.204727 0.018627 -1.04647
FixedParameters: 0 0 0

#Transform 128
Transform: AffineTransform_float_3_3
Parameters: 0.999996 0.0026261 -0.000110272 -0.00262681 0.999966 -0.00785162 8.94878e-05 0.00785165 0.999969 -0.196871 -0.0191082 -1.01559
FixedParameters: 0 0 0

#Transform 129
Transform: AffineTransform_float_3_3
Parameters: 0.999996 0.0026663 5.25223e-05 -0.00266602 0.999972 -0.00698282 -7.10171e-05 0.00698288 0.999976 -0.19886 0.0326437 -0.997479
FixedParameters: 0 0 0

#Transform 130
Transform: AffineTransform_float_3_3
Parameters: 0.999996 0.00288924 6.574e-05 -0.00288886 0.999965 -0.00786674 -8.92848e-05 0.00786622 0.999969 -0.202048 0.0600074 -1.03424
FixedParameters: 0 0 0

#Transform 131
Transform: AffineTransform_float_3_3
Parameters: 0.999996 0.00257872 -0.000285866 -0.00258041 0.999977 -0.00639051 0.00026896 0.00639144 0.99998 -0.194599 0.0508088 -1.05074
FixedParameters: 0 0 0

#Transform 132
Transform: AffineTransform_float_3_3
Parameters: 0.999997 0.00268609 0.000117379 -0.00268449 0.999959 -0.00859586 -0.000140647 0.00859556 0.999963 -0.210199 0.0510149 -1.13064
FixedParameters: 0 0 0

#Transform 133
Transform: AffineTransform_float_3_3
Parameters: 0.999995 0.0029789 4.29792e-05 -0.00297891 0.999966 -0.00760757 -6.64001e-05 0.00760717 0.999971 -0.208075 0.0180169 -1.0908
FixedParameters: 0 0 0

#Transform 134
Transform: AffineTransform_float_3_3
Parameters: 0.999996 0.00307983 1.61338e-05 -0.00308044 0.99996 -0.00836138 -4.25714e-05 0.00836113 0.999965 -0.210836 0.00686278 -1.0982
FixedParameters: 0 0 0

#Transform 135
Transform: AffineTransform_float_3_3
Parameters: 0.999996 0.00279907 -0.000185216 -0.00280078 0.999969 -0.00735253 0.000164484 0.00735343 0.999973 -0.198412 0.010838 -1.03905
FixedParameters: 0 0 0

#Transform 136
Transform: AffineTransform_float_3_3
Parameters: 0.999997 0.00268526 0.000118001 -0.00268425 0.999964 -0.00809087 -0.000140501 0.00809057 0.999967 -0.19988 0.0147161 -1.11893
FixedParameters: 0 0 0

#Transform 137
Transform: AffineTransform_float_3_3
Parameters: 0.999997 0.00268457 0.000118509 -0.00268391 0.999967 -0.00767787 -0.000139763 0.00767757 0.999971 -0.199845 0.0180636 -1.10014
FixedParameters: 0 0 0

#Transform 138
Transform: AffineTransform_float_3_3
Parameters: 0.999996 0.00291407 5.89468e-05 -0.00291327 0.999962 -0.00825746 -8.32051e-05 0.00825745 0.999966 -0.202508 -0.0134842 -1.1139
FixedParameters: 0 0 0

#Transform 139
Transform: AffineTransform_float_3_3
Parameters: 0.999996 0.00284531 7.72416e-05 -0.00284504 0.999967 -0.00765359 -9.98587e-05 0.00765348 0.999971 -0.201645 -0.0296407 -1.07395
FixedParameters: 0 0 0

#Transform 140
Transform: AffineTransform_float_3_3
Parameters: 0.999995 0.00311545 0.00050554 -0.00311135 0.999959 -0.00852826 -0.000531631 0.00852674 0.999963 -0.20936 0.0340683 -1.16059
FixedParameters: 0 0 0

#Transform 141
Transform: AffineTransform_float_3_3
Parameters: 0.999995 0.0028571 0.000790772 -0.00285082 0.999967 -0.00761644 -0.000812104 0.00761451 0.999971 -0.194131 0.0181957 -1.11609
FixedParameters: 0 0 0

#Transform 142
Transform: AffineTransform_float_3_3
Parameters: 0.999997 0.00272344 0.00026499 -0.00272046 0.999962 -0.00826082 -0.000286833 0.00826107 0.999966 -0.201798 0.0658761 -1.18218
FixedParameters: 0 0 0

#Transform 143
Transform: AffineTransform_float_3_3
Parameters: 0.999997 0.00268523 0.000118021 -0.00268423 0.999964 -0.00807487 -0.000140434 0.00807457 0.999967 -0.199885 0.0333543 -1.13452
FixedParameters: 0 0 0

#Transform 144
Transform: AffineTransform_float_3_3
Parameters: 0.999994 0.00336858 0.00104298 -0.00335898 0.999956 -0.00885091 -0.00107235 0.00884775 0.99996 -0.217974 0.0436704 -1.21712
FixedParameters: 0 0 0

#Transform 145
Transform: AffineTransform_float_3_3
Parameters: 0.999995 0.00287309 0.000846017 -0.00286557 0.999962 -0.00827375 -0.000870125 0.008271 0.999965 -0.209405 0.0289644 -1.16306
FixedParameters: 0 0 0

#Transform 146
Transform: AffineTransform_float_3_3
Parameters: 0.999994 0.00339913 0.000766235 -0.00339187 0.999945 -0.0098633 -0.000799138 0.00986106 0.999951 -0.215772 0.0127502 -1.23492
FixedParameters: 0 0 0

#Transform 147
Transform: AffineTransform_float_3_3
Parameters: 0.999995 0.00320634 0.000492267 -0.00320231 0.999957 -0.00866514 -0.000520783 0.0086636 0.999962 -0.20224 0.047339 -1.22683
FixedParameters: 0 0 0

#Transform 148
Transform: AffineTransform_float_3_3
Parameters: 0.999994 0.0033394 0.000810735 -0.00333077 0.999938 -0.0105997 -0.000846122 0.0105967 0.999943 -0.215502 0.0312874 -1.26915
FixedParameters: 0 0 0

#Transform 149
Transform: AffineTransform_float_3_3
Parameters: 0.999994 0.00318712 0.000727702 -0.0031812 0.999959 -0.00850957 -0.000754393 0.00850656 0.999963 -0.200475 -0.000480044 -1.20134
FixedParameters: 0 0 0

#Transform 150
Transform: AffineTransform_float_3_3
Parameters: 0.999995 0.00304561 0.000867728 -0.00303698 0.999941 -0.0103524 -0.000898299 0.0103497 0.999946 -0.203926 -0.0288901 -1.25636
FixedParameters: 0 0 0

#Transform 151
Transform: AffineTransform_float_3_3
Parameters: 0.999995 0.00301646 0.000697492 -0.00301052 0.999951 -0.00940342 -0.000725434 0.00940131 0.999955 -0.195298 -0.051434 -1.21738
FixedParameters: 0 0 0

#Transform 152
Transform: AffineTransform_float_3_3
Parameters: 0.999995 0.00283877 0.000743645 -0.00283184 0.999954 -0.00917539 -0.000769131 0.00917375 0.999957 -0.191299 0.0189494 -1.19806
FixedParameters: 0 0 0

#Transform 153
Transform: AffineTransform_float_3_3
Parameters: 0.999996 0.00299884 0.000701299 -0.00299123 0.999944 -0.0101835 -0.000731601 0.0101813 0.999948 -0.210603 -0.0188338 -1.26301
FixedParameters: 0 0 0

#Transform 154
Transform: AffineTransform_float_3_3
Parameters: 0.999996 0.00281372 0.000331205 -0.00281128 0.999958 -0.00868803 -0.000356452 0.00868738 0.999962 -0.193362 -0.00621648 -1.22305
FixedParameters: 0 0 0

#Transform 155
Transform: AffineTransform_float_3_3
Parameters: 0.999996 0.00283942 0.000656585 -0.00283288 0.999952 -0.00934122 -0.000683258 0.00933919 0.999957 -0.202227 0.0245685 -1.23261
FixedParameters: 0 0 0

#Transform 156
Transform: AffineTransform_float_3_3
Parameters: 0.999996 0.00278994 0.000336704 -0.00278737 0.999952 -0.00943501 -0.000363495 0.00943347 0.999956 -0.209222 -0.0126299 -1.25934
FixedParameters: 0 0 0

#Transform 157
Transform: AffineTransform_float_3_3
Parameters: 0.999997 0.00263277 0.000672052 -0.00262721 0.999956 -0.00895442 -0.000695764 0.00895258 0.99996 -0.200188 0.0428873 -1.23924
FixedParameters: 0 0 0

#Transform 158
Transform: AffineTransform_float_3_3
Parameters: 0.999996 0.00268318 0.000603147 -0.00267653 0.99994 -0.0106563 -0.00063173 0.0106548 0.999943 -0.206431 0.0197806 -1.29017
FixedParameters: 0 0 0

#Transform 159
Transform: AffineTransform_float_3_3
Parameters: 0.999996 0.00250583 0.000731648 -0.00249911 0.999956 -0.00903535 -0.000753477 0.00903386 0.999959 -0.186746 -0.0435244 -1.25994
FixedParameters: 0 0 0

#Transform 160
Transform: AffineTransform_float_3_3
Parameters: 0.999997 0.00255948 0.000941667 -0.00255062 0.999951 -0.0095636 -0.00096544 0.00956184 0.999954 -0.181853 0.00878677 -1.27937
FixedParameters: 0 0 0

#Transform 161
Transform: AffineTransform_float_3_3
Parameters: 0.999996 0.00265348 0.000817937 -0.00264487 0.999947 -0.0099544 -0.000843871 0.00995311 0.99995 -0.184985 -0.0222359 -1.30941
FixedParameters: 0 0 0

#Transform 162
Transform: AffineTransform_float_3_3
Parameters: 0.999997 0.00248726 0.000415194 -0.0024835 0.999955 -0.00911327 -0.000438798 0.0091129 0.999958 -0.183556 0.0226361 -1.28406
FixedParameters: 0 0 0

#Transform 163
Transform: AffineTransform_float_3_3
Parameters: 0.999996 0.00285189 0.00108138 -0.00283887 0.999928 -0.0116676 -0.00111461 0.0116645 0.999932 -0.194917 -0.0120383 -1.37448
FixedParameters: 0 0 0

#Transform 164
Transform: AffineTransform_float_3_3
Parameters: 0.999996 0.00265766 0.000870374 -0.00264815 0.999944 -0.0102936 -0.000896954 0.0102907 0.999947 -0.190304 -0.0407171 -1.3555
FixedParameters: 0 0 0

#Transform 165
Transform: AffineTransform_float_3_3
Parameters: 0.999995 0.00273086 0.00110449 -0.00271965 0.999943 -0.0102939 -0.00113281 0.0102905 0.999946 -0.193493 -0.0249324 -1.34158
FixedParameters: 0 0 0

#Transform 166
Transform: AffineTransform_float_3_3
Parameters: 0.999996 0.00286683 0.000990555 -0.0028554 0.999926 -0.0118097 -0.00102399 0.0118066 0.99993 -0.201949 0.000822442 -1.37895
FixedParameters: 0 0 0

#Transform 167
Transform: AffineTransform_float_3_3
Parameters: 0.999995 0.00292331 0.000774087 -0.00291518 0.999938 -0.0108026 -0.000805956 0.0108002 0.999941 -0.193022 0.000334174 -1.367
FixedParameters: 0 0 0

#Transform 168
Transform: AffineTransform_float_3_3
Parameters: 0.999996 0.00290844 0.000970705 -0.00289887 0.999945 -0.0101167 -0.000999973 0.0101136 0.999949 -0.194392 0.0362807 -1.30867
FixedParameters: 0 0 0

#Transform 169
Transform: AffineTransform_float_3_3
Parameters: 0.999994 0.00322432 0.00132148 -0.00320917 0.999931 -0.0112579 -0.00135808 0.0112534 0.999936 -0.202316 0.0226123 -1.36185
FixedParameters: 0 0 0

#Transform 170
Transform: AffineTransform_float_3_3
Parameters: 0.999997 0.00232769 0.00101598 -0.00231712 0.999944 -0.0103017 -0.00103943 0.0102992 0.999946 -0.187192 0.0138734 -1.35592
FixedParameters: 0 0 0

#Transform 171
Transform: AffineTransform_float_3_3
Parameters: 0.999994 0.00313982 0.00148591 -0.00312249 0.999929 -0.0114825 -0.00152248 0.0114766 0.999933 -0.202814 0.0430652 -1.42651
FixedParameters: 0 0 0

#Transform 172
Transform: AffineTransform_float_3_3
Parameters: 0.999996 0.00256174 0.0012693 -0.00254871 0.999944 -0.010257 -0.00129563 0.0102535 0.999946 -0.19281 0.0378595 -1.38808
FixedParameters: 0 0 0

#Transform 173
Transform: AffineTransform_float_3_3
Parameters: 0.999993 0.00333138 0.0016028 -0.00331256 0.999922 -0.0120056 -0.00164236 0.0120006 0.999927 -0.21126 0.0444553 -1.44698
FixedParameters: 0 0 0

#Transform 174
Transform: AffineTransform_float_3_3
Parameters: 0.999996 0.00271651 0.000905454 -0.00270717 0.999939 -0.0107185 -0.000934088 0.0107166 0.999942 -0.191549 -0.0248682 -1.39465
FixedParameters: 0 0 0

#Transform 175
Transform: AffineTransform_float_3_3
Parameters: 0.999996 0.00272047 0.000903395 -0.00270917 0.99992 -0.0123476 -0.000936514 0.0123444 0.999923 -0.219084 0.0156677 -1.47369
FixedParameters: 0 0 0

#Transform 176
Transform: AffineTransform_float_3_3
Parameters: 0.999997 0.00261569 0.000722371 -0.00260638 0.999928 -0.0117385 -0.000752677 0.0117364 0.999931 -0.201145 -0.0204556 -1.47222
FixedParameters: 0 0 0

#Transform 177
Transform: AffineTransform_float_3_3
Parameters: 0.999995 0.00298825 0.00117838 -0.002971 0.999901 -0.013801 -0.00121937 0.0137974 0.999904 -0.228258 -0.00865974 -1.51235
FixedParameters: 0 0 0

#Transform 178
Transform: AffineTransform_float_3_3
Parameters: 0.999997 0.00262176 0.000724616 -0.00261257 0.999921 -0.0122645 -0.00075756 0.0122624 0.999924 -0.206984 -0.0392621 -1.51016
FixedParameters: 0 0 0

#Transform 179
Transform: AffineTransform_float_3_3
Parameters: 0.999994 0.00337685 0.00145437 -0.00335493 0.999884 -0.0148312 -0.00150419 0.0148262 0.999889 -0.214665 0.0181176 -1.5646
FixedParameters: 0 0 0

#Transform 180
Transform: AffineTransform_float_3_3
Parameters: 0.999996 0.00275277 0.00133045 -0.00273369 0.999903 -0.013656 -0.00136777 0.0136517 0.999906 -0.226506 0.0135589 -1.55478
FixedParameters: 0 0 0

#Transform 181
Transform: AffineTransform_float_3_3
Parameters: 0.999995 0.00311821 0.00129577 -0.00310076 0.999909 -0.0130959 -0.00133672 0.0130918 0.999914 -0.224661 0.0141054 -1.53547
FixedParameters: 0 0 0

#Transform 182
Transform: AffineTransform_float_3_3
Parameters: 0.999995 0.00307129 0.000825107 -0.00305932 0.999893 -0.0142816 -0.000869206 0.0142786 0.999898 -0.226059 -0.0169345 -1.54578
FixedParameters: 0 0 0

#Transform 183
Transform: AffineTransform_float_3_3
Parameters: 0.999995 0.00305296 0.000830332 -0.00304079 0.999899 -0.0138874 -0.000872731 0.0138849 0.999904 -0.225877 0.0122749 -1.56709
FixedParameters: 0 0 0

#Transform 184
Transform: AffineTransform_float_3_3
Parameters: 0.999997 0.00272844 0.000330705 -0.00272431 0.999903 -0.0136561 -0.000367549 0.0136546 0.999907 -0.21676 -0.0300533 -1.5797
FixedParameters: 0 0 0

#Transform 185
Transform: AffineTransform_float_3_3
Parameters: 0.999995 0.00306956 0.000954784 -0.00305383 0.999877 -0.0154286 -0.00100212 0.0154262 0.999881 -0.232342 0.0199336 -1.61888
FixedParameters: 0 0 0

#Transform 186
Transform: AffineTransform_float_3_3
Parameters: 0.999995 0.00307905 0.000666031 -0.00306879 0.999881 -0.0151053 -0.000712737 0.0151033 0.999886 -0.224854 0.00558048 -1.64758
FixedParameters: 0 0 0

#Transform 187
Transform: AffineTransform_float_3_3
Parameters: 0.999996 0.0029236 0.000921856 -0.00291 0.999891 -0.0144656 -0.000964479 0.0144628 0.999895 -0.225084 0.0274848 -1.61528
FixedParameters: 0 0 0

#Transform 188
Transform: AffineTransform_float_3_3
Parameters: 0.999995 0.0030939 0.000712862 -0.0030821 0.999867 -0.0160224 -0.000762221 0.0160201 0.999871 -0.230822 0.0166292 -1.6649
FixedParameters: 0 0 0

#Transform 189
