#Insight Transform File V1.0
#Transform 0
Transform: AffineTransform_float_3_3
Parameters: 0.999998 0.00132155 0.00110695 -0.00132221 0.999999 0.000728167 -0.00110529 -0.000730233 0.999999 -0.00611107 0.056675 -0.00677884
FixedParameters: 0 0 0

#Transform 1
Transform: AffineTransform_float_3_3
Parameters: 0.999999 0.000807627 0.000970143 -0.000808073 0.999999 0.000741816 -0.00096921 -0.000742888 0.999999 -0.0054982 0.0160046 0.00388988
FixedParameters: 0 0 0

#Transform 2
Transform: AffineTransform_float_3_3
Parameters: 0.999999 0.000961557 0.000884745 -0.000960765 1 -0.00084956 -0.000885166 0.000848744 0.999999 -0.0383375 0.0625157 -0.0486015
FixedParameters: 0 0 0

#Transform 3
Transform: AffineTransform_float_3_3
Parameters: 0.999999 0.000714726 0.000598442 -0.000715325 1 -0.00030991 -0.000598639 0.000309926 0.999999 -0.0346092 0.00987195 -0.00503498
FixedParameters: 0 0 0

#Transform 4
Transform: AffineTransform_float_3_3
Parameters: 1 0.000637379 0.000313058 -0.000637514 1 -0.000967114 -0.000313075 0.0009676 1 -0.0221402 0.0362121 0.0100202
FixedParameters: 0 0 0

#Transform 5
Transform: AffineTransform_float_3_3
Parameters: 1 0.000616167 0.000233098 -0.000616868 0.999999 -0.00056517 -0.000233535 0.000564888 1 -0.0158606 0.012483 0.0382755
FixedParameters: 0 0 0

#Transform 6
Transform: AffineTransform_float_3_3
Parameters: 1 8.01983e-05 -0.000124431 -8.03881e-05 0.999998 -0.00168377 0.000125131 0.00168381 0.999998 0.0166169 0.127091 -0.0319067
FixedParameters: 0 0 0

#Transform 7
Transform: AffineTransform_float_3_3
Parameters: 1 -0.000100776 -8.39678e-05 0.000100557 1 -0.00112963 8.42005e-05 0.00112961 1 0.0222138 0.000246247 0.0265405
FixedParameters: 0 0 0

#Transform 8
Transform: AffineTransform_float_3_3
Parameters: 1 7.5435e-05 -1.95401e-05 -7.52716e-05 0.999998 -0.00168327 2.02573e-05 0.00168328 0.999998 0.00418878 0.0196842 0.0154308
FixedParameters: 0 0 0

#Transform 9
Transform: AffineTransform_float_3_3
Parameters: 1 -0.000282292 0.000271776 0.000282129 0.999998 -0.00206194 -0.000271308 0.00206209 0.999998 0.00852484 0.00769417 -0.00257987
FixedParameters: 0 0 0

#Transform 10
Transform: AffineTransform_float_3_3
Parameters: 1 -0.000444967 0.000269365 0.000445651 0.999997 -0.00239741 -0.000269145 0.00239763 0.999997 0.017391 0.0523696 -0.0713871
FixedParameters: 0 0 0

#Transform 11
Transform: AffineTransform_float_3_3
Parameters: 1 -0.000222747 -5.88088e-05 0.000222673 1 -0.00062753 5.90883e-05 0.000627504 1 0.0110484 0.0252412 -0.0438429
FixedParameters: 0 0 0

#Transform 12
Transform: AffineTransform_float_3_3
Parameters: 1 0.000149986 0.00025643 -0.000150082 0.999999 -0.0018081 -0.000256702 0.00180803 0.999999 -0.00713209 0.064605 -0.0750694
FixedParameters: 0 0 0

#Transform 13
Transform: AffineTransform_float_3_3
Parameters: 1 4.80429e-05 -0.000123288 -4.81061e-05 1 -0.00118679 0.000124145 0.00118682 1 -0.00053431 0.0496231 -0.0987486
FixedParameters: 0 0 0

#Transform 14
Transform: AffineTransform_float_3_3
Parameters: 1 0.000112662 -0.000135337 -0.000112851 0.999999 -0.00154383 0.00013596 0.00154387 0.999999 -0.0144934 0.0369617 -0.10207
FixedParameters: 0 0 0

#Transform 15
Transform: AffineTransform_float_3_3
Parameters: 1 9.3337e-05 0.000236411 -9.37374e-05 0.999999 -0.00125646 -0.000236381 0.00125643 0.999999 -0.00119996 0.0168686 -0.0634059
FixedParameters: 0 0 0

#Transform 16
Transform: AffineTransform_float_3_3
Parameters: 1 -1.34143e-05 -0.000110582 1.32082e-05 0.999999 -0.00093175 0.000110607 0.000931747 0.999999 -0.00408893 0.0416539 -0.0531505
FixedParameters: 0 0 0

#Transform 17
Transform: AffineTransform_float_3_3
Parameters: 1 0.00013827 0.000211777 -0.000138647 0.999999 -0.00145673 -0.000211916 0.00145668 0.999999 -0.00752568 0.00651374 -0.0536068
FixedParameters: 0 0 0

#Transform 18
Transform: AffineTransform_float_3_3
Parameters: 1 2.16098e-05 0.00023416 -2.11758e-05 0.999999 -0.000926636 -0.0002342 0.000926626 0.999999 -0.00705325 0.0363946 -0.030255
FixedParameters: 0 0 0

#Transform 19
Transform: AffineTransform_float_3_3
Parameters: 1 9.87289e-05 6.31819e-05 -9.86113e-05 0.999999 -0.000928924 -6.33652e-05 0.000928911 0.999999 -0.00665843 0.0540036 -0.0204403
FixedParameters: 0 0 0

#Transform 20
Transform: AffineTransform_float_3_3
Parameters: 1 7.92115e-05 -1.41803e-05 -7.92074e-05 1 0.00014502 1.42033e-05 -0.000145018 1 -0.00516644 -0.000430785 0.00134764
FixedParameters: 0 0 0

#Transform 21
Transform: AffineTransform_float_3_3
Parameters: 1 -0.000140536 -8.01329e-05 0.000140427 1 -0.000681627 8.03244e-05 0.000681604 1 0.00178241 0.102392 -0.0536478
FixedParameters: 0 0 0

#Transform 22
Transform: AffineTransform_float_3_3
Parameters: 1 -0.00030773 2.13449e-05 0.000307721 1 0.000217528 -2.14788e-05 -0.000217515 1 0.0046193 0.0362144 -0.0163301
FixedParameters: 0 0 0

#Transform 23
Transform: AffineTransform_float_3_3
Parameters: 1 -0.000160064 -7.6165e-05 0.000159972 1 -0.000597613 7.63563e-05 0.000597588 1 0.00891117 0.0563235 -0.0285074
FixedParameters: 0 0 0

#Transform 24
Transform: AffineTransform_float_3_3
Parameters: 1 -0.000241445 -6.74507e-05 0.000241739 1 0.000254389 6.82934e-05 -0.000254409 1 0.0102226 0.00406264 -0.0219913
FixedParameters: 0 0 0

#Transform 25
Transform: AffineTransform_float_3_3
Parameters: 1 -0.000108711 5.39509e-05 0.00010871 1 8.50526e-06 -5.39527e-05 -8.49353e-06 1 0.00112444 0.0600216 -0.0244052
FixedParameters: 0 0 0

#Transform 26
Transform: AffineTransform_float_3_3
Parameters: 1 -0.000391009 -1.49823e-05 0.000390992 1 -0.00053032 1.5397e-05 0.000530309 1 0.00920586 0.0697212 -0.0680032
FixedParameters: 0 0 0

#Transform 27
Transform: AffineTransform_float_3_3
Parameters: 1 -0.000248677 0.00020954 0.000248504 1 0.000413494 -0.000209745 -0.00041339 1 -0.0015188 0.0484545 -0.0497689
FixedParameters: 0 0 0

#Transform 28
Transform: AffineTransform_float_3_3
Parameters: 1 -8.20019e-06 0.000145866 8.41139e-06 0.999999 -0.000723974 -0.000145854 0.000723976 0.999999 -0.00681655 0.078383 -0.0845024
FixedParameters: 0 0 0

#Transform 29
Transform: AffineTransform_float_3_3
Parameters: 1 -0.000198002 0.000558753 0.000198126 0.999999 0.000985089 -0.00055844 -0.00098436 1 0.007363 0.015205 -0.0436209
FixedParameters: 0 0 0

#Transform 30
Transform: AffineTransform_float_3_3
Parameters: 1 -0.00021177 0.000215401 0.000211943 1 -0.000400421 -0.000215231 0.000400512 1 -0.00553321 0.0957304 -0.077919
FixedParameters: 0 0 0

#Transform 31
Transform: AffineTransform_float_3_3
Parameters: 1 -0.000351921 -4.00472e-05 0.000352213 1 0.000399516 4.07315e-05 -0.000399531 1 0.00261607 0.0520786 -0.0771342
FixedParameters: 0 0 0

#Transform 32
Transform: AffineTransform_float_3_3
Parameters: 1 -0.00016948 1.43736e-05 0.000169466 1 0.000476817 -1.45352e-05 -0.000476812 1 -0.0046774 0.104443 -0.0836749
FixedParameters: 0 0 0

#Transform 33
Transform: AffineTransform_float_3_3
Parameters: 1 4.56334e-05 -0.00013722 -4.56959e-05 1 -0.000227897 0.0001372 0.00022791 1 -0.00524491 0.0810519 -0.110502
FixedParameters: 0 0 0

#Transform 34
Transform: AffineTransform_float_3_3
Parameters: 1 -6.45591e-05 0.000116136 6.44556e-05 1 0.000445578 -0.000116193 -0.000445563 1 -0.00620295 0.0808197 -0.0835999
FixedParameters: 0 0 0

#Transform 35
Transform: AffineTransform_float_3_3
Parameters: 1 -0.00015032 -8.98581e-05 0.000150341 1 0.000120292 8.98219e-05 -0.000120319 1 -0.00366767 0.0793791 -0.101466
FixedParameters: 0 0 0

#Transform 36
Transform: AffineTransform_float_3_3
Parameters: 1 -0.000225443 0.0001313 0.000225138 1 0.00104847 -0.000131767 -0.00104841 1 -0.00758186 0.0375354 -0.0956412
FixedParameters: 0 0 0

#Transform 37
Transform: AffineTransform_float_3_3
Parameters: 1 4.62526e-05 -0.000133647 -4.61202e-05 1 -0.000473871 0.000134569 0.000473897 1 -0.00500556 0.0619109 -0.125965
FixedParameters: 0 0 0

#Transform 38
Transform: AffineTransform_float_3_3
Parameters: 1 -0.000161848 8.66682e-05 0.000161641 1 0.00102596 -8.69948e-05 -0.00102594 1 -0.00471957 0.0512016 -0.128571
FixedParameters: 0 0 0

#Transform 39
Transform: AffineTransform_float_3_3
Parameters: 1 -0.000160715 -8.56922e-05 0.00016072 1 3.13154e-05 8.56822e-05 -3.13429e-05 1 0.0149025 0.0508574 -0.147213
FixedParameters: 0 0 0

#Transform 40
Transform: AffineTransform_float_3_3
Parameters: 1 4.33331e-05 -0.000150588 -4.31246e-05 1 0.000692001 0.000150648 -0.000691988 0.999999 0.0135033 0.0341652 -0.148411
FixedParameters: 0 0 0

#Transform 41
Transform: AffineTransform_float_3_3
Parameters: 1 4.39507e-05 -0.000146984 -4.38202e-05 1 0.000444029 0.000147023 -0.000444016 1 0.0133033 0.0493793 -0.138011
FixedParameters: 0 0 0

#Transform 42
Transform: AffineTransform_float_3_3
Parameters: 1 -1.42583e-05 -0.000127074 1.42997e-05 1 0.000163126 0.00012707 -0.00016313 1 0.013781 0.0422496 -0.143913
FixedParameters: 0 0 0

#Transform 43
Transform: AffineTransform_float_3_3
Parameters: 1 -4.5196e-06 -0.000328937 3.99346e-06 1 0.000667268 0.000329191 -0.000667264 0.999999 0.014379 0.0996815 -0.151871
FixedParameters: 0 0 0

#Transform 44
Transform: AffineTransform_float_3_3
Parameters: 1 -7.31953e-05 -0.000105569 7.31517e-05 1 -0.000206763 0.000105599 0.000206747 1 0.0141229 0.0502099 -0.166746
FixedParameters: 0 0 0

#Transform 45
Transform: AffineTransform_float_3_3
Parameters: 1 -4.486e-05 -0.000122876 4.49647e-05 1 0.000426132 0.000122838 -0.000426143 1 0.00520795 0.0404221 -0.138196
FixedParameters: 0 0 0

#Transform 46
Transform: AffineTransform_float_3_3
Parameters: 1 -4.29253e-05 -0.000275172 4.29198e-05 1 -1.01369e-05 0.000275173 1.01133e-05 1 0.0230189 0.0606802 -0.275925
FixedParameters: 0 0 0

#Transform 47
Transform: AffineTransform_float_3_3
Parameters: 1 4.52792e-05 -0.000139269 -4.53034e-05 1 -8.69129e-05 0.000139261 8.69255e-05 1 0.0127137 0.070774 -0.249158
FixedParameters: 0 0 0

#Transform 48
Transform: AffineTransform_float_3_3
Parameters: 1 -5.01645e-09 -0.000309848 1.8195e-07 1 0.000285515 0.000309848 -0.000285515 1 0.0180619 0.0110085 -0.210064
FixedParameters: 0 0 0

#Transform 49
Transform: AffineTransform_float_3_3
Parameters: 1 -5.46016e-05 -0.000514395 5.41183e-05 1 0.000468384 0.000514604 -0.000468434 1 0.012858 0.0537737 -0.202042
FixedParameters: 0 0 0

#Transform 50
Transform: AffineTransform_float_3_3
Parameters: 1 -6.16387e-05 -0.000537395 6.16322e-05 1 -6.02887e-06 0.000537396 5.96262e-06 1 0.0169077 0.0664029 -0.253358
FixedParameters: 0 0 0

#Transform 51
Transform: AffineTransform_float_3_3
Parameters: 1 -8.66308e-05 -0.000640727 8.7485e-05 0.999999 0.00144254 0.00064074 -0.00144264 0.999999 0.0129543 0.0575672 -0.223269
FixedParameters: 0 0 0

#Transform 52
Transform: AffineTransform_float_3_3
Parameters: 1 -0.000104645 -0.000694049 0.000104015 1 -0.000453514 0.000694144 0.000453369 0.999999 0.0250119 0.0912906 -0.283854
FixedParameters: 0 0 0

#Transform 53
Transform: AffineTransform_float_3_3
Parameters: 0.999999 0.000273299 -0.000689983 -0.000272498 1 0.000579916 0.000690299 -0.000579539 0.999999 -0.00117627 0.0509443 -0.243336
FixedParameters: 0 0 0

#Transform 54
Transform: AffineTransform_float_3_3
Parameters: 1 -0.000122865 -0.000565336 0.000122311 1 -0.000489687 0.000565456 0.000489549 0.999999 0.0176395 0.0777708 -0.255982
FixedParameters: 0 0 0

#Transform 55
Transform: AffineTransform_float_3_3
Parameters: 0.999999 -0.00012303 -0.000763044 0.000122483 1 -0.000358579 0.000763132 0.000358392 0.999999 0.0296483 0.0265373 -0.243939
FixedParameters: 0 0 0

#Transform 56
Transform: AffineTransform_float_3_3
Parameters: 1 -0.000673984 -0.000883291 0.000674341 1 0.000188953 0.000883015 -0.000188777 1 0.0620678 0.0523789 -0.218923
FixedParameters: 0 0 0

#Transform 57
Transform: AffineTransform_float_3_3
Parameters: 0.999999 -0.000677866 -0.0010529 0.000676864 0.999999 -0.000947715 0.00105391 0.000946783 0.999999 0.0634339 0.0552203 -0.279438
FixedParameters: 0 0 0

#Transform 58
Transform: AffineTransform_float_3_3
Parameters: 0.999999 -0.000528436 -0.000681116 0.000528137 0.999999 -0.000737522 0.000680667 0.000737284 1 0.0587992 0.0599063 -0.284174
FixedParameters: 0 0 0

#Transform 59
Transform: AffineTransform_float_3_3
Parameters: 1 -0.000568464 -0.000794394 0.000567898 0.999999 -0.00081838 0.00079409 0.000817959 1 0.0606719 0.0300387 -0.274093
FixedParameters: 0 0 0

#Transform 60
Transform: AffineTransform_float_3_3
Parameters: 0.999999 -0.000521161 -0.000667262 0.000519511 1 -0.00102057 0.000667364 0.00101986 1 0.0586188 0.0637279 -0.298379
FixedParameters: 0 0 0

#Transform 61
Transform: AffineTransform_float_3_3
Parameters: 1 -0.000241898 -0.000541548 0.000241293 1 -0.000557726 0.000541817 0.000557464 0.999999 0.0516596 0.0419447 -0.271128
FixedParameters: 0 0 0

#Transform 62
Transform: AffineTransform_float_3_3
Parameters: 1 4.64098e-05 -0.000615022 -4.64743e-05 0.999999 -0.000836654 0.000614682 0.000837206 1 0.0258985 0.0350185 -0.256846
FixedParameters: 0 0 0

#Transform 63
Transform: AffineTransform_float_3_3
Parameters: 1 -7.68862e-05 -0.000593867 7.68377e-05 1 -4.09086e-05 0.000593874 4.08173e-05 1 0.0390344 0.0424317 -0.249758
FixedParameters: 0 0 0

#Transform 64
Transform: AffineTransform_float_3_3
Parameters: 1 -7.50259e-05 -0.000580685 7.39325e-05 0.999999 -0.000940557 0.000580823 0.000940971 1 0.0282667 0.0620913 -0.27191
FixedParameters: 0 0 0

#Transform 65
Transform: AffineTransform_float_3_3
Parameters: 1 -7.69109e-05 -0.000594043 7.68766e-05 1 -2.89099e-05 0.000594048 2.88186e-05 1 0.030409 0.0423637 -0.248984
FixedParameters: 0 0 0

#Transform 66
Transform: AffineTransform_float_3_3
Parameters: 0.999999 3.47726e-05 -0.00090384 -3.63046e-05 0.999999 -0.000846887 0.000903777 0.000847453 0.999999 0.0049923 0.0658485 -0.263083
FixedParameters: 0 0 0

#Transform 67
Transform: AffineTransform_float_3_3
Parameters: 0.999999 0.000240996 -0.000890436 -0.000240738 1 -0.000542184 0.000890881 0.00054262 0.999999 0.00277604 0.0532172 -0.306999
FixedParameters: 0 0 0

#Transform 68
Transform: AffineTransform_float_3_3
Parameters: 1 -7.56504e-05 -0.000585092 7.49016e-05 1 -0.000639841 0.000585189 0.000639753 0.999999 0.00293273 0.104712 -0.29225
FixedParameters: 0 0 0

#Transform 69
Transform: AffineTransform_float_3_3
Parameters: 0.999999 -0.0001277 -0.000777132 0.000126487 0.999999 -0.000779597 0.000777328 0.000779901 1 0.0171478 0.0422514 -0.284292
FixedParameters: 0 0 0

#Transform 70
Transform: AffineTransform_float_3_3
Parameters: 0.999999 -0.000172398 -0.00072365 0.000171426 0.999999 -0.00132221 0.000723864 0.00132109 0.999999 0.00534195 0.0784029 -0.344046
FixedParameters: 0 0 0

#Transform 71
Transform: AffineTransform_float_3_3
Parameters: 1 -7.25559e-05 -0.000563238 7.10616e-05 0.999997 -0.00213167 0.000563295 0.00213159 0.999997 0.0170734 0.121875 -0.34455
FixedParameters: 0 0 0

#Transform 72
Transform: AffineTransform_float_3_3
Parameters: 0.999999 3.38783e-05 -0.000906284 -3.55228e-05 0.999999 -0.00142717 0.000905944 0.00142637 0.999998 0.0170944 0.0712653 -0.367004
FixedParameters: 0 0 0

#Transform 73
Transform: AffineTransform_float_3_3
Parameters: 1 0.000300662 -0.000999028 -0.000301595 1 -0.00108251 0.000999096 0.00108225 0.999999 -0.00898675 0.0672557 -0.3378
FixedParameters: 0 0 0

#Transform 74
Transform: AffineTransform_float_3_3
Parameters: 0.999999 0.000293711 -0.000673415 -0.000294398 0.999999 -0.00139799 0.000673304 0.00139839 0.999999 -0.00175915 0.069294 -0.374124
FixedParameters: 0 0 0

#Transform 75
Transform: AffineTransform_float_3_3
Parameters: 0.999999 0.000260661 -0.000666188 -0.000261427 0.999999 -0.00128291 0.000665278 0.00128239 0.999999 0.000509918 0.0780943 -0.336434
FixedParameters: 0 0 0

#Transform 76
Transform: AffineTransform_float_3_3
Parameters: 1 0.000328923 -0.000518786 -0.000329028 1 -0.00100956 0.000517882 0.00100903 1 -0.0185514 0.0357784 -0.338192
FixedParameters: 0 0 0

#Transform 77
Transform: AffineTransform_float_3_3
Parameters: 0.999999 0.00032214 -0.000692422 -0.00032301 0.999999 -0.000632012 0.000692028 0.000631594 0.999999 -0.0125702 0.080495 -0.330538
FixedParameters: 0 0 0

#Transform 78
Transform: AffineTransform_float_3_3
Parameters: 1 0.000298239 -0.000361503 -0.000298067 0.999999 -0.00141552 0.000361371 0.00141574 0.999999 0.000962173 0.0379662 -0.365297
FixedParameters: 0 0 0

#Transform 79
Transform: AffineTransform_float_3_3
Parameters: 1 0.000344186 -0.000316943 -0.000344332 1 -0.000230623 0.000316784 0.000230841 1 -0.00292631 0.0637364 -0.309181
FixedParameters: 0 0 0

#Transform 80
Transform: AffineTransform_float_3_3
Parameters: 0.999999 0.000576074 -0.000546824 -0.000576735 0.999999 -0.00167355 0.000545614 0.00167369 0.999998 -0.0121742 0.0729371 -0.327872
FixedParameters: 0 0 0

#Transform 81
Transform: AffineTransform_float_3_3
Parameters: 1 0.000668537 -5.69822e-05 -0.000668598 0.999999 -0.000534075 5.6268e-05 0.000534151 1 -0.0155848 0.108879 -0.328694
FixedParameters: 0 0 0

#Transform 82
Transform: AffineTransform_float_3_3
Parameters: 0.999999 0.000687694 -0.000778999 -0.00068877 0.999998 -0.00146207 0.000777712 0.00146229 0.999999 -0.0175978 0.0891845 -0.299985
FixedParameters: 0 0 0

#Transform 83
Transform: AffineTransform_float_3_3
Parameters: 1 0.000660384 -0.000781245 -0.0006604 1 -0.000794454 0.000780904 0.000794991 0.999999 -0.0304829 0.0871209 -0.304404
FixedParameters: 0 0 0

#Transform 84
Transform: AffineTransform_float_3_3
Parameters: 0.999999 0.00067634 -0.000283335 -0.000677105 0.999999 -0.00170932 0.000281998 0.00170971 0.999999 -0.02708 0.0197303 -0.303293
FixedParameters: 0 0 0

#Transform 85
Transform: AffineTransform_float_3_3
Parameters: 1 0.000339992 0.000171288 -0.000339626 1 -0.00115078 -0.000172065 0.00115067 1 0.00139614 0.0118414 -0.278967
FixedParameters: 0 0 0

#Transform 86
Transform: AffineTransform_float_3_3
Parameters: 1 0.000274018 -7.20633e-05 -0.000273982 0.999999 -0.00135045 7.22942e-05 0.0013505 0.999999 -0.00328673 0.0222666 -0.256529
FixedParameters: 0 0 0

#Transform 87
Transform: AffineTransform_float_3_3
Parameters: 1 0.000124745 -0.00062078 -0.000126149 0.999999 -0.00186184 0.000620064 0.00186199 0.999998 0.00189801 0.0607433 -0.287338
FixedParameters: 0 0 0

#Transform 88
Transform: AffineTransform_float_3_3
Parameters: 1 0.000256165 -0.00013833 -0.000256555 0.999999 -0.00130744 0.000137665 0.00130751 0.999999 -0.0117598 0.0480471 -0.280461
FixedParameters: 0 0 0

#Transform 89
Transform: AffineTransform_float_3_3
Parameters: 1 0.000257233 -0.000131707 -0.000257773 0.999999 -0.0018374 0.000130771 0.00183747 0.999999 -0.019024 0.0765746 -0.304525
FixedParameters: 0 0 0

#Transform 90
Transform: AffineTransform_float_3_3
Parameters: 1 0.000631224 3.87724e-05 -0.000630881 0.999999 -0.00143393 -3.96112e-05 0.0014339 0.999999 -0.0243507 0.0584918 -0.314539
FixedParameters: 0 0 0

#Transform 91
Transform: AffineTransform_float_3_3
Parameters: 0.999999 0.000710465 0.000178184 -0.000709767 0.999999 -0.00130978 -0.000179073 0.00130954 0.999999 -0.0283811 0.0726586 -0.302995
FixedParameters: 0 0 0

#Transform 92
Transform: AffineTransform_float_3_3
Parameters: 0.999999 0.000898973 -7.08062e-05 -0.0008999 0.999998 -0.00136972 6.95726e-05 0.00136986 0.999999 -0.0227017 0.0189238 -0.316745
FixedParameters: 0 0 0

#Transform 93
Transform: AffineTransform_float_3_3
Parameters: 0.999999 0.000789632 2.20307e-05 -0.000789366 0.999999 -0.000161622 -2.13202e-05 0.000161601 1 -0.0242342 0.0463291 -0.295354
FixedParameters: 0 0 0

#Transform 94
Transform: AffineTransform_float_3_3
Parameters: 1 0.000666053 9.32915e-05 -0.000666174 0.999997 -0.00205014 -9.38214e-05 0.00205005 0.999998 -0.0094525 0.0768721 -0.328729
FixedParameters: 0 0 0

#Transform 95
Transform: AffineTransform_float_3_3
Parameters: 1 0.00093446 -0.000316019 -0.00093373 0.999999 -0.00119295 0.000315461 0.00119357 0.999999 -0.0278818 0.0264141 -0.296959
FixedParameters: 0 0 0

#Transform 96
Transform: AffineTransform_float_3_3
Parameters: 1 0.00104606 -0.000354453 -0.00104623 0.999999 -0.000607334 0.00035415 0.000607587 1 -0.0259612 0.0952609 -0.331885
FixedParameters: 0 0 0

#Transform 97
Transform: AffineTransform_float_3_3
Parameters: 1 0.0010973 -0.000164787 -0.0010972 0.999999 -0.000493613 0.000164672 0.000493487 1 -0.0266471 0.04412 -0.316858
FixedParameters: 0 0 0

#Transform 98
Transform: AffineTransform_float_3_3
Parameters: 1 0.00112309 -6.66589e-05 -0.00112272 0.999999 -0.00111203 6.60925e-05 0.0011122 1 -0.0577088 0.0107968 -0.312733
FixedParameters: 0 0 0

#Transform 99
Transform: AffineTransform_float_3_3
Parameters: 1 0.00113042 -4.31875e-05 -0.00113043 1 -0.00012885 4.2899e-05 0.000128446 1 -0.0483636 -0.0273308 -0.304944
FixedParameters: 0 0 0

#Transform 100
Transform: AffineTransform_float_3_3
Parameters: 1 0.00104612 -0.000354074 -0.00104631 0.999999 -0.000635331 0.000353712 0.000635584 1 -0.0551818 0.0423964 -0.316592
FixedParameters: 0 0 0

#Transform 101
Transform: AffineTransform_float_3_3
Parameters: 1 0.00104723 -0.00034757 -0.00104749 0.999999 -0.00111604 0.000347162 0.00111679 1 -0.0556523 0.0717306 -0.34877
FixedParameters: 0 0 0

#Transform 102
Transform: AffineTransform_float_3_3
Parameters: 1 0.00113421 -2.78085e-05 -0.00113423 0.999999 -0.000482667 2.67165e-05 0.000482227 1 -0.0566688 0.0889462 -0.339667
FixedParameters: 0 0 0

#Transform 103
Transform: AffineTransform_float_3_3
Parameters: 1 0.00115163 3.81713e-05 -0.0011513 0.999999 -0.000865771 -3.91964e-05 0.000865194 0.999999 -0.0597308 0.0723144 -0.312949
FixedParameters: 0 0 0

#Transform 104
Transform: AffineTransform_float_3_3
Parameters: 1 0.0011196 -8.17116e-05 -0.00111943 0.999999 -0.00056744 8.14094e-05 0.000567134 1 -0.0580346 0.0367131 -0.315268
FixedParameters: 0 0 0

#Transform 105
Transform: AffineTransform_float_3_3
Parameters: 1 0.0010979 -0.000161526 -0.00109789 0.999999 -0.000735658 0.000160864 0.000736389 0.999999 -0.0571989 0.0425992 -0.300037
FixedParameters: 0 0 0

#Transform 106
Transform: AffineTransform_float_3_3
Parameters: 1 0.00119469 0.000198923 -0.00119393 0.999998 -0.00126136 -0.000200985 0.00126176 0.999999 -0.0619951 0.111833 -0.351522
FixedParameters: 0 0 0

#Transform 107
Transform: AffineTransform_float_3_3
Parameters: 1 0.00112698 -5.456e-05 -0.00112703 0.999999 -0.000504048 5.34267e-05 0.000503668 1 -0.0584031 0.0397473 -0.333413
FixedParameters: 0 0 0

#Transform 108
Transform: AffineTransform_float_3_3
Parameters: 1 0.00116142 7.49898e-05 -0.00116101 0.999999 -0.00101902 -7.63906e-05 0.00101885 1 -0.0582007 0.0770415 -0.340939
FixedParameters: 0 0 0

#Transform 109
Transform: AffineTransform_float_3_3
Parameters: 1 0.00115882 6.53362e-05 -0.00115816 0.999999 -0.00101915 -6.57662e-05 0.00101903 1 -0.0597047 0.0466394 -0.345944
FixedParameters: 0 0 0

#Transform 110
Transform: AffineTransform_float_3_3
Parameters: 0.999999 0.00122683 0.00031321 -0.00122659 0.999999 0.000737177 -0.000312637 -0.000737601 0.999999 -0.065356 0.0464804 -0.30489
FixedParameters: 0 0 0

#Transform 111
Transform: AffineTransform_float_3_3
Parameters: 0.999999 0.00136318 3.23073e-05 -0.00136285 0.999998 -0.00112107 -3.43977e-05 0.00112099 1 -0.0741812 0.0644781 -0.33085
FixedParameters: 0 0 0

#Transform 112
Transform: AffineTransform_float_3_3
Parameters: 0.999999 0.00143733 6.46821e-05 -0.00143792 0.999998 -0.000940495 -6.61761e-05 0.000941192 1 -0.06268 0.059928 -0.339854
FixedParameters: 0 0 0

#Transform 113
Transform: AffineTransform_float_3_3
Parameters: 1 0.00118416 0.000156289 -0.00118416 1 -2.40925e-05 -0.000156358 2.40859e-05 1 -0.0768937 0.0824101 -0.34769
FixedParameters: 0 0 0

#Transform 114
Transform: AffineTransform_float_3_3
Parameters: 0.999999 0.00139177 0.000166446 -0.0013917 0.999999 -0.00022546 -0.000167085 0.000225359 1 -0.0661205 0.0428484 -0.326817
FixedParameters: 0 0 0

#Transform 115
Transform: AffineTransform_float_3_3
Parameters: 1 0.00119355 0.000194832 -0.00119278 0.999998 -0.00131642 -0.000197023 0.00131683 0.999999 -0.0614266 0.0705209 -0.360667
FixedParameters: 0 0 0

#Transform 116
Transform: AffineTransform_float_3_3
Parameters: 1 0.00110454 -0.000138853 -0.00110461 1 -0.000268222 0.000138263 0.000268026 1 -0.0659129 0.058795 -0.337033
FixedParameters: 0 0 0

#Transform 117
Transform: AffineTransform_float_3_3
Parameters: 0.999999 0.00138097 -0.000129408 -0.00138092 0.999998 -0.000787373 0.000128202 0.000787241 0.999999 -0.0762845 0.0835685 -0.347643
FixedParameters: 0 0 0

#Transform 118
Transform: AffineTransform_float_3_3
Parameters: 0.999998 0.00172371 -0.000200685 -0.00172359 0.999999 -0.000283542 0.000200684 0.000283244 1 -0.0805517 0.0350548 -0.360091
FixedParameters: 0 0 0

#Transform 119
Transform: AffineTransform_float_3_3
Parameters: 0.999999 0.00136157 -0.000368068 -0.00136191 0.999999 -0.000453549 0.000366834 0.000454049 1 -0.0588509 0.0659241 -0.381945
FixedParameters: 0 0 0

#Transform 120
Transform: AffineTransform_float_3_3
Parameters: 0.999999 0.00150905 -0.000180635 -0.00150898 0.999999 0.000201402 0.000181245 -0.000201358 1 -0.06505 0.019555 -0.369829
FixedParameters: 0 0 0

#Transform 121
Transform: AffineTransform_float_3_3
Parameters: 0.999999 0.00136248 -1.91009e-05 -0.00136223 0.999999 -0.000316925 1.9206e-05 0.000316489 1 -0.0531616 0.0800733 -0.367715
FixedParameters: 0 0 0

#Transform 122
Transform: AffineTransform_float_3_3
Parameters: 0.999999 0.0012621 0.000271439 -0.001262 0.999999 -0.00101021 -0.000271813 0.00101042 1 -0.0506416 0.0571997 -0.388991
FixedParameters: 0 0 0

#Transform 123
Transform: AffineTransform_float_3_3
Parameters: 0.999999 0.00123582 -6.10721e-05 -0.00123565 0.999999 -0.000726928 6.02289e-05 0.000727455 0.999999 -0.0600175 0.0822723 -0.360173
FixedParameters: 0 0 0

#Transform 124
Transform: AffineTransform_float_3_3
Parameters: 0.999999 0.00123854 -4.85413e-05 -0.00123818 0.999999 -0.00137675 4.70708e-05 0.00137639 0.999999 -0.0601767 0.0891166 -0.372021
FixedParameters: 0 0 0

#Transform 125
Transform: AffineTransform_float_3_3
Parameters: 0.999999 0.00133341 0.000300074 -0.00133319 0.999999 -0.000362848 -0.000301053 0.00036241 1 -0.0639668 0.0818024 -0.37613
FixedParameters: 0 0 0

#Transform 126
Transform: AffineTransform_float_3_3
Parameters: 0.999999 0.00133552 0.000309499 -0.00133556 0.999998 -0.00107453 -0.000311158 0.00107459 0.999999 -0.0643036 0.101636 -0.401309
FixedParameters: 0 0 0

#Transform 127
Transform: AffineTransform_float_3_3
Parameters: 0.999999 0.00118422 0.00033794 -0.00118408 0.999999 -0.000200609 -0.000338411 0.000199307 1 -0.0619199 0.0248268 -0.353632
FixedParameters: 0 0 0

#Transform 128
Transform: AffineTransform_float_3_3
Parameters: 0.999999 0.00133371 0.000301438 -0.00133344 0.999999 -0.000465839 -0.000302691 0.000465397 1 -0.0472145 0.07983 -0.375921
FixedParameters: 0 0 0

#Transform 129
Transform: AffineTransform_float_3_3
Parameters: 1 0.00109658 0.000376323 -0.00109636 0.999998 -0.00123614 -0.000377808 0.00123533 0.999999 -0.0438256 0.0818155 -0.397358
FixedParameters: 0 0 0

#Transform 130
Transform: AffineTransform_float_3_3
Parameters: 0.999999 0.00114606 0.000462096 -0.00114665 1 -0.000416116 -0.000462801 0.000415426 0.999999 -0.0404235 0.0495258 -0.368667
FixedParameters: 0 0 0

#Transform 131
Transform: AffineTransform_float_3_3
Parameters: 0.999999 0.00114707 0.000670506 -0.00114621 0.999999 -0.00117414 -0.000671986 0.00117348 0.999999 -0.0469971 0.109095 -0.370451
FixedParameters: 0 0 0

#Transform 132
Transform: AffineTransform_float_3_3
Parameters: 0.999999 0.00119652 0.000622953 -0.00119561 0.999999 -0.000737636 -0.000624731 0.000737009 1 -0.0464629 0.0559313 -0.344415
FixedParameters: 0 0 0

#Transform 133
Transform: AffineTransform_float_3_3
Parameters: 0.999999 0.00124224 0.000661793 -0.00124239 0.999999 -0.000621012 -0.000663089 0.000620238 1 -0.0471863 0.059536 -0.326369
FixedParameters: 0 0 0

#Transform 134
Transform: AffineTransform_float_3_3
Parameters: 0.999999 0.00122888 0.000750948 -0.00122879 0.999998 -0.0011729 -0.000752359 0.00117194 0.999999 -0.0281647 0.0618452 -0.368099
FixedParameters: 0 0 0

#Transform 135
Transform: AffineTransform_float_3_3
Parameters: 0.999999 0.00118474 0.000647922 -0.00118435 1 -0.000305285 -0.000648659 0.000304614 1 -0.0284273 0.0939034 -0.373627
FixedParameters: 0 0 0

#Transform 136
Transform: AffineTransform_float_3_3
Parameters: 0.999999 0.00107277 0.000820823 -0.00107158 1 -0.000724215 -0.000822389 0.000723318 1 -0.0281406 0.0572612 -0.376837
FixedParameters: 0 0 0

#Transform 137
Transform: AffineTransform_float_3_3
Parameters: 0.999999 0.00120665 0.000864167 -0.00120577 0.999999 -0.000919406 -0.000865173 0.000918205 0.999999 -0.011341 0.063885 -0.397077
FixedParameters: 0 0 0

#Transform 138
Transform: AffineTransform_float_3_3
Parameters: 1 0.000941197 0.000678242 -0.000940212 0.999999 -0.00051713 -0.000678271 0.000517233 1 -0.0293113 0.0563426 -0.371743
FixedParameters: 0 0 0

#Transform 139
Transform: AffineTransform_float_3_3
Parameters: 1 0.00103353 0.000519608 -0.00103247 0.999998 -0.00173046 -0.000521967 0.00173027 0.999998 -0.0175075 0.0416157 -0.388595
FixedParameters: 0 0 0

#Transform 140
Transform: AffineTransform_float_3_3
Parameters: 1 0.00091964 0.000778332 -0.000919804 0.999999 0.000120007 -0.00077813 -0.000120573 0.999999 -0.00828611 0.0971826 -0.380839
FixedParameters: 0 0 0

#Transform 141
Transform: AffineTransform_float_3_3
Parameters: 0.999999 0.000837272 0.000950389 -0.000834788 0.999999 -0.00169496 -0.000952006 0.00169426 0.999998 -0.00803837 0.111613 -0.4065
FixedParameters: 0 0 0

#Transform 142
Transform: AffineTransform_float_3_3
Parameters: 1 0.000717666 0.000883434 -0.000715608 0.999998 -0.00156376 -0.000884452 0.00156302 0.999999 -0.00230182 0.0230008 -0.418155
FixedParameters: 0 0 0

#Transform 143
Transform: AffineTransform_float_3_3
Parameters: 1 0.000704915 0.000835239 -0.000704127 0.999999 -0.000455345 -0.000835887 0.000454669 1 -0.0020647 0.0380122 -0.382279
FixedParameters: 0 0 0

#Transform 144
Transform: AffineTransform_float_3_3
Parameters: 1 0.000699741 0.00081727 -0.000697727 0.999998 -0.00166579 -0.000818389 0.00166603 0.999998 -0.0141378 0.0662174 -0.395329
FixedParameters: 0 0 0

#Transform 145
Transform: AffineTransform_float_3_3
Parameters: 1 0.00095115 0.000700178 -0.000951015 0.999999 -0.000786019 -0.000701413 0.000784692 1 -0.0185332 0.0175885 -0.408432
FixedParameters: 0 0 0

#Transform 146
Transform: AffineTransform_float_3_3
Parameters: 0.999999 0.000928443 0.000857955 -0.000928014 1 -0.00081498 -0.000859222 0.000814258 0.999999 -0.0102909 0.0627553 -0.386533
FixedParameters: 0 0 0

#Transform 147
Transform: AffineTransform_float_3_3
Parameters: 0.999999 0.000978534 0.0011088 -0.000977427 0.999999 -0.00125527 -0.00110979 0.00125449 0.999999 -0.0102143 0.024617 -0.410406
FixedParameters: 0 0 0

#Transform 148
Transform: AffineTransform_float_3_3
Parameters: 0.999999 0.00103774 0.0010903 -0.00103706 0.999999 -0.00108341 -0.00109108 0.00108254 0.999999 -0.0151112 0.0516081 -0.377585
FixedParameters: 0 0 0

#Transform 149
Transform: AffineTransform_float_3_3
Parameters: 0.999999 0.00119119 0.00103736 -0.00119155 0.999999 -0.000282805 -0.00103779 0.000281706 1 -0.00845544 0.033245 -0.375834
FixedParameters: 0 0 0

#Transform 150
Transform: AffineTransform_float_3_3
Parameters: 0.999999 0.00112954 0.00106209 -0.00112845 0.999999 -0.000846877 -0.00106279 0.000845363 0.999999 -0.00896657 0.0927955 -0.415049
FixedParameters: 0 0 0

#Transform 151
Transform: AffineTransform_float_3_3
Parameters: 0.999999 0.000872415 0.00131767 -0.000871016 0.999998 -0.00153153 -0.0013186 0.00152977 0.999998 0.00524813 0.120455 -0.42757
FixedParameters: 0 0 0

#Transform 152
Transform: AffineTransform_float_3_3
Parameters: 0.999998 0.000949811 0.00145891 -0.000948141 0.999999 -0.00114754 -0.00145962 0.00114616 0.999998 0.0100611 0.0272668 -0.409678
FixedParameters: 0 0 0

#Transform 153
Transform: AffineTransform_float_3_3
Parameters: 0.999999 0.00100583 0.00146021 -0.00100431 0.999999 -0.000502389 -0.00146125 0.000500819 0.999998 -0.00974021 0.0273745 -0.370839
FixedParameters: 0 0 0

#Transform 154
Transform: AffineTransform_float_3_3
Parameters: 0.999999 0.00102733 0.00153715 -0.00102389 0.999997 -0.00197521 -0.00153947 0.00197395 0.999997 0.00588808 0.072208 -0.406589
FixedParameters: 0 0 0

#Transform 155
Transform: AffineTransform_float_3_3
Parameters: 0.999998 0.000824744 0.00178514 -0.000824727 0.999999 1.02301e-05 -0.00178513 -1.2172e-05 0.999999 0.0124914 0.0509712 -0.384556
FixedParameters: 0 0 0

#Transform 156
Transform: AffineTransform_float_3_3
Parameters: 0.999998 0.00107755 0.00172617 -0.00107612 0.999999 -0.000603472 -0.00172627 0.000601642 0.999998 0.00518673 0.0255374 -0.380952
FixedParameters: 0 0 0

#Transform 157
Transform: AffineTransform_float_3_3
Parameters: 0.999998 0.000961857 0.00177417 -0.000959294 0.999998 -0.00173928 -0.00177552 0.00173728 0.999997 0.00554598 0.062653 -0.416934
FixedParameters: 0 0 0

#Transform 158
Transform: AffineTransform_float_3_3
Parameters: 0.999998 0.00108143 0.00173813 -0.00107886 0.999998 -0.00148939 -0.00173962 0.00148753 0.999997 0.00477931 0.0434838 -0.418775
FixedParameters: 0 0 0

#Transform 159
Transform: AffineTransform_float_3_3
Parameters: 0.999997 0.000981664 0.00191136 -0.000979953 0.999999 -0.000871818 -0.00191162 0.000870464 0.999998 0.00175612 0.0503136 -0.394184
FixedParameters: 0 0 0

#Transform 160
Transform: AffineTransform_float_3_3
Parameters: 0.999998 0.00108102 0.0017369 -0.00107782 0.999998 -0.0013984 -0.00173846 0.00139654 0.999998 0.00435387 0.0828468 -0.392211
FixedParameters: 0 0 0

#Transform 161
Transform: AffineTransform_float_3_3
Parameters: 0.999998 0.00107977 0.00173306 -0.00107756 0.999999 -0.00111343 -0.001734 0.00111158 0.999998 0.00445446 0.0781943 -0.388598
FixedParameters: 0 0 0

#Transform 162
Transform: AffineTransform_float_3_3
Parameters: 0.999998 0.00107954 0.00173236 -0.00107752 0.999999 -0.00106143 -0.00173318 0.00105959 0.999998 -0.0263585 0.0569539 -0.382553
FixedParameters: 0 0 0

#Transform 163
Transform: AffineTransform_float_3_3
Parameters: 0.999998 0.00108302 0.00174304 -0.0010792 0.999998 -0.00185342 -0.00174534 0.00185242 0.999997 -0.0245334 0.0611644 -0.398631
FixedParameters: 0 0 0

#Transform 164
Transform: AffineTransform_float_3_3
Parameters: 0.999998 0.00106695 0.0016853 -0.00106474 0.999999 -0.00122309 -0.00168741 0.00122138 0.999998 -0.0178035 0.0686056 -0.408645
FixedParameters: 0 0 0

#Transform 165
Transform: AffineTransform_float_3_3
Parameters: 0.999998 0.00108169 0.00173894 -0.00107892 0.999998 -0.00154938 -0.00174056 0.00154752 0.999997 -0.00480773 0.0553375 -0.409398
FixedParameters: 0 0 0

#Transform 166
Transform: AffineTransform_float_3_3
Parameters: 0.999998 0.000923057 0.00210606 -0.000920362 0.999998 -0.00154427 -0.0021079 0.00154278 0.999997 0.00939967 0.0156482 -0.431628
FixedParameters: 0 0 0

#Transform 167
Transform: AffineTransform_float_3_3
Parameters: 0.999998 0.00075317 0.00182675 -0.000749413 0.999998 -0.0014784 -0.00182749 0.00147669 0.999997 0.00731187 0.052822 -0.418193
FixedParameters: 0 0 0

#Transform 168
Transform: AffineTransform_float_3_3
Parameters: 0.999997 0.00112781 0.00191191 -0.00112527 0.999999 -0.000843951 -0.00191261 0.00084153 0.999998 -0.00251011 0.0706448 -0.407165
FixedParameters: 0 0 0

#Transform 169
Transform: AffineTransform_float_3_3
Parameters: 0.999998 0.000952664 0.00166048 -0.000949754 0.999998 -0.0014495 -0.00166272 0.00144735 0.999998 0.00662978 0.0433096 -0.438221
FixedParameters: 0 0 0

#Transform 170
Transform: AffineTransform_float_3_3
Parameters: 0.999998 0.0010689 0.00169324 -0.00106636 0.999999 -0.000953209 -0.00169407 0.000950979 0.999998 -0.00437574 0.0339112 -0.389587
FixedParameters: 0 0 0

#Transform 171
Transform: AffineTransform_float_3_3
Parameters: 0.999998 0.00109457 0.00178496 -0.00109042 0.999997 -0.0020988 -0.00178659 0.00209682 0.999996 -0.0122609 0.0695397 -0.429601
FixedParameters: 0 0 0

#Transform 172
Transform: AffineTransform_float_3_3
Parameters: 0.999998 0.00109911 0.00180338 -0.0010962 0.999998 -0.0015315 -0.00180502 0.00152944 0.999997 -0.00780659 0.0811149 -0.425685
FixedParameters: 0 0 0

#Transform 173
Transform: AffineTransform_float_3_3
Parameters: 0.999998 0.00104614 0.00160782 -0.00104348 0.999998 -0.00141918 -0.00161028 0.0014177 0.999998 -0.0140786 0.0549241 -0.41182
FixedParameters: 0 0 0

#Transform 174
Transform: AffineTransform_float_3_3
Parameters: 0.999999 0.000945918 0.00123649 -0.00094276 0.999997 -0.00236669 -0.00123922 0.00236575 0.999997 -0.0304483 0.0593746 -0.412904
FixedParameters: 0 0 0

#Transform 175
Transform: AffineTransform_float_3_3
Parameters: 0.999999 0.00092844 0.00117217 -0.000925196 0.999997 -0.00210957 -0.00117461 0.00210878 0.999997 -0.0234341 0.0741176 -0.433918
FixedParameters: 0 0 0

#Transform 176
Transform: AffineTransform_float_3_3
Parameters: 0.999999 0.000927421 0.00116856 -0.000924813 0.999998 -0.00184459 -0.0011705 0.00184382 0.999998 -0.0290201 0.0929938 -0.395325
FixedParameters: 0 0 0

#Transform 177
Transform: AffineTransform_float_3_3
Parameters: 0.999999 0.000832889 0.00119808 -0.000829537 0.999997 -0.00210935 -0.00120011 0.00210875 0.999997 -0.0224364 0.0797892 -0.423984
FixedParameters: 0 0 0

#Transform 178
Transform: AffineTransform_float_3_3
Parameters: 0.999998 0.000927836 0.00145763 -0.000925342 0.999998 -0.00143061 -0.00145881 0.0014293 0.999998 -0.0145953 0.0532989 -0.399175
FixedParameters: 0 0 0

#Transform 179
Transform: AffineTransform_float_3_3
Parameters: 0.999998 0.001089 0.00176366 -0.00108398 0.999996 -0.00238012 -0.00176587 0.00237821 0.999996 -0.0295035 0.0808994 -0.436854
FixedParameters: 0 0 0

#Transform 180
Transform: AffineTransform_float_3_3
Parameters: 0.999998 0.00125646 0.00146438 -0.00125285 0.999996 -0.0023842 -0.0014674 0.00238194 0.999996 -0.0388849 0.0773058 -0.436395
FixedParameters: 0 0 0

#Transform 181
Transform: AffineTransform_float_3_3
Parameters: 0.999998 0.00110282 0.00181674 -0.00109942 0.999998 -0.00166358 -0.00181867 0.00166097 0.999997 -0.0298378 0.0612835 -0.425786
FixedParameters: 0 0 0

#Transform 182
Transform: AffineTransform_float_3_3
Parameters: 0.999998 0.00100043 0.00164836 -0.000994894 0.999993 -0.00361313 -0.00165181 0.00361128 0.999992 -0.0283685 0.144477 -0.473278
FixedParameters: 0 0 0

#Transform 183
Transform: AffineTransform_float_3_3
Parameters: 0.999998 0.000970912 0.00132887 -0.000967938 0.999998 -0.00213362 -0.00133126 0.00213194 0.999996 -0.0311333 0.0585858 -0.402737
FixedParameters: 0 0 0

#Transform 184
Transform: AffineTransform_float_3_3
Parameters: 0.999999 0.00112374 0.00104809 -0.00112244 0.999998 -0.00141788 -0.00104981 0.00141691 0.999999 -0.02236 -0.0329879 -0.334268
FixedParameters: 0 0 0

#Transform 185
Transform: AffineTransform_float_3_3
Parameters: 0.999999 0.000731769 0.000443862 -0.00073101 1 -0.000887008 -0.000445154 0.000886358 1 -0.0281689 0.0884792 -0.299842
FixedParameters: 0 0 0

#Transform 186
Transform: AffineTransform_float_3_3
Parameters: 1 0.000199608 0.0010366 -0.000197548 0.999998 -0.00193878 -0.00103685 0.00193838 0.999997 0.000876462 0.0912371 -0.328014
FixedParameters: 0 0 0

#Transform 187
Transform: AffineTransform_float_3_3
Parameters: 0.999998 -0.000118733 0.00195316 0.000122523 0.999998 -0.00202427 -0.00195259 0.00202489 0.999996 0.0104547 0.0830297 -0.359677
FixedParameters: 0 0 0

#Transform 188
Transform: AffineTransform_float_3_3
Parameters: 0.999998 0.000365014 0.00204455 -0.000362641 0.999999 -0.000802563 -0.00204489 0.000802084 0.999997 -0.00868266 0.0826657 -0.370599
FixedParameters: 0 0 0

#Transform 189
Transform: AffineTransform_float_3_3
Parameters: 0.999998 0.000211875 0.0019701 -0.000208896 0.999998 -0.00154874 -0.00197094 0.00154805 0.999997 0.0141566 0.0454947 -0.387956
FixedParameters: 0 0 0

#Transform 190
Transform: AffineTransform_float_3_3
Parameters: 0.999998 0.00026192 0.00192733 -0.000258036 0.999998 -0.00226771 -0.00192721 0.00226724 0.999995 0.0133318 0.0770914 -0.39406
FixedParameters: 0 0 0

#Transform 191
Transform: AffineTransform_float_3_3
