# transform file /out/sourcedata/freesurfer/sub-v2s13x29119_ses-1/mri/transforms/cc_up.lta
# created by oesteban on Wed Mar 11 06:01:09 2026

type      = 0 # LINEAR_VOX_TO_VOX
nxforms   = 1
mean      = 129.0000 132.0000 123.0000
sigma     = 10000.0000
1 4 4
9.993447661399841e-01 -2.449004165828228e-02 2.665546163916588e-02 5.459668636322021e-01 
2.448133565485477e-02 9.997001886367798e-01 6.529891397804022e-04 1.181930828094482e+01 
-2.666345797479153e-02 0.000000000000000e+00 9.996445775032043e-01 7.457003116607666e+00 
0.000000000000000e+00 0.000000000000000e+00 0.000000000000000e+00 1.000000000000000e+00 
src volume info
valid = 1  # volume info valid
filename = /out/sourcedata/freesurfer/sub-v2s13x29119_ses-1/mri/norm.mgz
volume = 256 256 256
voxelsize = 8.984375000000000e-01 8.984375000000000e-01 8.984375000000000e-01
xras   = -9.999998807907104e-01 -1.052799444845043e-10 3.239382720399142e-11
yras   = -6.478765440798284e-11 0.000000000000000e+00 -1.000000000000000e+00
zras   = 1.073045541311046e-10 9.999998807907104e-01 -8.292819764221804e-09
cras   = 2.494560241699219e+00 -1.881942749023438e+00 2.114457702636719e+01
dst volume info
valid = 1  # volume info valid
filename = /out/sourcedata/freesurfer/sub-v2s13x29119_ses-1/mri/norm.mgz
volume = 256 256 256
voxelsize = 8.984375000000000e-01 8.984375000000000e-01 8.984375000000000e-01
xras   = -9.999998807907104e-01 -1.052799444845043e-10 3.239382720399142e-11
yras   = -6.478765440798284e-11 0.000000000000000e+00 -1.000000000000000e+00
zras   = 1.073045541311046e-10 9.999998807907104e-01 -8.292819764221804e-09
cras   = 2.494560241699219e+00 -1.881942749023438e+00 2.114457702636719e+01
