type      = 0 # LINEAR_VOX_TO_VOX
nxforms   = 1
mean      = 0.0000 0.0000 0.0000
sigma     = 1.0000
1 4 4
1.010666489601135e+00 -2.373402379453182e-02 2.099199034273624e-02 -1.255065917968750e+00 
3.997507318854332e-02 1.038456201553345e+00 -4.961619526147842e-02 -1.533137512207031e+01 
3.240663558244705e-03 -1.010472606867552e-02 9.904112815856934e-01 -1.087753295898438e+01 
0.000000000000000e+00 0.000000000000000e+00 0.000000000000000e+00 1.000000000000000e+00 
src volume info
valid = 1  # volume info valid
filename = /out/sourcedata/freesurfer/sub-v2s13x29119_ses-1/mri/orig.mgz
volume = 256 256 256
voxelsize = 8.984375000000000e-01 8.984375000000000e-01 8.984375000000000e-01
xras   = -9.999998807907104e-01 -1.052799444845043e-10 3.239382720399142e-11
yras   = -6.478765440798284e-11 0.000000000000000e+00 -1.000000000000000e+00
zras   = 1.073045541311046e-10 9.999998807907104e-01 -8.292819764221804e-09
cras   = 2.494560241699219e+00 -1.881942749023438e+00 2.114457702636719e+01
dst volume info
valid = 1  # volume info valid
filename = /opt/freesurfer/average/mni305.cor.mgz
volume = 256 256 256
voxelsize = 1.000000000000000e+00 1.000000000000000e+00 1.000000000000000e+00
xras   = -1.000000000000000e+00 0.000000000000000e+00 0.000000000000000e+00
yras   = 0.000000000000000e+00 0.000000000000000e+00 -1.000000000000000e+00
zras   = 0.000000000000000e+00 1.000000000000000e+00 0.000000000000000e+00
cras   = 0.000000000000000e+00 0.000000000000000e+00 0.000000000000000e+00
subject fsaverage
fscale 0.100000
