type      = 1 # LINEAR_RAS_TO_RAS
nxforms   = 1
mean      = 0.0000 0.0000 0.0000
sigma     = 1.0000
1 4 4
1.124915957450867e+00 -2.336500026285648e-02 -2.641700021922588e-02 -2.050842046737671e+00 
-3.606999991461635e-03 1.102370977401733e+00 1.124699972569942e-02 -1.113771820068359e+01 
4.449399933218956e-02 5.522499978542328e-02 1.155846953392029e+00 -1.280390930175781e+01 
0.000000000000000e+00 0.000000000000000e+00 0.000000000000000e+00 1.000000000000000e+00 
src volume info
valid = 1  # volume info valid
filename = /out/sourcedata/freesurfer/sub-v2s13x29119_ses-1/mri/orig_nu.mgz
volume = 256 256 256
voxelsize = 8.984375000000000e-01 8.984375000000000e-01 8.984375000000000e-01
xras   = -9.999998807907104e-01 -1.052799444845043e-10 3.239382720399142e-11
yras   = -6.478765440798284e-11 0.000000000000000e+00 -1.000000000000000e+00
zras   = 1.073045541311046e-10 9.999998807907104e-01 -8.292819764221804e-09
cras   = 2.494560241699219e+00 -1.881942749023438e+00 2.114457702636719e+01
dst volume info
valid = 1  # volume info valid
filename = /opt/freesurfer/average/mni305.cor.mgz
volume = 256 256 256
voxelsize = 1.000000000000000e+00 1.000000000000000e+00 1.000000000000000e+00
xras   = -1.000000000000000e+00 0.000000000000000e+00 0.000000000000000e+00
yras   = 0.000000000000000e+00 0.000000000000000e+00 -1.000000000000000e+00
zras   = 0.000000000000000e+00 1.000000000000000e+00 0.000000000000000e+00
cras   = 0.000000000000000e+00 0.000000000000000e+00 0.000000000000000e+00
subject fsaverage
fscale 0.100000
