# transform file transforms/talairach.lta
# created by oesteban on Wed Mar 11 04:39:48 2026

type      = 0 # LINEAR_VOX_TO_VOX
nxforms   = 1
mean      = 129.0000 132.0000 123.0000
sigma     = 10000.0000
1 4 4
9.473405480384827e-01 -3.383518755435944e-02 2.484507113695145e-02 6.048975467681885e+00 
2.980907075107098e-02 1.052800774574280e+00 -5.907452106475830e-02 -1.517471694946289e+01 
-2.228517644107342e-02 6.613582372665405e-02 8.815246820449829e-01 -3.681434154510498e+00 
0.000000000000000e+00 0.000000000000000e+00 0.000000000000000e+00 1.000000000000000e+00 
src volume info
valid = 1  # volume info valid
filename = nu.mgz
volume = 256 256 256
voxelsize = 8.984375000000000e-01 8.984375000000000e-01 8.984375000000000e-01
xras   = -9.999998807907104e-01 -1.052799444845043e-10 3.239382720399142e-11
yras   = -6.478765440798284e-11 0.000000000000000e+00 -1.000000000000000e+00
zras   = 1.073045541311046e-10 9.999998807907104e-01 -8.292819764221804e-09
cras   = 2.494560241699219e+00 -1.881942749023438e+00 2.114457702636719e+01
dst volume info
valid = 1  # volume info valid
filename = /opt/freesurfer/average/RB_all_2020-01-02.gca
volume = 256 256 256
voxelsize = 1.000000000000000e+00 1.000000000000000e+00 1.000000000000000e+00
xras   = -1.000000000000000e+00 0.000000000000000e+00 0.000000000000000e+00
yras   = 0.000000000000000e+00 0.000000000000000e+00 -1.000000000000000e+00
zras   = 0.000000000000000e+00 1.000000000000000e+00 0.000000000000000e+00
cras   = 0.000000000000000e+00 0.000000000000000e+00 0.000000000000000e+00
