#Insight Transform File V1.0
#Transform 0
Transform: AffineTransform_float_3_3
Parameters: 0.999999 0.000478153 -0.00127053 -0.000473878 0.999994 0.00343228 0.00127158 -0.00343163 0.999994 0.00733198 -0.0968635 0.141948
FixedParameters: 0 0 0

#Transform 1
Transform: AffineTransform_float_3_3
Parameters: 1 0.000571772 -0.000964206 -0.000568899 0.999996 0.00268706 0.000965672 -0.00268595 0.999996 0.00601869 -0.07284 0.145466
FixedParameters: 0 0 0

#Transform 2
Transform: AffineTransform_float_3_3
Parameters: 1 0.000402244 -0.000840317 -0.000399866 0.999996 0.00279037 0.000840955 -0.00279063 0.999996 -0.0126578 -0.0488827 0.0963848
FixedParameters: 0 0 0

#Transform 3
Transform: AffineTransform_float_3_3
Parameters: 0.999999 0.000145146 -0.000740381 -0.00014354 0.999997 0.00252263 0.000740495 -0.00252241 0.999996 0.00877621 -0.0841511 0.116735
FixedParameters: 0 0 0

#Transform 4
Transform: AffineTransform_float_3_3
Parameters: 0.999999 0.000135519 -0.000793945 -0.000133333 0.999998 0.00210297 0.000793714 -0.0021024 0.999998 0.0097066 -0.0854259 0.118541
FixedParameters: 0 0 0

#Transform 5
Transform: AffineTransform_float_3_3
Parameters: 0.999999 0.000135448 -0.000795151 -0.00013382 0.999999 0.0017488 0.000794824 -0.00174858 0.999998 0.0022552 -0.0421518 0.0518921
FixedParameters: 0 0 0

#Transform 6
Transform: AffineTransform_float_3_3
Parameters: 1 0.000568801 -0.000198035 -0.000568577 0.999999 0.000565098 0.000198677 -0.000564872 1 -0.00987747 0.0120096 0.00615606
FixedParameters: 0 0 0

#Transform 7
Transform: AffineTransform_float_3_3
Parameters: 1 0.000413402 -0.000410003 -0.000411897 0.999998 0.00204077 0.000410706 -0.00204042 0.999998 0.0257641 -0.132217 0.0511333
FixedParameters: 0 0 0

#Transform 8
Transform: AffineTransform_float_3_3
Parameters: 1 -2.82814e-05 -0.000315883 2.91458e-05 0.999999 0.00135801 0.000315806 -0.00135803 0.999999 0.0314729 0.0317084 0.0193939
FixedParameters: 0 0 0

#Transform 9
Transform: AffineTransform_float_3_3
Parameters: 0.999999 -0.000108463 -0.000750242 0.000110153 0.999999 0.00177332 0.000750039 -0.00177348 0.999998 0.0388189 -0.048851 0.033237
FixedParameters: 0 0 0

#Transform 10
Transform: AffineTransform_float_3_3
Parameters: 1 -0.000244253 -0.000429079 0.000245294 0.999999 0.00120616 0.000428489 -0.00120637 0.999999 0.0388285 -0.0151421 0.0274839
FixedParameters: 0 0 0

#Transform 11
Transform: AffineTransform_float_3_3
Parameters: 1 1.80133e-05 -6.78753e-05 -1.79028e-05 0.999999 0.000813238 6.79045e-05 -0.000813235 0.999999 0.0268343 -0.0296832 -0.0132765
FixedParameters: 0 0 0

#Transform 12
Transform: AffineTransform_float_3_3
Parameters: 1 -0.000313341 -0.000121039 0.000312788 1 0.00099618 0.000121582 -0.000996259 1 0.0326252 -0.02965 0.000769305
FixedParameters: 0 0 0

#Transform 13
Transform: AffineTransform_float_3_3
Parameters: 1 -0.000453775 0.000245996 0.000453388 0.999999 0.000785044 -0.000246708 -0.00078482 0.999999 0.0291574 -0.0196554 0.0310542
FixedParameters: 0 0 0

#Transform 14
Transform: AffineTransform_float_3_3
Parameters: 1 -0.000427504 1.46995e-05 0.000427477 0.999999 0.00090771 -1.54756e-05 -0.000907697 0.999999 0.032161 -0.0438267 -0.00956391
FixedParameters: 0 0 0

#Transform 15
Transform: AffineTransform_float_3_3
Parameters: 1 -0.000427568 1.50127e-05 0.000427543 1 0.00101771 -1.58818e-05 -0.0010177 1 0.0383556 -0.0266487 0.0166724
FixedParameters: 0 0 0

#Transform 16
Transform: AffineTransform_float_3_3
Parameters: 1 -0.000427206 1.32926e-05 0.000427195 1 0.000412713 -1.36452e-05 -0.000412702 1 0.0323034 0.00513728 -0.00431826
FixedParameters: 0 0 0

#Transform 17
Transform: AffineTransform_float_3_3
Parameters: 1 -0.000427305 1.37616e-05 0.000427289 0.999999 0.000577712 -1.42553e-05 -0.0005777 1 0.0372501 -0.0533062 -0.00785708
FixedParameters: 0 0 0

#Transform 18
Transform: AffineTransform_float_3_3
Parameters: 1 -0.000351141 0.000418394 0.000351363 1 -0.000265428 -0.000418208 0.000265722 1 0.0251126 0.00339682 -0.0389443
FixedParameters: 0 0 0

#Transform 19
Transform: AffineTransform_float_3_3
Parameters: 1 -9.54669e-06 -0.000239101 9.42082e-06 1 -0.000263227 0.000239106 0.000263223 1 0.0101111 -0.0576293 -0.0685464
FixedParameters: 0 0 0

#Transform 20
Transform: AffineTransform_float_3_3
Parameters: 1 -3.53564e-07 -6.64044e-05 3.81085e-07 1 0.000207218 6.64042e-05 -0.000207218 1 0.00255219 0.00418966 0.00662467
FixedParameters: 0 0 0

#Transform 21
Transform: AffineTransform_float_3_3
Parameters: 1 -0.000176698 -0.000120559 0.000176634 1 -0.000263732 0.000120652 0.000263689 1 0.0125096 -0.0802072 -0.0210305
FixedParameters: 0 0 0

#Transform 22
Transform: AffineTransform_float_3_3
Parameters: 1 0.000309622 -0.000125789 -0.000309708 1 -0.00034137 0.000125577 0.000341448 1 -0.00199562 0.014159 -0.0395917
FixedParameters: 0 0 0

#Transform 23
Transform: AffineTransform_float_3_3
Parameters: 1 0.000396619 -0.000145852 -0.000397027 0.999999 -0.00142524 0.000144722 0.00142536 0.999999 -0.0306489 0.0522664 -0.201815
FixedParameters: 0 0 0

#Transform 24
Transform: AffineTransform_float_3_3
Parameters: 1 0.000499124 0.000309082 -0.000499397 0.999999 -0.000853877 -0.000308769 0.000853566 0.999999 -0.0390713 -0.0120729 -0.0915454
FixedParameters: 0 0 0

#Transform 25
Transform: AffineTransform_float_3_3
Parameters: 1 2.81683e-05 8.28016e-05 -2.90747e-05 1 -0.000464259 -8.26457e-05 0.000464254 1 0.00367229 -0.0588544 -0.0481503
FixedParameters: 0 0 0

#Transform 26
Transform: AffineTransform_float_3_3
Parameters: 1 2.48979e-07 -7.02142e-05 -3.83476e-07 0.999999 -0.000957775 7.02136e-05 0.000957775 0.999999 0.0185964 -0.0185539 -0.0751951
FixedParameters: 0 0 0

#Transform 27
Transform: AffineTransform_float_3_3
Parameters: 1 3.09342e-05 8.8075e-05 -3.15794e-05 0.999999 -0.00184528 -8.80055e-05 0.00184528 0.999999 0.00363462 0.00119904 -0.0931927
FixedParameters: 0 0 0

#Transform 28
Transform: AffineTransform_float_3_3
Parameters: 1 0.000255777 1.2626e-05 -0.000255718 0.999999 -0.00176091 -1.35243e-05 0.0017609 0.999999 -0.0155915 0.0208163 -0.112901
FixedParameters: 0 0 0

#Transform 29
Transform: AffineTransform_float_3_3
Parameters: 1 0.000398537 0.00033328 -0.000397061 0.999998 -0.00191704 -0.000333817 0.0019177 0.999998 -0.0228627 -0.0126469 -0.109445
FixedParameters: 0 0 0

#Transform 30
Transform: AffineTransform_float_3_3
Parameters: 1 0.000311674 -0.000134344 -0.0003112 0.999997 -0.00267936 0.000133481 0.00267944 0.999997 -0.0354913 0.00573916 -0.120763
FixedParameters: 0 0 0

#Transform 31
Transform: AffineTransform_float_3_3
Parameters: 1 0.00031154 -0.000133291 -0.000310989 0.999997 -0.00238536 0.000132611 0.00238544 0.999997 -0.0281585 0.00751148 -0.117583
FixedParameters: 0 0 0

#Transform 32
Transform: AffineTransform_float_3_3
Parameters: 1 0.000187711 -0.000110003 -0.000188215 0.999997 -0.00238552 0.000109109 0.00238557 0.999997 -0.0266288 -0.000482945 -0.116206
FixedParameters: 0 0 0

#Transform 33
Transform: AffineTransform_float_3_3
Parameters: 0.999999 0.000642523 0.000411793 -0.000641069 0.999997 -0.00269529 -0.00041408 0.00269569 0.999996 -0.0565588 0.0164392 -0.0496138
FixedParameters: 0 0 0

#Transform 34
Transform: AffineTransform_float_3_3
Parameters: 0.999999 0.000911706 -0.000242456 -0.000911245 0.999999 -0.00148364 0.000240552 0.00148372 0.999999 -0.0451555 -0.0280413 -0.118276
FixedParameters: 0 0 0

#Transform 35
Transform: AffineTransform_float_3_3
Parameters: 1 0.00112382 0.000140386 -0.00112342 0.999996 -0.00284017 -0.000143633 0.00283948 0.999996 -0.0727321 0.0366986 -0.160713
FixedParameters: 0 0 0

#Transform 36
Transform: AffineTransform_float_3_3
Parameters: 1 0.00111144 7.64638e-05 -0.00111163 0.999996 -0.00262671 -8.01505e-05 0.00262653 0.999997 -0.0569222 -0.0518884 -0.0950486
FixedParameters: 0 0 0

#Transform 37
Transform: AffineTransform_float_3_3
Parameters: 0.999999 0.000699595 0.000155335 -0.000699216 0.999995 -0.00308223 -0.000157491 0.00308201 0.999995 -0.045058 -0.00193619 -0.13798
FixedParameters: 0 0 0

#Transform 38
Transform: AffineTransform_float_3_3
Parameters: 0.999999 0.00062695 0.000330645 -0.000625453 0.999995 -0.00313994 -0.000332422 0.00313952 0.999995 -0.0399306 -0.0393635 -0.120567
FixedParameters: 0 0 0

#Transform 39
Transform: AffineTransform_float_3_3
Parameters: 0.999999 0.000768536 0.000514496 -0.000767086 0.999993 -0.00368969 -0.000516654 0.00368982 0.999993 -0.0651657 -0.00187385 -0.13843
FixedParameters: 0 0 0

#Transform 40
Transform: AffineTransform_float_3_3
Parameters: 0.999999 0.000704074 0.000180715 -0.0007038 0.999995 -0.00287733 -0.000183596 0.00287707 0.999996 -0.0480318 -0.0131654 -0.126175
FixedParameters: 0 0 0

#Transform 41
Transform: AffineTransform_float_3_3
Parameters: 0.999999 0.00119927 -0.000304771 -0.00120057 0.999994 -0.00340815 0.00030053 0.0034085 0.999994 -0.0888602 -0.011396 -0.107976
FixedParameters: 0 0 0

#Transform 42
Transform: AffineTransform_float_3_3
Parameters: 1 0.000986931 -0.000263289 -0.000987976 0.999994 -0.00309333 0.000260134 0.00309383 0.999995 -0.0810907 -0.0588143 -0.0938422
FixedParameters: 0 0 0

#Transform 43
Transform: AffineTransform_float_3_3
Parameters: 0.999999 0.00132093 -0.000193627 -0.00132235 0.99999 -0.00412538 0.000188813 0.00412587 0.999992 -0.0960511 0.00303744 -0.161334
FixedParameters: 0 0 0

#Transform 44
Transform: AffineTransform_float_3_3
Parameters: 0.999999 0.00131136 -0.000655462 -0.00131419 0.999992 -0.00379541 0.000651216 0.00379581 0.999992 -0.0981811 -0.0586113 -0.145125
FixedParameters: 0 0 0

#Transform 45
Transform: AffineTransform_float_3_3
Parameters: 0.999999 0.00124355 -0.000739388 -0.00124607 0.999992 -0.00381412 0.000735429 0.00381464 0.999992 -0.102082 -0.0381809 -0.139027
FixedParameters: 0 0 0

#Transform 46
Transform: AffineTransform_float_3_3
Parameters: 0.999999 0.0011599 -0.000727939 -0.00116356 0.999987 -0.00480311 0.000723306 0.00480384 0.999989 -0.111827 -0.0169685 -0.133346
FixedParameters: 0 0 0

#Transform 47
Transform: AffineTransform_float_3_3
Parameters: 0.999999 0.00166 -0.000821281 -0.00166372 0.999989 -0.00440718 0.000814136 0.00440857 0.99999 -0.117436 0.013888 -0.134742
FixedParameters: 0 0 0

#Transform 48
Transform: AffineTransform_float_3_3
Parameters: 0.999998 0.00185761 -0.00128619 -0.00186319 0.999989 -0.00436766 0.00127805 0.00436982 0.99999 -0.116563 -0.0282476 -0.0983592
FixedParameters: 0 0 0

#Transform 49
Transform: AffineTransform_float_3_3
Parameters: 0.999998 0.00174872 -0.00103661 -0.00175361 0.999985 -0.00519698 0.00102752 0.00519927 0.999986 -0.137575 0.0228162 -0.125912
FixedParameters: 0 0 0

#Transform 50
Transform: AffineTransform_float_3_3
Parameters: 0.999998 0.00187844 -0.000938889 -0.00188335 0.999984 -0.00532942 0.000929112 0.00533031 0.999985 -0.150308 -0.0351191 -0.0610512
FixedParameters: 0 0 0

#Transform 51
Transform: AffineTransform_float_3_3
Parameters: 0.999998 0.00153332 -0.000829793 -0.00153666 0.999988 -0.00462331 0.00082194 0.00462453 0.999989 -0.137663 -0.0644199 -0.0584474
FixedParameters: 0 0 0

#Transform 52
Transform: AffineTransform_float_3_3
Parameters: 0.999999 0.00122893 -0.000512355 -0.00123026 0.999991 -0.0041922 0.000506604 0.00419308 0.999991 -0.111867 -0.0428622 -0.0447535
FixedParameters: 0 0 0

#Transform 53
Transform: AffineTransform_float_3_3
Parameters: 0.999999 0.00117131 -0.000660873 -0.00117391 0.99999 -0.00434256 0.000656228 0.0043428 0.99999 -0.114165 -0.0376295 -0.0431096
FixedParameters: 0 0 0

#Transform 54
Transform: AffineTransform_float_3_3
Parameters: 0.999999 0.00092047 -0.000994458 -0.000924679 0.999992 -0.00399947 0.000990467 0.004 0.999991 -0.109975 -0.0675859 -0.0559529
FixedParameters: 0 0 0

#Transform 55
Transform: AffineTransform_float_3_3
Parameters: 0.999999 0.00111345 -0.000746425 -0.00111708 0.999989 -0.00453929 0.000741842 0.00454058 0.999989 -0.117037 -0.019919 -0.130622
FixedParameters: 0 0 0

#Transform 56
Transform: AffineTransform_float_3_3
Parameters: 0.999998 0.00126948 -0.00117954 -0.0012759 0.999984 -0.0054821 0.00117255 0.00548377 0.999984 -0.125889 -0.0338646 -0.164068
FixedParameters: 0 0 0

#Transform 57
Transform: AffineTransform_float_3_3
Parameters: 0.999997 0.00128453 -0.00178594 -0.00129046 0.999994 -0.00330408 0.00178144 0.00330679 0.999993 -0.14757 0.0112525 -0.16995
FixedParameters: 0 0 0

#Transform 58
Transform: AffineTransform_float_3_3
Parameters: 0.999999 0.00115423 0.000755748 -0.00115682 0.999994 0.00333133 -0.000751537 -0.00333213 0.999994 -0.0786726 -0.0775728 -0.00498596
FixedParameters: 0 0 0

#Transform 59
Transform: AffineTransform_float_3_3
Parameters: 0.999999 0.00144137 -0.000226215 -0.00144095 0.999996 0.00210675 0.000229338 -0.00210645 0.999998 -0.0891362 -0.0618934 -0.107236
FixedParameters: 0 0 0

#Transform 60
Transform: AffineTransform_float_3_3
Parameters: 0.999999 0.00123716 -0.000762701 -0.0012353 0.999997 0.00221419 0.000765408 -0.00221229 0.999998 -0.0761434 -0.00305158 -0.110747
FixedParameters: 0 0 0

#Transform 61
Transform: AffineTransform_float_3_3
Parameters: 0.999999 0.00129034 -0.00124385 -0.00128824 0.999998 0.0018523 0.00124603 -0.00185037 0.999997 -0.0835708 -0.00786409 -0.128581
FixedParameters: 0 0 0

#Transform 62
Transform: AffineTransform_float_3_3
Parameters: 0.999997 0.00103596 -0.00185996 -0.00103265 0.999997 0.00209188 0.00186206 -0.00208953 0.999996 -0.0708386 -0.0351887 -0.103244
FixedParameters: 0 0 0

#Transform 63
Transform: AffineTransform_float_3_3
Parameters: 0.999998 0.00101594 -0.00196697 -0.00101356 0.999998 0.00145032 0.00196849 -0.00144876 0.999998 -0.0768253 -0.0637702 -0.172037
FixedParameters: 0 0 0

#Transform 64
Transform: AffineTransform_float_3_3
Parameters: 0.999998 0.00117739 -0.00164094 -0.00117651 0.999999 0.000328057 0.00164072 -0.000326059 0.999999 -0.13576 0.0195474 -0.341664
FixedParameters: 0 0 0

#Transform 65
Transform: AffineTransform_float_3_3
Parameters: 0.999996 0.00189163 -0.0017715 -0.00189067 0.999998 0.000657037 0.00177218 -0.00065478 0.999998 -0.14757 -0.0234035 -0.232683
FixedParameters: 0 0 0

#Transform 66
Transform: AffineTransform_float_3_3
Parameters: 0.999996 0.00205302 -0.00221691 -0.00205323 0.999998 0.000182963 0.00221781 -0.00017795 0.999998 -0.153626 -0.0117397 -0.212131
FixedParameters: 0 0 0

#Transform 67
Transform: AffineTransform_float_3_3
Parameters: 0.999996 0.0018427 -0.00243139 -0.00184451 0.999998 -0.000605506 0.00242993 0.000609439 0.999997 -0.165215 -0.000540171 -0.229107
FixedParameters: 0 0 0

#Transform 68
Transform: AffineTransform_float_3_3
Parameters: 0.999994 0.00216083 -0.00279722 -0.00216094 0.999997 2.16599e-05 0.0027963 -1.51699e-05 0.999996 -0.169547 0.0120583 -0.176082
FixedParameters: 0 0 0

#Transform 69
Transform: AffineTransform_float_3_3
Parameters: 0.999994 0.00212878 -0.00248466 -0.00213047 0.999997 -0.000604356 0.00248384 0.000609904 0.999996 -0.178113 0.00582192 -0.19165
FixedParameters: 0 0 0

#Transform 70
Transform: AffineTransform_float_3_3
Parameters: 0.999995 0.00217291 -0.0022462 -0.00217512 0.999997 -0.0010447 0.00224421 0.00104907 0.999997 -0.18307 0.035824 -0.245475
FixedParameters: 0 0 0

#Transform 71
Transform: AffineTransform_float_3_3
Parameters: 0.999995 0.00169704 -0.00259748 -0.00169803 0.999998 -0.00040676 0.00259688 0.000411267 0.999997 -0.152181 -0.0288751 -0.2192
FixedParameters: 0 0 0

#Transform 72
Transform: AffineTransform_float_3_3
Parameters: 0.999995 0.00211038 -0.00259184 -0.00211353 0.999997 -0.00108684 0.0025898 0.00109275 0.999996 -0.175432 -0.0156578 -0.207735
FixedParameters: 0 0 0

#Transform 73
Transform: AffineTransform_float_3_3
Parameters: 0.999996 0.00177233 -0.00218296 -0.00177914 0.999993 -0.00320685 0.00217734 0.00321084 0.999993 -0.212858 0.0738573 -0.52697
FixedParameters: 0 0 0

#Transform 74
Transform: AffineTransform_float_3_3
Parameters: 0.999996 0.00177322 -0.00218015 -0.00177876 0.999995 -0.00265104 0.00217571 0.00265466 0.999994 -0.218118 0.00548835 -0.416322
FixedParameters: 0 0 0

#Transform 75
Transform: AffineTransform_float_3_3
Parameters: 0.999995 0.00150227 -0.00255914 -0.00150943 0.999995 -0.00276779 0.00255559 0.00277174 0.999993 -0.195918 0.0183969 -0.300105
FixedParameters: 0 0 0

#Transform 76
Transform: AffineTransform_float_3_3
Parameters: 0.999994 0.00174377 -0.002783 -0.00174762 0.999997 -0.00131369 0.00278079 0.00131908 0.999995 -0.185407 -0.0578165 -0.189428
FixedParameters: 0 0 0

#Transform 77
Transform: AffineTransform_float_3_3
Parameters: 0.999994 0.00138396 -0.00310599 -0.00138144 0.999998 0.0009468 0.00310716 -0.000942151 0.999994 -0.165213 -0.143823 -0.013758
FixedParameters: 0 0 0

#Transform 78
Transform: AffineTransform_float_3_3
Parameters: 0.999994 0.00159377 -0.00315219 -0.00159452 0.999998 -0.00045118 0.00315134 0.000456343 0.999995 -0.178202 -0.0456551 -0.0487123
FixedParameters: 0 0 0

#Transform 79
Transform: AffineTransform_float_3_3
Parameters: 0.999993 0.00153823 -0.00345635 -0.0015377 0.999999 8.52593e-05 0.00345659 -7.91512e-05 0.999994 -0.162979 -0.113478 -0.0442297
FixedParameters: 0 0 0

#Transform 80
Transform: AffineTransform_float_3_3
Parameters: 0.999991 0.0017296 -0.00368914 -0.00173016 0.999999 -9.1915e-05 0.00368977 9.79269e-05 0.999993 -0.164053 -0.064691 -0.0234678
FixedParameters: 0 0 0

#Transform 81
Transform: AffineTransform_float_3_3
Parameters: 0.99999 0.00222382 -0.00404962 -0.00222658 0.999997 -0.000616579 0.00404843 0.000626335 0.999992 -0.202649 -0.0139464 -0.113082
FixedParameters: 0 0 0

#Transform 82
Transform: AffineTransform_float_3_3
Parameters: 0.999991 0.00225851 -0.0037931 -0.00226189 0.999997 -0.0010262 0.00379063 0.00103436 0.999992 -0.200225 -0.0436337 -0.106638
FixedParameters: 0 0 0

#Transform 83
Transform: AffineTransform_float_3_3
Parameters: 0.999995 0.00201827 -0.00246845 -0.00201605 0.999997 0.000965416 0.00246974 -0.000960112 0.999997 -0.19355 0.0273748 -0.0488409
FixedParameters: 0 0 0

#Transform 84
Transform: AffineTransform_float_3_3
Parameters: 0.999995 0.00166318 -0.00288702 -0.00164617 0.999982 0.00588862 0.00289646 -0.00588331 0.999979 -0.146098 -0.125103 0.104013
FixedParameters: 0 0 0

#Transform 85
Transform: AffineTransform_float_3_3
Parameters: 0.999991 0.00304841 -0.00315776 -0.00303782 0.999991 0.00324055 0.00316807 -0.00323074 0.99999 -0.240732 -0.047073 0.0964329
FixedParameters: 0 0 0

#Transform 86
Transform: AffineTransform_float_3_3
Parameters: 0.999988 0.00331093 -0.00380228 -0.0032974 0.999987 0.00366906 0.00381487 -0.00365576 0.999986 -0.243511 -0.18112 0.13184
FixedParameters: 0 0 0

#Transform 87
Transform: AffineTransform_float_3_3
Parameters: 0.999989 0.0026579 -0.00389126 -0.00265752 0.999997 0.000185997 0.00389237 -0.000175577 0.999993 -0.228501 0.00997086 -0.077401
FixedParameters: 0 0 0

#Transform 88
Transform: AffineTransform_float_3_3
Parameters: 0.999987 0.00265607 -0.00433821 -0.00264909 0.999995 0.00160189 0.00434282 -0.00159062 0.999989 -0.208715 -0.091361 -0.0063864
FixedParameters: 0 0 0

#Transform 89
Transform: AffineTransform_float_3_3
Parameters: 0.999986 0.00254769 -0.00450379 -0.00254222 0.999995 0.00137568 0.00450691 -0.00136379 0.999989 -0.222952 -0.0478473 -0.0230901
FixedParameters: 0 0 0

#Transform 90
Transform: AffineTransform_float_3_3
Parameters: 0.999986 0.00242477 -0.00456855 -0.0024156 0.999995 0.00201542 0.00457282 -0.00200433 0.999987 -0.192229 -0.0752408 9.14456e-05
FixedParameters: 0 0 0

#Transform 91
Transform: AffineTransform_float_3_3
Parameters: 0.999985 0.00271895 -0.00460535 -0.00269351 0.999981 0.00548204 0.00462029 -0.00546936 0.999974 -0.218637 -0.0926818 0.234269
FixedParameters: 0 0 0

#Transform 92
Transform: AffineTransform_float_3_3
Parameters: 0.999987 0.00208721 -0.00453361 -0.00207591 0.999994 0.00258782 0.00453946 -0.00257832 0.999987 -0.18819 -0.101404 0.121793
FixedParameters: 0 0 0

#Transform 93
Transform: AffineTransform_float_3_3
Parameters: 0.999988 0.00159449 -0.00461465 -0.00158203 0.999995 0.0028808 0.00461926 -0.00287329 0.999985 -0.165756 -0.0493763 0.0847523
FixedParameters: 0 0 0

#Transform 94
Transform: AffineTransform_float_3_3
Parameters: 0.999986 0.00218536 -0.00468513 -0.00217213 0.999994 0.00285401 0.00469085 -0.00284425 0.999985 -0.191792 -0.0526395 0.128219
FixedParameters: 0 0 0

#Transform 95
Transform: AffineTransform_float_3_3
Parameters: 0.999988 0.0015627 -0.00475361 -0.0015448 0.999992 0.00371548 0.0047592 -0.00370749 0.999982 -0.157079 -0.0800499 0.124371
FixedParameters: 0 0 0

#Transform 96
Transform: AffineTransform_float_3_3
Parameters: 0.99999 0.000993866 -0.00433631 -0.000979432 0.999994 0.0032686 0.00433922 -0.00326497 0.999986 -0.100004 -0.0633896 -0.0283884
FixedParameters: 0 0 0

#Transform 97
Transform: AffineTransform_float_3_3
Parameters: 0.999991 0.000804301 -0.00429413 -0.000789319 0.999994 0.00359243 0.00429668 -0.00358865 0.999985 -0.0898934 -0.0886505 -0.0154561
FixedParameters: 0 0 0

#Transform 98
Transform: AffineTransform_float_3_3
Parameters: 0.99999 0.000953636 -0.0045301 -0.000942114 0.999996 0.0026814 0.00453244 -0.00267739 0.999986 -0.10201 -0.0184296 0.00499712
FixedParameters: 0 0 0

#Transform 99
Transform: AffineTransform_float_3_3
Parameters: 0.999989 0.00106023 -0.0045848 -0.00105102 0.999998 0.001949 0.00458643 -0.00194426 0.999987 -0.122032 -0.0599693 -0.0146277
FixedParameters: 0 0 0

#Transform 100
Transform: AffineTransform_float_3_3
Parameters: 0.999988 0.00130499 -0.00471196 -0.0012954 0.999997 0.00216592 0.00471448 -0.00216046 0.999987 -0.120986 -0.0364966 -0.0225594
FixedParameters: 0 0 0

#Transform 101
Transform: AffineTransform_float_3_3
Parameters: 0.999986 0.00144621 -0.00519921 -0.00143676 0.999997 0.00184138 0.00520219 -0.00183434 0.999984 -0.129634 -0.072806 -0.0101851
FixedParameters: 0 0 0

#Transform 102
Transform: AffineTransform_float_3_3
Parameters: 0.999984 0.0018163 -0.00546976 -0.00180871 0.999998 0.00129596 0.00547255 -0.00128596 0.999985 -0.180317 -0.0396956 -0.00419816
FixedParameters: 0 0 0

#Transform 103
Transform: AffineTransform_float_3_3
Parameters: 0.999983 0.0017815 -0.00567465 -0.00176959 0.999997 0.002009 0.00567864 -0.00199923 0.999982 -0.18023 -0.122838 0.0926545
FixedParameters: 0 0 0

#Transform 104
Transform: AffineTransform_float_3_3
Parameters: 0.999987 0.00152761 -0.00471037 -0.00152976 0.999999 -0.000444916 0.00470959 0.000452491 0.999989 -0.256285 0.00337487 -0.0123961
FixedParameters: 0 0 0

#Transform 105
Transform: AffineTransform_float_3_3
Parameters: 0.999981 0.00235139 -0.00557366 -0.00234695 0.999997 0.000799534 0.0055761 -0.00078669 0.999984 -0.280645 -0.0686377 -3.19793e-05
FixedParameters: 0 0 0

#Transform 106
Transform: AffineTransform_float_3_3
Parameters: 0.999988 0.00306399 -0.00377496 -0.00305401 0.999992 0.00274179 0.00378347 -0.00273055 0.999989 -0.260882 -0.0171274 0.115717
FixedParameters: 0 0 0

#Transform 107
Transform: AffineTransform_float_3_3
Parameters: 0.999987 0.0020073 -0.00452598 -0.00197558 0.999973 0.00702038 0.00454053 -0.00701167 0.999965 -0.167846 -0.0435085 0.232017
FixedParameters: 0 0 0

#Transform 108
Transform: AffineTransform_float_3_3
Parameters: 0.999984 0.00227008 -0.00514767 -0.00225043 0.99999 0.0038474 0.00515649 -0.00383499 0.999979 -0.162962 -0.0386467 0.110271
FixedParameters: 0 0 0

#Transform 109
Transform: AffineTransform_float_3_3
Parameters: 0.999987 0.00255582 -0.00435673 -0.00253596 0.999987 0.00451149 0.004368 -0.00450007 0.99998 -0.213076 -0.0368998 0.177802
FixedParameters: 0 0 0

#Transform 110
Transform: AffineTransform_float_3_3
Parameters: 0.999983 0.00261969 -0.00521516 -0.00259977 0.999989 0.00385955 0.00522475 -0.00384669 0.999979 -0.208727 -0.0362671 0.198201
FixedParameters: 0 0 0

#Transform 111
Transform: AffineTransform_float_3_3
Parameters: 0.999984 0.00238967 -0.00514285 -0.00237528 0.999993 0.00292592 0.00514944 -0.00291357 0.999983 -0.194543 -0.0387612 0.141698
FixedParameters: 0 0 0

#Transform 112
Transform: AffineTransform_float_3_3
Parameters: 0.999983 0.00183357 -0.0054127 -0.00181704 0.999993 0.00303477 0.0054186 -0.00302482 0.999981 -0.167603 -0.0238067 0.115255
FixedParameters: 0 0 0

#Transform 113
Transform: AffineTransform_float_3_3
Parameters: 0.999983 0.00215555 -0.0052758 -0.00214473 0.999996 0.00197946 0.00527999 -0.0019686 0.999984 -0.193269 -0.0953723 0.157575
FixedParameters: 0 0 0

#Transform 114
Transform: AffineTransform_float_3_3
Parameters: 0.999988 0.00250369 -0.00435028 -0.002501 0.999996 0.000590561 0.00435157 -0.000579837 0.999991 -0.242698 -0.0877021 0.315648
FixedParameters: 0 0 0

#Transform 115
Transform: AffineTransform_float_3_3
Parameters: 0.99999 0.00290192 -0.0035531 -0.00288887 0.999989 0.00366569 0.00356447 -0.00365602 0.999987 -0.236513 -0.117442 0.352921
FixedParameters: 0 0 0

#Transform 116
Transform: AffineTransform_float_3_3
Parameters: 0.99999 0.00210354 -0.00392137 -0.00209506 0.999996 0.00210798 0.00392556 -0.00209917 0.99999 -0.223504 -0.0794246 0.362441
FixedParameters: 0 0 0

#Transform 117
Transform: AffineTransform_float_3_3
Parameters: 0.999989 0.00204603 -0.00422572 -0.0020393 0.999997 0.00147554 0.00422868 -0.00146652 0.99999 -0.223048 -0.111385 0.29688
FixedParameters: 0 0 0

#Transform 118
Transform: AffineTransform_float_3_3
Parameters: 0.999985 0.00263845 -0.00484214 -0.00263718 0.999996 0.000266197 0.00484267 -0.000253571 0.999988 -0.233597 -0.0834838 0.240593
FixedParameters: 0 0 0

#Transform 119
Transform: AffineTransform_float_3_3
Parameters: 0.999985 0.00287979 -0.00469041 -0.00287973 0.999996 0.000145218 0.00469035 -0.000131842 0.999989 -0.244983 -0.0959016 0.239382
FixedParameters: 0 0 0

#Transform 120
Transform: AffineTransform_float_3_3
Parameters: 0.999983 0.00283644 -0.00522853 -0.00283193 0.999995 0.000876881 0.00523119 -0.000861658 0.999986 -0.249371 -0.0948581 0.203428
FixedParameters: 0 0 0

#Transform 121
Transform: AffineTransform_float_3_3
Parameters: 0.999985 0.00244345 -0.00502475 -0.00243789 0.999996 0.00103154 0.00502651 -0.0010192 0.999987 -0.240724 -0.0196848 0.219321
FixedParameters: 0 0 0

#Transform 122
Transform: AffineTransform_float_3_3
Parameters: 0.999983 0.00259169 -0.00521803 -0.002588 0.999996 0.000704573 0.00521919 -0.000691605 0.999986 -0.237537 -0.133875 0.248051
FixedParameters: 0 0 0

#Transform 123
Transform: AffineTransform_float_3_3
Parameters: 0.999981 0.00295568 -0.00529696 -0.00295477 0.999996 0.000212852 0.00529732 -0.000197264 0.999986 -0.244168 -0.0279396 0.194993
FixedParameters: 0 0 0

#Transform 124
Transform: AffineTransform_float_3_3
Parameters: 0.999982 0.00292317 -0.00526433 -0.00292646 0.999996 -0.000628548 0.00526295 0.000643604 0.999986 -0.252179 -0.0194716 0.16027
FixedParameters: 0 0 0

#Transform 125
Transform: AffineTransform_float_3_3
Parameters: 0.999978 0.00312303 -0.00586989 -0.0031235 0.999995 -3.60097e-05 0.00587053 5.39349e-05 0.999983 -0.259172 -0.0713743 0.18715
FixedParameters: 0 0 0

#Transform 126
Transform: AffineTransform_float_3_3
Parameters: 0.999979 0.00321571 -0.00561664 -0.00321912 0.999995 -0.00059645 0.00561508 0.000614053 0.999984 -0.259143 -0.0753229 0.0961867
FixedParameters: 0 0 0

#Transform 127
Transform: AffineTransform_float_3_3
Parameters: 0.999979 0.00347583 -0.00533794 -0.00349285 0.999988 -0.00331214 0.00532656 0.00333094 0.99998 -0.302337 -0.013717 0.112821
FixedParameters: 0 0 0

#Transform 128
Transform: AffineTransform_float_3_3
Parameters: 0.999979 0.00327561 -0.0057092 -0.00328491 0.999993 -0.00168445 0.00570326 0.0017024 0.999982 -0.271993 -0.135543 0.220883
FixedParameters: 0 0 0

#Transform 129
Transform: AffineTransform_float_3_3
Parameters: 0.999981 0.00237359 -0.00572057 -0.00239047 0.999993 -0.00281046 0.00571339 0.00282338 0.999979 -0.258754 -0.0524494 0.15126
FixedParameters: 0 0 0

#Transform 130
Transform: AffineTransform_float_3_3
Parameters: 0.99998 0.00271175 -0.00575249 -0.00272187 0.999994 -0.00174311 0.00574816 0.00175911 0.999982 -0.272023 -0.127572 0.176179
FixedParameters: 0 0 0

#Transform 131
Transform: AffineTransform_float_3_3
Parameters: 0.999981 0.00240716 -0.00555113 -0.00242061 0.999995 -0.00239243 0.00554518 0.00240548 0.999981 -0.271853 -0.0999436 0.151913
FixedParameters: 0 0 0

#Transform 132
Transform: AffineTransform_float_3_3
Parameters: 0.999976 0.00263681 -0.00633158 -0.00265134 0.999995 -0.0021777 0.00632564 0.00219383 0.999978 -0.305931 -0.0330552 0.180339
FixedParameters: 0 0 0

#Transform 133
Transform: AffineTransform_float_3_3
Parameters: 0.999977 0.00256651 -0.00619195 -0.00257664 0.999995 -0.00169807 0.00618818 0.00171445 0.999979 -0.325196 -0.122206 0.208188
FixedParameters: 0 0 0

#Transform 134
Transform: AffineTransform_float_3_3
Parameters: 0.999978 0.00276749 -0.00604275 -0.00278784 0.999991 -0.00333094 0.00603365 0.00334735 0.999976 -0.389258 -0.115978 0.125317
FixedParameters: 0 0 0

#Transform 135
Transform: AffineTransform_float_3_3
Parameters: 0.999971 0.00271279 -0.00715106 -0.00272579 0.999995 -0.00180241 0.00714583 0.00182166 0.999973 -0.392268 -0.078488 0.196119
FixedParameters: 0 0 0

#Transform 136
Transform: AffineTransform_float_3_3
Parameters: 0.999971 0.00288215 -0.00696113 -0.00288345 0.999995 -0.000154461 0.00696091 0.000174631 0.999976 -0.383748 -0.173046 0.205878
FixedParameters: 0 0 0

#Transform 137
Transform: AffineTransform_float_3_3
Parameters: 0.999964 0.00411807 -0.00744028 -0.00414036 0.999987 -0.00300319 0.00742831 0.00303438 0.999968 -0.435951 0.0206364 0.0533153
FixedParameters: 0 0 0

#Transform 138
Transform: AffineTransform_float_3_3
Parameters: 0.999962 0.00312514 -0.00805658 -0.0031453 0.999992 -0.00258361 0.00804837 0.00260808 0.999964 -0.392422 -0.0932737 0.0919081
FixedParameters: 0 0 0

#Transform 139
Transform: AffineTransform_float_3_3
Parameters: 0.999962 0.00312574 -0.00805608 -0.0031456 0.999992 -0.00250461 0.00804854 0.00252908 0.999964 -0.3928 -0.127655 0.113962
FixedParameters: 0 0 0

#Transform 140
Transform: AffineTransform_float_3_3
Parameters: 0.999959 0.00304126 -0.00852436 -0.00305773 0.999993 -0.00195845 0.00851818 0.00198526 0.999962 -0.373309 -0.0701434 0.168563
FixedParameters: 0 0 0

#Transform 141
Transform: AffineTransform_float_3_3
Parameters: 0.999963 0.00229119 -0.00837932 -0.00230253 0.999996 -0.00135273 0.00837591 0.0013718 0.999965 -0.319275 -0.0875799 0.162082
FixedParameters: 0 0 0

#Transform 142
Transform: AffineTransform_float_3_3
Parameters: 0.999966 0.0018125 -0.00813559 -0.00181659 0.999998 -0.000482258 0.00813402 0.000497413 0.999967 -0.298405 -0.0933081 0.182481
FixedParameters: 0 0 0

#Transform 143
Transform: AffineTransform_float_3_3
Parameters: 0.999968 0.0013909 -0.00788135 -0.0013904 0.999999 -1.24484e-05 0.00788108 2.338e-05 0.999969 -0.296303 -0.111417 0.213996
FixedParameters: 0 0 0

#Transform 144
Transform: AffineTransform_float_3_3
Parameters: 0.999972 0.000953264 -0.00744782 -0.000964324 0.999999 -0.00142426 0.00744618 0.00143092 0.999972 -0.27192 -0.153232 0.204389
FixedParameters: 0 0 0

#Transform 145
Transform: AffineTransform_float_3_3
Parameters: 0.999973 0.00122962 -0.00722526 -0.00122485 0.999999 0.000631555 0.00722652 -0.000622148 0.999974 -0.290833 -0.129972 0.280118
FixedParameters: 0 0 0

#Transform 146
Transform: AffineTransform_float_3_3
Parameters: 0.999973 0.00173102 -0.00713589 -0.0017225 0.999998 0.00113558 0.00713808 -0.00112313 0.999974 -0.316507 0.022004 0.132381
FixedParameters: 0 0 0

#Transform 147
Transform: AffineTransform_float_3_3
Parameters: 0.999976 0.0022737 -0.00662474 -0.00224511 0.999988 0.00436506 0.00663555 -0.00434999 0.999968 -0.256524 -0.0358548 0.132069
FixedParameters: 0 0 0

#Transform 148
Transform: AffineTransform_float_3_3
Parameters: 0.999975 0.00182547 -0.00686121 -0.00180041 0.999992 0.00361953 0.00686864 -0.00360753 0.99997 -0.248085 -0.00909471 0.118968
FixedParameters: 0 0 0

#Transform 149
Transform: AffineTransform_float_3_3
Parameters: 0.99998 0.00166064 -0.00613113 -0.00163612 0.99999 0.00409702 0.00613816 -0.00408609 0.999973 -0.249286 -0.0609959 0.132606
FixedParameters: 0 0 0

#Transform 150
Transform: AffineTransform_float_3_3
Parameters: 0.999986 0.00157019 -0.0050297 -0.00156574 0.999998 0.000785098 0.0050307 -0.000777646 0.999987 -0.281429 -0.0468358 0.160726
FixedParameters: 0 0 0

#Transform 151
Transform: AffineTransform_float_3_3
Parameters: 0.999981 0.00188755 -0.00598502 -0.00186309 0.99999 0.00414047 0.00599192 -0.00412895 0.999974 -0.286308 -0.101149 0.191224
FixedParameters: 0 0 0

#Transform 152
Transform: AffineTransform_float_3_3
Parameters: 0.999977 0.00237398 -0.00635278 -0.00236517 0.999996 0.00140192 0.00635588 -0.00138744 0.999979 -0.336747 -0.0198642 0.0936369
FixedParameters: 0 0 0

#Transform 153
Transform: AffineTransform_float_3_3
Parameters: 0.999974 0.00168074 -0.00703297 -0.00167069 0.999997 0.00148265 0.00703577 -0.00147034 0.999974 -0.296568 -0.153987 0.178111
FixedParameters: 0 0 0

#Transform 154
Transform: AffineTransform_float_3_3
Parameters: 0.999974 0.00169124 -0.00692796 -0.00169236 0.999998 -0.00014695 0.0069282 0.000158755 0.999976 -0.313706 -0.0176029 0.0863139
FixedParameters: 0 0 0

#Transform 155
Transform: AffineTransform_float_3_3
Parameters: 0.999978 0.00200184 -0.00643323 -0.00199372 0.999997 0.00131605 0.00643595 -0.0013034 0.999979 -0.266961 -0.123323 0.0122013
FixedParameters: 0 0 0

#Transform 156
Transform: AffineTransform_float_3_3
Parameters: 0.999989 -0.000283042 -0.00464762 0.000282099 1 -0.000325244 0.00464842 0.000324695 0.999989 -0.221832 -0.0192752 -0.810328
FixedParameters: 0 0 0

#Transform 157
Transform: AffineTransform_float_3_3
Parameters: 0.99998 0.000573033 -0.00620928 -0.000577823 1 -0.000705586 0.00620871 0.000709136 0.99998 -0.184398 -0.123857 -0.822127
FixedParameters: 0 0 0

#Transform 158
Transform: AffineTransform_float_3_3
Parameters: 0.999975 0.000964593 -0.00697395 -0.000969272 1 -0.000698838 0.00697362 0.000706428 0.999976 -0.202504 -0.234909 -0.50797
FixedParameters: 0 0 0

#Transform 159
Transform: AffineTransform_float_3_3
Parameters: 0.999975 0.00123316 -0.00686971 -0.00124584 0.999998 -0.00183355 0.00686786 0.00184209 0.999975 -0.166633 -0.0849208 -0.341002
FixedParameters: 0 0 0

#Transform 160
Transform: AffineTransform_float_3_3
Parameters: 0.999974 0.000967836 -0.007155 -0.00097839 0.999999 -0.00151682 0.00715296 0.00152427 0.999973 -0.16861 -0.12194 -0.254632
FixedParameters: 0 0 0

#Transform 161
Transform: AffineTransform_float_3_3
Parameters: 0.999977 0.000665199 -0.00667647 -0.000678907 0.999997 -0.0021875 0.0066757 0.00219208 0.999975 -0.174764 -0.0518938 -0.276425
FixedParameters: 0 0 0

#Transform 162
Transform: AffineTransform_float_3_3
Parameters: 0.99998 0.000686871 -0.00628385 -0.000693298 0.999999 -0.000997303 0.00628333 0.0010018 0.99998 -0.185903 -0.0851545 -0.188384
FixedParameters: 0 0 0

#Transform 163
Transform: AffineTransform_float_3_3
Parameters: 0.999976 0.00057017 -0.00688989 -0.000581556 0.999998 -0.00163801 0.00688894 0.00164227 0.999975 -0.195576 -0.0259898 -0.123367
FixedParameters: 0 0 0

#Transform 164
Transform: AffineTransform_float_3_3
Parameters: 0.999976 0.000572234 -0.00688863 -0.00058126 0.999999 -0.00131119 0.00688743 0.0013151 0.999975 -0.194165 -0.0212666 -0.0661333
FixedParameters: 0 0 0

#Transform 165
Transform: AffineTransform_float_3_3
Parameters: 0.999978 0.001229 -0.00662631 -0.00123415 0.999999 -0.00084591 0.00662506 0.000854323 0.999978 -0.243724 -0.0347918 0.0194337
FixedParameters: 0 0 0

#Transform 166
Transform: AffineTransform_float_3_3
Parameters: 0.99999 0.00191194 -0.00420103 -0.00191657 0.999998 -0.00095606 0.00419972 0.000964233 0.999991 -0.264327 -0.0298591 -0.0402286
FixedParameters: 0 0 0

#Transform 167
Transform: AffineTransform_float_3_3
Parameters: 0.999984 0.00180993 -0.00539404 -0.00181024 0.999998 -1.56333e-05 0.00539393 2.4964e-05 0.999985 -0.282461 0.00417733 -0.0195875
FixedParameters: 0 0 0

#Transform 168
Transform: AffineTransform_float_3_3
Parameters: 0.999979 0.001996 -0.00616129 -0.00199717 0.999998 -0.000237844 0.0061599 0.000250524 0.999981 -0.309738 -0.0831209 0.027791
FixedParameters: 0 0 0

#Transform 169
Transform: AffineTransform_float_3_3
Parameters: 0.999978 0.00224504 -0.00625359 -0.00224902 0.999997 -0.000737589 0.00625223 0.000751893 0.99998 -0.296718 -0.0877055 -0.091862
FixedParameters: 0 0 0

#Transform 170
Transform: AffineTransform_float_3_3
Parameters: 0.999986 0.00276309 -0.00452342 -0.00276881 0.999995 -0.00137228 0.00451957 0.00138492 0.999989 -0.294492 0.0413224 -0.091075
FixedParameters: 0 0 0

#Transform 171
Transform: AffineTransform_float_3_3
Parameters: 0.999974 0.00344885 -0.00621863 -0.00345941 0.999993 -0.00165765 0.00621325 0.00167866 0.999979 -0.337212 -0.051247 0.0201268
FixedParameters: 0 0 0

#Transform 172
Transform: AffineTransform_float_3_3
Parameters: 0.999976 0.00301962 -0.00622853 -0.00301168 0.999994 0.00128297 0.00623251 -0.00126433 0.999979 -0.327011 -0.0479716 0.0403753
FixedParameters: 0 0 0

#Transform 173
Transform: AffineTransform_float_3_3
Parameters: 0.999984 0.00329283 -0.00470063 -0.00330003 0.999994 -0.00161888 0.00469545 0.00163454 0.999987 -0.356481 -0.0638756 -0.229885
FixedParameters: 0 0 0

#Transform 174
Transform: AffineTransform_float_3_3
Parameters: 0.999989 0.00273604 -0.00385259 -0.00273795 0.999996 -0.000386892 0.00385121 0.000397707 0.999993 -0.359135 -0.0577165 -0.17067
FixedParameters: 0 0 0

#Transform 175
Transform: AffineTransform_float_3_3
Parameters: 0.999993 0.00275192 -0.00281181 -0.0027475 0.999995 0.0016863 0.00281586 -0.00167935 0.999995 -0.353359 -0.114455 -0.0943818
FixedParameters: 0 0 0

#Transform 176
Transform: AffineTransform_float_3_3
Parameters: 0.999989 0.00324407 -0.00340951 -0.00323342 0.999991 0.00301177 0.00341959 -0.00300039 0.999989 -0.393851 -0.109437 0.121939
FixedParameters: 0 0 0

#Transform 177
Transform: AffineTransform_float_3_3
Parameters: 0.999993 0.00222091 -0.00295813 -0.00218932 0.999941 0.0106249 0.00298144 -0.0106182 0.99994 -0.296407 -0.162447 0.323535
FixedParameters: 0 0 0

#Transform 178
Transform: AffineTransform_float_3_3
Parameters: 0.999991 0.00210177 -0.00380221 -0.00206292 0.999947 0.0101164 0.00382303 -0.0101081 0.999942 -0.281794 -0.053555 0.307277
FixedParameters: 0 0 0

#Transform 179
Transform: AffineTransform_float_3_3
Parameters: 0.999993 0.00196436 -0.00333869 -0.00193325 0.999954 0.00937915 0.00335677 -0.00937313 0.99995 -0.312445 -0.115259 0.46805
FixedParameters: 0 0 0

#Transform 180
Transform: AffineTransform_float_3_3
Parameters: 0.999998 0.00200114 -0.000268263 -0.00200006 0.999984 0.0051553 0.000279069 -0.00515489 0.999986 -0.225503 -0.133299 -0.331967
FixedParameters: 0 0 0

#Transform 181
Transform: AffineTransform_float_3_3
Parameters: 0.999996 0.000909391 0.0024423 -0.000889793 0.999969 -0.00784025 -0.00244878 0.00783878 0.999966 -0.204301 0.138559 -1.09439
FixedParameters: 0 0 0

#Transform 182
Transform: AffineTransform_float_3_3
Parameters: 0.999999 0.00122099 0.00128629 -0.00121228 0.999975 -0.00701298 -0.00129443 0.00701111 0.999975 -0.196667 0.0707993 -0.920423
FixedParameters: 0 0 0

#Transform 183
Transform: AffineTransform_float_3_3
Parameters: 1 0.000710789 0.0007718 -0.000705863 0.999985 -0.00531455 -0.000775629 0.00531474 0.999986 -0.191447 0.093388 -0.740584
FixedParameters: 0 0 0

#Transform 184
Transform: AffineTransform_float_3_3
Parameters: 1 0.00118938 -1.70898e-05 -0.00119022 0.999998 -0.00111024 1.56136e-05 0.00111027 1 -0.228486 0.0134053 -0.19993
FixedParameters: 0 0 0

#Transform 185
Transform: AffineTransform_float_3_3
Parameters: 0.999998 0.00161434 -0.000532592 -0.00161386 0.999999 0.000617197 0.000533596 -0.000616191 0.999999 -0.225007 -0.0303521 -0.176423
FixedParameters: 0 0 0

#Transform 186
Transform: AffineTransform_float_3_3
Parameters: 0.999998 0.00178508 -0.00102583 -0.0017837 0.999997 0.00141996 0.00102812 -0.00141887 0.999998 -0.236669 0.0154741 -0.224952
FixedParameters: 0 0 0

#Transform 187
Transform: AffineTransform_float_3_3
