#Insight Transform File V1.0
#Transform 0
Transform: AffineTransform_float_3_3
Parameters: 0.999999 -0.000168009 0.00124426 0.000167615 1 0.00055739 -0.00124465 -0.000556576 0.999999 0.0416233 -0.0941983 0.193414
FixedParameters: 0 0 0

#Transform 1
Transform: AffineTransform_float_3_3
Parameters: 0.999999 0.000182337 0.000879364 -0.000183116 1 0.00044303 -0.000879203 -0.000442953 1 0.0144928 -0.0622396 0.100226
FixedParameters: 0 0 0

#Transform 2
Transform: AffineTransform_float_3_3
Parameters: 1 0.000238055 0.00115349 -0.000239638 0.999999 0.0015348 -0.00115317 -0.00153496 0.999998 0.0107062 -0.0956509 0.0726356
FixedParameters: 0 0 0

#Transform 3
Transform: AffineTransform_float_3_3
Parameters: 0.999998 0.000418184 0.00164561 -0.000421312 0.999999 0.00148302 -0.00164575 -0.00148362 0.999998 0.00882217 -0.0940081 0.0638602
FixedParameters: 0 0 0

#Transform 4
Transform: AffineTransform_float_3_3
Parameters: 0.999999 4.50895e-05 0.000922925 -4.62996e-05 0.999999 0.000766282 -0.000921876 -0.000765962 1 0.0138404 -0.050166 0.0830521
FixedParameters: 0 0 0

#Transform 5
Transform: AffineTransform_float_3_3
Parameters: 0.999999 0.000152683 0.000738103 -0.000153332 1 0.00109393 -0.000737969 -0.00109416 0.999999 0.0141236 -0.0344502 0.0450311
FixedParameters: 0 0 0

#Transform 6
Transform: AffineTransform_float_3_3
Parameters: 1 0.000234013 0.00113135 -0.000235305 0.999999 0.00100965 -0.00113108 -0.00100978 0.999999 0.0118316 -0.0359152 0.0349362
FixedParameters: 0 0 0

#Transform 7
Transform: AffineTransform_float_3_3
Parameters: 0.999999 0.000177124 0.000854779 -0.000177193 1 0.000612875 -0.000854765 -0.000612782 1 0.0131704 -0.00756435 0.013833
FixedParameters: 0 0 0

#Transform 8
Transform: AffineTransform_float_3_3
Parameters: 1 9.26016e-05 0.00044725 -9.26126e-05 1 0.00109202 -0.000447249 -0.00109211 1 0.0336476 -0.0724491 0.0430866
FixedParameters: 0 0 0

#Transform 9
Transform: AffineTransform_float_3_3
Parameters: 1 0.000130584 0.000629158 -0.000130858 1 0.000217203 -0.000629101 -0.000217367 1 0.0148019 -0.0384502 0.0690131
FixedParameters: 0 0 0

#Transform 10
Transform: AffineTransform_float_3_3
Parameters: 1 0.000105111 0.000506847 -0.000105626 1 0.000507406 -0.00050674 -0.000507512 0.999999 0.0158004 -0.0876106 0.0444185
FixedParameters: 0 0 0

#Transform 11
Transform: AffineTransform_float_3_3
Parameters: 0.999999 0.000178171 0.000861495 -0.000179092 1 0.00109473 -0.000861304 -0.00109504 0.999999 0.0134617 -0.0568247 0.0358008
FixedParameters: 0 0 0

#Transform 12
Transform: AffineTransform_float_3_3
Parameters: 0.999999 0.000179269 0.000865282 -0.000179424 1 0.000654944 -0.000865251 -0.000654858 1 -0.00897105 -0.0271524 0.0121722
FixedParameters: 0 0 0

#Transform 13
Transform: AffineTransform_float_3_3
Parameters: 1 0.000129337 0.00062417 -0.000130196 1 0.00068818 -0.000623991 -0.000688342 0.999999 0.00666719 -0.0302834 0.0300498
FixedParameters: 0 0 0

#Transform 14
Transform: AffineTransform_float_3_3
Parameters: 1 5.90014e-05 0.000283561 -5.8365e-05 1 -0.00114511 -0.000283693 0.00114508 1 0.0168502 -0.050405 0.000194435
FixedParameters: 0 0 0

#Transform 15
Transform: AffineTransform_float_3_3
Parameters: 1 0.000200078 0.000960348 -0.000199617 0.999999 -0.000742474 -0.000960444 0.000742491 0.999999 0.0337215 -0.0426882 0.0478315
FixedParameters: 0 0 0

#Transform 16
Transform: AffineTransform_float_3_3
Parameters: 0.999998 0.000328617 0.00158113 -0.000328186 1 -0.000132566 -0.00158122 0.000131926 0.999998 0.0264637 0.0249172 0.0187239
FixedParameters: 0 0 0

#Transform 17
Transform: AffineTransform_float_3_3
Parameters: 0.999999 9.88864e-05 0.0012326 -9.8541e-05 1 -0.000134723 -0.00123262 0.000134878 0.999999 0.029795 -0.0749484 0.0221315
FixedParameters: 0 0 0

#Transform 18
Transform: AffineTransform_float_3_3
Parameters: 1 0.000193865 0.000383318 -0.000194365 1 0.00065268 -0.000383065 -0.000652829 0.999999 0.0329301 0.0466972 0.0169242
FixedParameters: 0 0 0

#Transform 19
Transform: AffineTransform_float_3_3
Parameters: 1 0.000101919 0.000490464 -0.000101782 1 -0.000139716 -0.000490492 0.000139616 1 0.000877196 0.0111543 0.00341156
FixedParameters: 0 0 0

#Transform 20
Transform: AffineTransform_float_3_3
Parameters: 1 8.51156e-05 0.000409846 -8.51671e-05 1 6.27547e-05 -0.000409835 -6.28245e-05 1 -0.00818773 0.013591 -0.00439738
FixedParameters: 0 0 0

#Transform 21
Transform: AffineTransform_float_3_3
Parameters: 1 2.48458e-06 1.15247e-05 -2.4957e-06 1 0.000482089 -1.15223e-05 -0.000482089 1 -0.00573527 -0.00247046 0.0103982
FixedParameters: 0 0 0

#Transform 22
Transform: AffineTransform_float_3_3
Parameters: 1 8.14198e-05 -0.000308095 -8.09384e-05 0.999999 0.000781114 0.000308222 -0.000781064 0.999999 -0.00431479 -0.0336214 0.00595921
FixedParameters: 0 0 0

#Transform 23
Transform: AffineTransform_float_3_3
Parameters: 1 0.000381166 -0.000320399 -0.000380632 0.999999 0.000832478 0.000321033 -0.000832234 0.999999 -0.00543327 -0.0283319 0.00999549
FixedParameters: 0 0 0

#Transform 24
Transform: AffineTransform_float_3_3
Parameters: 1 0.000245728 0.000302706 -0.000245602 1 -0.000207807 -0.000302808 0.000207658 1 -0.0152552 0.00885536 -0.0122006
FixedParameters: 0 0 0

#Transform 25
Transform: AffineTransform_float_3_3
Parameters: 1 0.000348509 -9.77154e-05 -0.000348422 1 0.000443807 9.80247e-05 -0.000443739 1 -0.0232878 -0.0683699 0.0170756
FixedParameters: 0 0 0

#Transform 26
Transform: AffineTransform_float_3_3
Parameters: 1 0.000298841 -8.57873e-05 -0.000298808 1 0.000191814 8.59019e-05 -0.000191763 1 -0.0129162 0.0124522 -0.00049348
FixedParameters: 0 0 0

#Transform 27
Transform: AffineTransform_float_3_3
Parameters: 1 7.71791e-05 0.000371629 -7.72293e-05 1 6.7501e-05 -0.000371619 -6.75584e-05 1 -0.00556961 -0.00659981 0.00285934
FixedParameters: 0 0 0

#Transform 28
Transform: AffineTransform_float_3_3
Parameters: 1 -1.56886e-05 -7.65768e-05 1.58074e-05 0.999999 0.000775495 7.65524e-05 -0.000775497 0.999999 0.0119037 -0.00987778 0.00589353
FixedParameters: 0 0 0

#Transform 29
Transform: AffineTransform_float_3_3
Parameters: 1 -4.97943e-06 -2.44553e-05 5.00114e-06 1 0.000443843 2.44509e-05 -0.000443844 1 0.0115961 -0.0082635 0.00450339
FixedParameters: 0 0 0

#Transform 30
Transform: AffineTransform_float_3_3
Parameters: 1 -4.46611e-06 -2.14938e-05 4.4658e-06 1 -7.14648e-06 2.14939e-05 7.14629e-06 1 -0.00700858 -0.00608987 0.00279008
FixedParameters: 0 0 0

#Transform 31
Transform: AffineTransform_float_3_3
Parameters: 1 -5.31602e-06 -2.64059e-05 5.35514e-06 0.999999 0.000740836 2.6398e-05 -0.000740837 0.999999 -0.0168314 -0.00819126 0.0138334
FixedParameters: 0 0 0

#Transform 32
Transform: AffineTransform_float_3_3
Parameters: 1 0.000104225 -4.98901e-05 -0.000104139 0.999999 0.000862817 5.00699e-05 -0.000862806 0.999999 -0.0170137 0.0353343 -0.00330724
FixedParameters: 0 0 0

#Transform 33
Transform: AffineTransform_float_3_3
Parameters: 1 -4.7544e-06 -2.31551e-05 4.76578e-06 1 0.000245848 2.31528e-05 -0.000245848 1 -0.031806 0.0605891 -0.0103595
FixedParameters: 0 0 0

#Transform 34
Transform: AffineTransform_float_3_3
Parameters: 1 0.000228759 -0.000420168 -0.000228117 0.999999 0.00076462 0.000420517 -0.000764428 0.999999 -0.0255961 -0.00824908 0.00569189
FixedParameters: 0 0 0

#Transform 35
Transform: AffineTransform_float_3_3
Parameters: 1 -4.71912e-06 -2.29515e-05 4.72898e-06 1 0.000214849 2.29495e-05 -0.000214849 1 -0.0102057 0.0781029 -0.0140402
FixedParameters: 0 0 0

#Transform 36
Transform: AffineTransform_float_3_3
Parameters: 1 0.000115397 -0.000177765 -0.000115256 1 0.000395997 0.000177857 -0.000395956 1 -0.0167688 -0.00348981 0.00345275
FixedParameters: 0 0 0

#Transform 37
Transform: AffineTransform_float_3_3
Parameters: 1 -0.000113675 -0.000552106 0.000114121 0.999999 0.00130221 0.000552015 -0.00130234 0.999999 -0.000251312 -0.043264 0.0145643
FixedParameters: 0 0 0

#Transform 38
Transform: AffineTransform_float_3_3
Parameters: 1 0.000163279 -0.000600248 -0.000163375 1 -8.06524e-05 0.000600221 8.08485e-05 1 -0.00159712 0.0325301 -0.00525472
FixedParameters: 0 0 0

#Transform 39
Transform: AffineTransform_float_3_3
Parameters: 1 0.00021401 -7.26289e-06 -0.00021401 1 9.11632e-05 7.29523e-06 -9.02429e-05 1 -0.0168539 0.0415402 -0.00691642
FixedParameters: 0 0 0

#Transform 40
Transform: AffineTransform_float_3_3
Parameters: 0.999999 0.000526206 -0.00066879 -0.000526009 0.999999 0.000297622 0.000668131 -0.000297842 1 -0.0287854 0.0349752 -0.031139
FixedParameters: 0 0 0

#Transform 41
Transform: AffineTransform_float_3_3
Parameters: 0.999999 9.64381e-05 -0.00142683 -9.69617e-05 1 -0.000259877 0.00142776 0.00025964 0.999999 -0.0396764 0.0366725 -0.0383042
FixedParameters: 0 0 0

#Transform 42
Transform: AffineTransform_float_3_3
Parameters: 0.999998 0.000868373 -0.00139839 -0.000870805 0.999998 -0.0017119 0.00139698 0.0017125 0.999998 -0.075821 -0.0483395 -0.152881
FixedParameters: 0 0 0

#Transform 43
Transform: AffineTransform_float_3_3
Parameters: 0.999997 0.000559043 -0.00235682 -0.000560484 1 -0.000562025 0.00235697 0.000563629 0.999997 -0.0712011 0.039434 -0.0685845
FixedParameters: 0 0 0

#Transform 44
Transform: AffineTransform_float_3_3
Parameters: 0.999996 0.000644417 -0.00246696 -0.000648729 0.999998 -0.00175335 0.00246585 0.00175459 0.999995 -0.0764913 -0.0119015 -0.1358
FixedParameters: 0 0 0

#Transform 45
Transform: AffineTransform_float_3_3
Parameters: 0.999996 0.000855601 -0.00241402 -0.000859008 0.999999 -0.00140052 0.00241298 0.00140322 0.999996 -0.077744 0.013637 -0.134584
FixedParameters: 0 0 0

#Transform 46
Transform: AffineTransform_float_3_3
Parameters: 0.999997 0.000734648 -0.00238615 -0.000738995 0.999998 -0.00186255 0.00238554 0.00186412 0.999995 -0.0776265 0.0645022 -0.14054
FixedParameters: 0 0 0

#Transform 47
Transform: AffineTransform_float_3_3
Parameters: 0.999997 0.00066418 -0.00237138 -0.000668473 0.999998 -0.00186272 0.00237103 0.00186393 0.999995 -0.077162 0.0308426 -0.190544
FixedParameters: 0 0 0

#Transform 48
Transform: AffineTransform_float_3_3
Parameters: 0.999997 0.00112667 -0.00247042 -0.00112932 0.999998 -0.00145781 0.00246927 0.00146104 0.999995 -0.0822201 -0.00097016 -0.145985
FixedParameters: 0 0 0

#Transform 49
Transform: AffineTransform_float_3_3
Parameters: 0.999997 0.00105302 -0.00245008 -0.00105809 0.999997 -0.00239998 0.00244773 0.00240281 0.999994 -0.0915715 0.0510557 -0.15941
FixedParameters: 0 0 0

#Transform 50
Transform: AffineTransform_float_3_3
Parameters: 0.999997 0.00112322 -0.00247157 -0.00112527 0.999999 -0.00109579 0.00247048 0.00109808 0.999996 -0.0782417 -0.0242775 -0.140105
FixedParameters: 0 0 0

#Transform 51
Transform: AffineTransform_float_3_3
Parameters: 0.999997 0.00105407 -0.00245062 -0.00105983 0.999997 -0.00233898 0.00244859 0.00234182 0.999994 -0.0899567 0.0358989 -0.119367
FixedParameters: 0 0 0

#Transform 52
Transform: AffineTransform_float_3_3
Parameters: 0.999996 0.00117456 -0.00248017 -0.00117848 0.999998 -0.00151049 0.00247896 0.00151438 0.999996 -0.0906748 0.0351348 -0.153601
FixedParameters: 0 0 0

#Transform 53
Transform: AffineTransform_float_3_3
Parameters: 0.999996 0.00122156 -0.00249382 -0.00122393 0.999999 -0.000758582 0.00249373 0.000762336 0.999997 -0.0985632 0.00245311 -0.121081
FixedParameters: 0 0 0

#Transform 54
Transform: AffineTransform_float_3_3
Parameters: 0.999996 0.001043 -0.00252828 -0.00104787 0.999997 -0.00228545 0.00252621 0.00228839 0.999994 -0.113878 0.0241578 -0.153519
FixedParameters: 0 0 0

#Transform 55
Transform: AffineTransform_float_3_3
Parameters: 0.999995 0.00111302 -0.00302254 -0.00111698 0.999998 -0.00121538 0.0030212 0.00121874 0.999995 -0.111956 0.0187673 -0.14925
FixedParameters: 0 0 0

#Transform 56
Transform: AffineTransform_float_3_3
Parameters: 0.999996 0.000945602 -0.00285246 -0.000949542 0.999998 -0.00145537 0.00285086 0.00145791 0.999994 -0.121384 0.0567072 -0.133159
FixedParameters: 0 0 0

#Transform 57
Transform: AffineTransform_float_3_3
Parameters: 0.999995 0.00103027 -0.00302724 -0.00103607 0.999997 -0.00190577 0.00302622 0.00190864 0.999994 -0.112312 0.011659 -0.182544
FixedParameters: 0 0 0

#Transform 58
Transform: AffineTransform_float_3_3
Parameters: 0.999995 0.00131909 -0.00292949 -0.00132441 0.999998 -0.00168328 0.00292718 0.00168815 0.999994 -0.122355 0.0393933 -0.143057
FixedParameters: 0 0 0

#Transform 59
Transform: AffineTransform_float_3_3
Parameters: 0.999994 0.00117353 -0.00321672 -0.00118104 0.999996 -0.00251439 0.00321312 0.00251818 0.999991 -0.12765 0.0346067 -0.18306
FixedParameters: 0 0 0

#Transform 60
Transform: AffineTransform_float_3_3
Parameters: 0.999993 0.00125126 -0.00345158 -0.00125601 0.999998 -0.00149304 0.00344978 0.00149739 0.999993 -0.124247 0.0175723 -0.154921
FixedParameters: 0 0 0

#Transform 61
Transform: AffineTransform_float_3_3
Parameters: 0.999993 0.00127954 -0.00345524 -0.00128639 0.999997 -0.00196394 0.00345292 0.0019685 0.999992 -0.119521 0.0312665 -0.162811
FixedParameters: 0 0 0

#Transform 62
Transform: AffineTransform_float_3_3
Parameters: 0.999994 0.00134124 -0.0031528 -0.00134929 0.999996 -0.00252832 0.00314949 0.00253302 0.999992 -0.121117 0.012977 -0.192748
FixedParameters: 0 0 0

#Transform 63
Transform: AffineTransform_float_3_3
Parameters: 0.999994 0.00137876 -0.00297647 -0.00138621 0.999997 -0.00237544 0.00297262 0.00237949 0.999992 -0.110999 0.00768063 -0.130723
FixedParameters: 0 0 0

#Transform 64
Transform: AffineTransform_float_3_3
Parameters: 0.999995 0.00136258 -0.00304312 -0.00137147 0.999995 -0.00310886 0.00303869 0.003113 0.99999 -0.121866 0.0426376 -0.194919
FixedParameters: 0 0 0

#Transform 65
Transform: AffineTransform_float_3_3
Parameters: 0.999995 0.0013939 -0.00291014 -0.00139955 0.999997 -0.00195403 0.00290761 0.00195798 0.999994 -0.122649 0.00914219 -0.155657
FixedParameters: 0 0 0

#Transform 66
Transform: AffineTransform_float_3_3
Parameters: 0.999994 0.00137843 -0.00297551 -0.00138579 0.999996 -0.00256024 0.00297193 0.00256469 0.999992 -0.122441 0.0355548 -0.143512
FixedParameters: 0 0 0

#Transform 67
Transform: AffineTransform_float_3_3
Parameters: 0.999994 0.00137889 -0.00297682 -0.00138593 0.999997 -0.00230644 0.00297317 0.00231049 0.999993 -0.122114 -0.0150676 -0.176377
FixedParameters: 0 0 0

#Transform 68
Transform: AffineTransform_float_3_3
Parameters: 0.999994 0.00132685 -0.00296543 -0.0013344 0.999997 -0.0024016 0.00296176 0.00240531 0.999992 -0.122041 -0.00349619 -0.13382
FixedParameters: 0 0 0

#Transform 69
Transform: AffineTransform_float_3_3
Parameters: 0.999995 0.00135648 -0.00307118 -0.00136592 0.999994 -0.00316984 0.00306662 0.00317442 0.99999 -0.121549 0.011618 -0.192536
FixedParameters: 0 0 0

#Transform 70
Transform: AffineTransform_float_3_3
Parameters: 0.999995 0.00136145 -0.00306779 -0.00136645 0.999997 -0.00175178 0.00306593 0.00175637 0.999993 -0.110181 0.0252619 -0.1222
FixedParameters: 0 0 0

#Transform 71
Transform: AffineTransform_float_3_3
Parameters: 0.999996 0.0019143 -0.0022733 -0.00192107 0.999994 -0.0031334 0.00226792 0.00313808 0.999993 -0.127535 -0.00279587 -0.138217
FixedParameters: 0 0 0

#Transform 72
Transform: AffineTransform_float_3_3
Parameters: 0.999995 0.0016199 -0.00246972 -0.00162607 0.999995 -0.00248518 0.00246653 0.00248955 0.999994 -0.106772 -0.0308887 -0.123134
FixedParameters: 0 0 0

#Transform 73
Transform: AffineTransform_float_3_3
Parameters: 0.999996 0.00142761 -0.00242365 -0.00143605 0.999992 -0.00364246 0.00241848 0.00364615 0.999991 -0.114573 0.0413575 -0.148669
FixedParameters: 0 0 0

#Transform 74
Transform: AffineTransform_float_3_3
Parameters: 0.999995 0.0015676 -0.00270603 -0.00157513 0.999995 -0.00270151 0.00270222 0.00270544 0.999992 -0.116808 -0.0222292 -0.171217
FixedParameters: 0 0 0

#Transform 75
Transform: AffineTransform_float_3_3
Parameters: 0.999996 0.00149047 -0.00244155 -0.00149649 0.999995 -0.00268331 0.00243821 0.00268735 0.999994 -0.12545 0.0439098 -0.120635
FixedParameters: 0 0 0

#Transform 76
Transform: AffineTransform_float_3_3
Parameters: 0.999996 0.00148976 -0.00243874 -0.00149731 0.999994 -0.00323851 0.00243452 0.00324214 0.999991 -0.125325 0.030354 -0.163951
FixedParameters: 0 0 0

#Transform 77
Transform: AffineTransform_float_3_3
Parameters: 0.999996 0.00149122 -0.0024445 -0.00149558 0.999997 -0.00210252 0.00244212 0.00210617 0.999994 -0.108623 0.0180219 -0.122868
FixedParameters: 0 0 0

#Transform 78
Transform: AffineTransform_float_3_3
Parameters: 0.999996 0.00150382 -0.00237778 -0.00150986 0.999996 -0.00271614 0.00237329 0.00271965 0.999994 -0.104026 0.0455212 -0.113577
FixedParameters: 0 0 0

#Transform 79
Transform: AffineTransform_float_3_3
Parameters: 0.999996 0.00144851 -0.00263628 -0.00145662 0.999995 -0.00306762 0.00263185 0.00307071 0.999992 -0.114697 0.0358412 -0.170091
FixedParameters: 0 0 0

#Transform 80
Transform: AffineTransform_float_3_3
Parameters: 0.999995 0.00141648 -0.00280086 -0.0014224 0.999997 -0.00207842 0.00279788 0.00208311 0.999994 -0.104418 0.0401702 -0.121591
FixedParameters: 0 0 0

#Transform 81
Transform: AffineTransform_float_3_3
Parameters: 0.999994 0.00206367 -0.00297831 -0.00206843 0.999997 -0.00139975 0.00297487 0.00140656 0.999994 -0.117966 -0.00619555 -0.128792
FixedParameters: 0 0 0

#Transform 82
Transform: AffineTransform_float_3_3
Parameters: 0.999996 0.00162997 -0.00251893 -0.00163859 0.999993 -0.00334835 0.00251344 0.00335202 0.999991 -0.123787 0.0656083 -0.149634
FixedParameters: 0 0 0

#Transform 83
Transform: AffineTransform_float_3_3
Parameters: 0.999995 0.00163337 -0.00269152 -0.00163809 0.999997 -0.00175818 0.0026889 0.0017624 0.999995 -0.105655 -0.0231348 -0.0845736
FixedParameters: 0 0 0

#Transform 84
Transform: AffineTransform_float_3_3
Parameters: 0.999997 0.00127841 -0.00233985 -0.00128395 0.999996 -0.00244754 0.00233748 0.00245028 0.999994 -0.106102 0.0130177 -0.100567
FixedParameters: 0 0 0

#Transform 85
Transform: AffineTransform_float_3_3
Parameters: 0.999995 0.00120438 -0.00269573 -0.00121023 0.999997 -0.0021447 0.00269347 0.00214795 0.999994 -0.104074 0.0122066 -0.167869
FixedParameters: 0 0 0

#Transform 86
Transform: AffineTransform_float_3_3
Parameters: 0.999997 0.00127919 -0.00234336 -0.001283 0.999997 -0.00178255 0.00234094 0.00178529 0.999996 -0.106255 0.0431018 -0.105479
FixedParameters: 0 0 0

#Transform 87
Transform: AffineTransform_float_3_3
Parameters: 0.999997 0.00127899 -0.00234245 -0.00128341 0.999997 -0.00195555 0.00234056 0.00195829 0.999995 -0.100577 0.0918554 -0.198275
FixedParameters: 0 0 0

#Transform 88
Transform: AffineTransform_float_3_3
Parameters: 0.999999 0.000832214 -0.00156956 -0.000834842 0.999998 -0.00190282 0.00156774 0.00190492 0.999997 -0.0919867 0.131709 -0.128043
FixedParameters: 0 0 0

#Transform 89
Transform: AffineTransform_float_3_3
Parameters: 0.999998 0.000800398 -0.00172434 -0.000803539 0.999999 -0.00153799 0.00172245 0.00153983 0.999997 -0.0692063 -0.0188991 -0.0568424
FixedParameters: 0 0 0

#Transform 90
Transform: AffineTransform_float_3_3
Parameters: 0.999998 0.00071532 -0.00211903 -0.000721141 0.999996 -0.00267127 0.00211713 0.00267197 0.999994 -0.0583001 -0.0432723 -0.0940627
FixedParameters: 0 0 0

#Transform 91
Transform: AffineTransform_float_3_3
Parameters: 0.999998 0.00129002 -0.00182857 -0.001293 0.999998 -0.00119803 0.00182724 0.00120001 0.999998 -0.0740326 -0.0805427 -0.0523272
FixedParameters: 0 0 0

#Transform 92
Transform: AffineTransform_float_3_3
Parameters: 0.999999 0.000528937 -0.00166354 -0.000532959 0.999998 -0.00221022 0.00166255 0.00221147 0.999997 -0.0734831 0.191739 -0.111332
FixedParameters: 0 0 0

#Transform 93
Transform: AffineTransform_float_3_3
Parameters: 0.999998 0.00078996 -0.00177436 -0.000793193 0.999999 -0.00152126 0.00177253 0.00152224 0.999997 -0.0731456 0.0422329 -0.0791145
FixedParameters: 0 0 0

#Transform 94
Transform: AffineTransform_float_3_3
Parameters: 0.999998 0.00077753 -0.00182914 -0.000781436 0.999998 -0.00203462 0.00182831 0.00203565 0.999996 -0.0726622 0.0281507 -0.161027
FixedParameters: 0 0 0

#Transform 95
Transform: AffineTransform_float_3_3
Parameters: 0.999999 0.00062206 -0.00142461 -0.000624208 0.999999 -0.00150872 0.00142331 0.00150958 0.999998 -0.0632609 0.0696525 -0.11994
FixedParameters: 0 0 0

#Transform 96
Transform: AffineTransform_float_3_3
Parameters: 0.999998 0.001076 -0.0016961 -0.00107891 0.999998 -0.00155699 0.00169431 0.00155882 0.999997 -0.0547534 -0.0477319 -0.100998
FixedParameters: 0 0 0

#Transform 97
Transform: AffineTransform_float_3_3
Parameters: 1 0.000513079 -0.00100214 -0.000515329 0.999999 -0.00170745 0.00100117 0.00170757 0.999998 -0.0569175 0.0566906 -0.0766132
FixedParameters: 0 0 0

#Transform 98
Transform: AffineTransform_float_3_3
Parameters: 0.999999 0.000661299 -0.00109136 -0.00066142 0.999999 -0.00051044 0.00109048 0.000511361 1 -0.0454816 0.0323822 -0.0755362
FixedParameters: 0 0 0

#Transform 99
Transform: AffineTransform_float_3_3
Parameters: 1 0.000642357 -0.000899748 -0.000643236 0.999999 -0.00114656 0.000899056 0.0011468 0.999999 -0.0523253 0.0578166 -0.105389
FixedParameters: 0 0 0

#Transform 100
Transform: AffineTransform_float_3_3
Parameters: 0.999999 0.00075446 -0.000995689 -0.000754867 1 -0.000798879 0.000995265 0.000799468 1 -0.0520198 0.00741194 -0.0411642
FixedParameters: 0 0 0

#Transform 101
Transform: AffineTransform_float_3_3
Parameters: 0.999999 0.000558259 -0.00116803 -0.000559647 0.999998 -0.00152015 0.00116691 0.00152094 0.999998 -0.0505075 0.0221523 -0.0550812
FixedParameters: 0 0 0

#Transform 102
Transform: AffineTransform_float_3_3
Parameters: 0.999998 0.000735016 -0.00160627 -0.000736952 0.999999 -0.00103348 0.00160651 0.00103494 0.999998 -0.0489409 0.00609787 -0.0538228
FixedParameters: 0 0 0

#Transform 103
Transform: AffineTransform_float_3_3
Parameters: 0.999999 0.000569636 -0.001255 -0.000571378 0.999998 -0.00155469 0.0012538 0.00155652 0.999998 -0.05043 0.0708867 -0.0580826
FixedParameters: 0 0 0

#Transform 104
Transform: AffineTransform_float_3_3
Parameters: 0.999999 0.000644384 -0.00127372 -0.000647172 0.999999 -0.00155477 0.00127249 0.0015555 0.999998 -0.0338459 0.0452308 -0.0525637
FixedParameters: 0 0 0

#Transform 105
Transform: AffineTransform_float_3_3
Parameters: 0.999999 0.000768142 -0.00114381 -0.000769308 0.999999 -0.00111571 0.00114385 0.00111656 0.999999 -0.0346887 -0.000990856 -0.0121854
FixedParameters: 0 0 0

#Transform 106
Transform: AffineTransform_float_3_3
Parameters: 0.999999 0.000583633 -0.0012568 -0.000585992 0.999997 -0.00225983 0.00125551 0.00226039 0.999997 -0.0293319 -0.0119123 -0.0446055
FixedParameters: 0 0 0

#Transform 107
Transform: AffineTransform_float_3_3
Parameters: 0.999999 0.00064934 -0.00122672 -0.000650573 0.999999 -0.00138428 0.0012255 0.00138536 0.999999 -0.0342708 0.0667338 -0.0417039
FixedParameters: 0 0 0

#Transform 108
Transform: AffineTransform_float_3_3
Parameters: 0.999999 0.000502158 -0.000746043 -0.000503895 0.999998 -0.00194193 0.000744876 0.00194177 0.999998 -0.0360616 0.0691726 -0.0457121
FixedParameters: 0 0 0

#Transform 109
Transform: AffineTransform_float_3_3
Parameters: 0.999999 0.000502394 -0.000742644 -0.000504761 0.999996 -0.00250292 0.000741891 0.00250276 0.999996 -0.0358222 0.0300232 -0.0353859
FixedParameters: 0 0 0

#Transform 110
Transform: AffineTransform_float_3_3
Parameters: 1 0.000744678 -0.000800239 -0.000745696 0.999998 -0.00137677 0.000798969 0.00137705 0.999999 -0.0301203 0.00687613 -0.02645
FixedParameters: 0 0 0

#Transform 111
Transform: AffineTransform_float_3_3
Parameters: 1 0.00044115 -0.00103913 -0.000443186 0.999998 -0.00154963 0.00103854 0.00155004 0.999999 -0.0194412 0.0132292 -0.040991
FixedParameters: 0 0 0

#Transform 112
Transform: AffineTransform_float_3_3
Parameters: 0.999999 0.000521992 -0.00113972 -0.000524569 0.999997 -0.00258228 0.00113838 0.00258256 0.999996 -0.0288627 0.0504862 -0.058524
FixedParameters: 0 0 0

#Transform 113
Transform: AffineTransform_float_3_3
Parameters: 1 0.000670582 -0.000953624 -0.000672063 0.999999 -0.00149702 0.000953378 0.001497 0.999998 -0.0288586 0.0231614 -0.0230831
FixedParameters: 0 0 0

#Transform 114
Transform: AffineTransform_float_3_3
Parameters: 1 0.000420287 -0.00113087 -0.000424446 0.999995 -0.00286827 0.00113001 0.00286871 0.999996 -0.0058444 0.018729 -0.0223726
FixedParameters: 0 0 0

#Transform 115
Transform: AffineTransform_float_3_3
Parameters: 0.999999 0.000774325 -0.00129344 -0.000777528 0.999998 -0.00214358 0.00129167 0.00214468 0.999997 -0.0170358 0.0612906 -0.0488388
FixedParameters: 0 0 0

#Transform 116
Transform: AffineTransform_float_3_3
Parameters: 0.999999 0.000732739 -0.000692083 -0.000734839 0.999997 -0.00248342 0.000690202 0.00248405 0.999996 -0.0130753 0.0246764 -0.053216
FixedParameters: 0 0 0

#Transform 117
Transform: AffineTransform_float_3_3
Parameters: 0.999998 0.00110658 -0.00119858 -0.00111076 0.999994 -0.00328722 0.00119462 0.00328805 0.999994 -0.0138799 -0.0321411 -0.049846
FixedParameters: 0 0 0

#Transform 118
Transform: AffineTransform_float_3_3
Parameters: 0.999999 0.00070273 -0.00107126 -0.000705195 0.999996 -0.00279047 0.00106967 0.00279107 0.999995 -0.0132735 0.0304919 -0.0383722
FixedParameters: 0 0 0

#Transform 119
Transform: AffineTransform_float_3_3
Parameters: 0.999999 0.00039089 -0.00126278 -0.000396776 0.999992 -0.00400917 0.00126079 0.00400965 0.999991 0.0033972 0.0223697 -0.071878
FixedParameters: 0 0 0

#Transform 120
Transform: AffineTransform_float_3_3
Parameters: 0.999999 0.000507066 -0.000720954 -0.00050913 0.999997 -0.00236778 0.000720316 0.0023676 0.999997 -0.0140481 -0.00964291 -0.0410672
FixedParameters: 0 0 0

#Transform 121
Transform: AffineTransform_float_3_3
Parameters: 0.999999 0.000723938 -0.000408836 -0.00072588 0.99999 -0.00442062 0.000406163 0.00442124 0.99999 0.00130403 0.0692995 -0.08166
FixedParameters: 0 0 0

#Transform 122
Transform: AffineTransform_float_3_3
Parameters: 0.999999 0.000743551 -0.000996326 -0.000747554 0.999995 -0.00326895 0.000994 0.00326953 0.999995 -0.00144192 -0.011499 -0.0478311
FixedParameters: 0 0 0

#Transform 123
Transform: AffineTransform_float_3_3
Parameters: 0.999999 0.000726633 -0.000683106 -0.000729074 0.999993 -0.00360716 0.000680408 0.00360725 0.999994 0.00278389 0.0417902 -0.0143091
FixedParameters: 0 0 0

#Transform 124
Transform: AffineTransform_float_3_3
Parameters: 0.999999 0.000602628 -0.000620133 -0.000605259 0.999992 -0.00410427 0.000617727 0.00410463 0.999991 0.00328839 0.00210797 -0.0531519
FixedParameters: 0 0 0

#Transform 125
Transform: AffineTransform_float_3_3
Parameters: 0.999999 0.000825564 -0.000297944 -0.000826998 0.999994 -0.003312 0.000295422 0.00331211 0.999994 0.00075911 0.00405264 -0.0514611
FixedParameters: 0 0 0

#Transform 126
Transform: AffineTransform_float_3_3
Parameters: 0.999999 0.000522103 -0.000639193 -0.000526167 0.999987 -0.00521035 0.000637273 0.00521104 0.999986 -0.00923536 0.0839111 -0.13888
FixedParameters: 0 0 0

#Transform 127
Transform: AffineTransform_float_3_3
Parameters: 1 0.000615157 -0.000204717 -0.000616175 0.999992 -0.00376757 0.000203031 0.00376784 0.999993 -0.0130858 0.0572051 -0.0648584
FixedParameters: 0 0 0

#Transform 128
Transform: AffineTransform_float_3_3
Parameters: 0.999999 0.000530704 -0.000604819 -0.000533564 0.999994 -0.00345009 0.000602915 0.00345075 0.999994 0.00384162 -0.0572726 0.00120121
FixedParameters: 0 0 0

#Transform 129
Transform: AffineTransform_float_3_3
Parameters: 1 0.000605055 -0.00025349 -0.000606297 0.999995 -0.00313486 0.000251662 0.00313518 0.999995 0.00132975 0.0150804 -0.0512111
FixedParameters: 0 0 0

#Transform 130
Transform: AffineTransform_float_3_3
Parameters: 0.999999 0.000709388 -0.000489025 -0.00071146 0.999993 -0.00366006 0.000486581 0.00365985 0.999994 0.011511 0.0134388 -0.0343752
FixedParameters: 0 0 0

#Transform 131
Transform: AffineTransform_float_3_3
Parameters: 0.999999 0.000538109 -0.000571089 -0.000540255 0.999995 -0.00303983 0.000569584 0.00303954 0.999996 0.0213159 0.0156306 -0.0465228
FixedParameters: 0 0 0

#Transform 132
Transform: AffineTransform_float_3_3
Parameters: 0.999999 0.000551031 -0.00050927 -0.000552797 0.999994 -0.00323148 0.000508448 0.00323206 0.999994 0.0207611 0.0498029 -0.0628949
FixedParameters: 0 0 0

#Transform 133
Transform: AffineTransform_float_3_3
Parameters: 0.999999 0.000727314 -0.00108485 -0.00073111 0.999993 -0.00379951 0.00108145 0.00380018 0.999993 0.0103621 0.0147466 -0.0711024
FixedParameters: 0 0 0

#Transform 134
Transform: AffineTransform_float_3_3
Parameters: 0.999998 0.00130076 -0.000911283 -0.00130462 0.999992 -0.00371249 0.000906121 0.00371357 0.999993 0.0201452 -0.00206076 -0.0238483
FixedParameters: 0 0 0

#Transform 135
Transform: AffineTransform_float_3_3
Parameters: 1 0.00084192 -0.000832108 -0.000846785 0.999986 -0.00520987 0.000827624 0.00521129 0.999986 0.0209128 0.116797 -0.0544806
FixedParameters: 0 0 0

#Transform 136
Transform: AffineTransform_float_3_3
Parameters: 0.999999 0.000750813 -0.00108831 -0.00075501 0.999992 -0.00405848 0.00108533 0.00405922 0.999992 0.0060404 0.00937039 -0.0512498
FixedParameters: 0 0 0

#Transform 137
Transform: AffineTransform_float_3_3
Parameters: 0.999999 0.000764594 -0.00108469 -0.000770078 0.999986 -0.00518445 0.00108064 0.00518521 0.999986 0.00176784 -0.00573621 -0.0481905
FixedParameters: 0 0 0

#Transform 138
Transform: AffineTransform_float_3_3
Parameters: 1 0.000768383 -0.000599116 -0.000771032 0.99999 -0.00443861 0.00059582 0.00443863 0.99999 0.000726282 0.0389422 -0.041536
FixedParameters: 0 0 0

#Transform 139
Transform: AffineTransform_float_3_3
Parameters: 0.999999 0.000475911 -0.000854626 -0.000480747 0.999984 -0.00548871 0.000852519 0.00548862 0.999984 -0.000307446 0.015614 -0.0454824
FixedParameters: 0 0 0

#Transform 140
Transform: AffineTransform_float_3_3
Parameters: 0.999999 0.00109345 -0.000742416 -0.00109579 0.999994 -0.00339904 0.000738497 0.00340028 0.999994 -0.0140435 0.01275 -0.046581
FixedParameters: 0 0 0

#Transform 141
Transform: AffineTransform_float_3_3
Parameters: 0.999999 0.000485188 -0.000815212 -0.000489228 0.99999 -0.00457144 0.000813117 0.00457132 0.99999 0.00421599 0.0659513 -0.0299706
FixedParameters: 0 0 0

#Transform 142
Transform: AffineTransform_float_3_3
Parameters: 1 0.000442182 -0.00101729 -0.000447212 0.999989 -0.00463776 0.00101532 0.00463775 0.999989 0.00695584 0.0360584 -0.0386385
FixedParameters: 0 0 0

#Transform 143
Transform: AffineTransform_float_3_3
Parameters: 0.999999 0.000716116 -0.00110444 -0.000719662 0.999993 -0.00371464 0.00110223 0.00371533 0.999992 -0.0128641 0.037026 -0.0534954
FixedParameters: 0 0 0

#Transform 144
Transform: AffineTransform_float_3_3
Parameters: 1 0.00063288 -0.000777542 -0.000636072 0.999987 -0.00500393 0.00077433 0.00500401 0.999988 -0.0222512 0.0822168 -0.105422
FixedParameters: 0 0 0

#Transform 145
Transform: AffineTransform_float_3_3
Parameters: 0.999999 0.000720144 -0.00107703 -0.000724147 0.999993 -0.00347947 0.00107434 0.00348012 0.999993 -0.00605868 0.0774972 -0.0830229
FixedParameters: 0 0 0

#Transform 146
Transform: AffineTransform_float_3_3
Parameters: 0.999999 0.000624969 -0.00127778 -0.000631324 0.999989 -0.0046747 0.00127483 0.0046758 0.999989 -0.0138583 0.101074 -0.0707151
FixedParameters: 0 0 0

#Transform 147
Transform: AffineTransform_float_3_3
Parameters: 0.999999 0.000355493 -0.00142549 -0.000362213 0.99999 -0.00458848 0.00142395 0.00458859 0.999988 -0.0173687 -0.00628202 -0.0689957
FixedParameters: 0 0 0

#Transform 148
Transform: AffineTransform_float_3_3
Parameters: 0.999999 0.000397079 -0.0012308 -0.000402603 0.99999 -0.00443617 0.0012292 0.00443624 0.999989 -0.0186928 0.0284411 -0.0716905
FixedParameters: 0 0 0

#Transform 149
Transform: AffineTransform_float_3_3
Parameters: 1 0.000452058 -0.000968125 -0.000457667 0.999986 -0.00516024 0.000965589 0.00516061 0.999987 -0.020299 0.0461872 -0.0957794
FixedParameters: 0 0 0

#Transform 150
Transform: AffineTransform_float_3_3
Parameters: 1 0.000438054 -0.00103543 -0.000443548 0.999988 -0.00487088 0.00103427 0.00487089 0.999987 -0.0172953 0.00515074 -0.100408
FixedParameters: 0 0 0

#Transform 151
Transform: AffineTransform_float_3_3
Parameters: 0.999999 0.000753467 -0.00124846 -0.000759354 0.999991 -0.0042152 0.00124521 0.00421659 0.999991 -0.0313382 0.0456091 -0.0807962
FixedParameters: 0 0 0

#Transform 152
Transform: AffineTransform_float_3_3
Parameters: 0.999999 0.000388913 -0.00126514 -0.00039536 0.999987 -0.00505341 0.00126292 0.00505349 0.999986 -0.0187086 0.0585024 -0.0818424
FixedParameters: 0 0 0

#Transform 153
Transform: AffineTransform_float_3_3
Parameters: 0.999998 0.000573104 -0.0015044 -0.000579836 0.99999 -0.00442418 0.00150202 0.0044254 0.999989 -0.0276105 -0.0159454 -0.0721295
FixedParameters: 0 0 0

#Transform 154
Transform: AffineTransform_float_3_3
Parameters: 0.999999 0.000618392 -0.00135931 -0.000624498 0.999991 -0.00430735 0.00135689 0.00430722 0.99999 -0.0188603 0.00990964 -0.0779397
FixedParameters: 0 0 0

#Transform 155
Transform: AffineTransform_float_3_3
Parameters: 0.999999 0.000395148 -0.00123461 -0.000401772 0.999986 -0.00524521 0.00123218 0.00524528 0.999985 -0.0185272 0.0066612 -0.0908913
FixedParameters: 0 0 0

#Transform 156
Transform: AffineTransform_float_3_3
Parameters: 0.999999 0.000384224 -0.00129255 -0.000389823 0.999991 -0.00425738 0.0012912 0.00425787 0.99999 -0.0185116 0.0517764 -0.0785724
FixedParameters: 0 0 0

#Transform 157
Transform: AffineTransform_float_3_3
Parameters: 1 0.000638316 -0.000834056 -0.0006436 0.999982 -0.0060033 0.000830481 0.00600439 0.999981 0.00487463 -0.00681134 -0.039419
FixedParameters: 0 0 0

#Transform 158
Transform: AffineTransform_float_3_3
Parameters: 0.999999 0.000967799 -0.000757712 -0.00097315 0.999975 -0.00701023 0.000751179 0.00701173 0.999975 0.00325932 -0.0187635 -0.13723
FixedParameters: 0 0 0

#Transform 159
Transform: AffineTransform_float_3_3
Parameters: 0.999999 0.000749849 -0.00101488 -0.000755333 0.999981 -0.00609409 0.00101041 0.00609472 0.999981 0.0121644 -0.00540734 -0.104333
FixedParameters: 0 0 0

#Transform 160
Transform: AffineTransform_float_3_3
Parameters: 0.999999 0.000512903 -0.000669535 -0.000518756 0.999963 -0.00860157 0.000665612 0.00860137 0.999963 0.0266049 0.010427 -0.116088
FixedParameters: 0 0 0

#Transform 161
Transform: AffineTransform_float_3_3
Parameters: 0.999999 0.000735141 -0.00103191 -0.000742426 0.999977 -0.00683924 0.00102652 0.00683986 0.999976 0.0303621 -0.020222 -0.0565842
FixedParameters: 0 0 0

#Transform 162
Transform: AffineTransform_float_3_3
Parameters: 1 0.00063438 -0.000110924 -0.000635131 0.999977 -0.00671605 0.000107347 0.00671622 0.999978 0.0216837 0.00130381 -0.0992993
FixedParameters: 0 0 0

#Transform 163
Transform: AffineTransform_float_3_3
Parameters: 0.999999 0.00105735 -0.000807293 -0.00106156 0.999983 -0.00579251 0.000801098 0.00579385 0.999983 0.023886 -0.0152143 -0.0840638
FixedParameters: 0 0 0

#Transform 164
Transform: AffineTransform_float_3_3
Parameters: 1 0.000605801 -0.000900677 -0.000611542 0.999976 -0.00686275 0.000896058 0.00686294 0.999976 0.0299656 -0.00229677 -0.0522098
FixedParameters: 0 0 0

#Transform 165
Transform: AffineTransform_float_3_3
Parameters: 0.999999 0.00146732 -0.00103462 -0.00147189 0.99999 -0.00427394 0.00102834 0.00427437 0.99999 0.00312653 -0.109427 0.114379
FixedParameters: 0 0 0

#Transform 166
Transform: AffineTransform_float_3_3
Parameters: 0.999999 0.000387091 -0.000685186 -0.000391443 0.999975 -0.00698187 0.000681733 0.00698149 0.999975 0.0291647 0.108375 -0.0541738
FixedParameters: 0 0 0

#Transform 167
Transform: AffineTransform_float_3_3
Parameters: 0.999999 0.000691698 -0.00036911 -0.000693113 0.999992 -0.00394043 0.000366405 0.00394096 0.999992 0.0270226 0.00123256 -0.013048
FixedParameters: 0 0 0

#Transform 168
Transform: AffineTransform_float_3_3
Parameters: 1 0.000518036 -7.78319e-05 -0.000518413 0.999986 -0.00523797 7.53727e-05 0.00523807 0.999987 0.02601 0.0303227 -0.084869
FixedParameters: 0 0 0

#Transform 169
Transform: AffineTransform_float_3_3
Parameters: 0.999999 0.000622175 -0.000588359 -0.000625198 0.999988 -0.00480182 0.000585913 0.00480165 0.999989 0.00841658 0.00276952 -0.0705623
FixedParameters: 0 0 0

#Transform 170
Transform: AffineTransform_float_3_3
Parameters: 0.999999 0.000699515 -0.000604111 -0.000701846 0.999987 -0.00491877 0.000600558 0.00491872 0.999988 0.0183632 0.0497171 -0.0151358
FixedParameters: 0 0 0

#Transform 171
Transform: AffineTransform_float_3_3
Parameters: 1 0.000687819 -0.000686917 -0.000692127 0.999986 -0.00518829 0.000684283 0.00518834 0.999987 0.01811 -0.00699128 -0.0183344
FixedParameters: 0 0 0

#Transform 172
Transform: AffineTransform_float_3_3
Parameters: 1 0.000553579 -6.56553e-05 -0.00055379 0.999992 -0.00397983 6.32248e-05 0.00397991 0.999992 0.00998466 0.0235928 -0.0497442
FixedParameters: 0 0 0

#Transform 173
Transform: AffineTransform_float_3_3
Parameters: 0.999999 0.000609863 -0.000581547 -0.000613657 0.999984 -0.00549181 0.000578379 0.00549162 0.999985 -0.0057426 0.0576353 -0.0684888
FixedParameters: 0 0 0

#Transform 174
Transform: AffineTransform_float_3_3
Parameters: 1 0.000906364 -0.000751733 -0.00090984 0.999987 -0.00486123 0.000747221 0.0048617 0.999988 -0.00151614 0.00115408 -0.00873
FixedParameters: 0 0 0

#Transform 175
Transform: AffineTransform_float_3_3
Parameters: 0.999999 0.000665666 -0.000463981 -0.000668108 0.999985 -0.00542806 0.000460285 0.0054287 0.999985 -0.0142908 -0.00625456 -0.0614672
FixedParameters: 0 0 0

#Transform 176
Transform: AffineTransform_float_3_3
Parameters: 0.999999 0.000762987 -0.00102026 -0.000767022 0.99999 -0.0042501 0.00101688 0.00425167 0.99999 -0.0118077 -0.0149039 -0.0704304
FixedParameters: 0 0 0

#Transform 177
Transform: AffineTransform_float_3_3
Parameters: 0.999999 0.000678272 -0.00123794 -0.000685308 0.999985 -0.00555455 0.00123408 0.00555533 0.999984 -0.0268972 0.0171474 -0.0402556
FixedParameters: 0 0 0

#Transform 178
Transform: AffineTransform_float_3_3
Parameters: 1 0.000706694 -0.000911834 -0.000710909 0.999988 -0.00483556 0.000908114 0.00483595 0.999988 -0.0119652 -0.0423931 -0.0260668
FixedParameters: 0 0 0

#Transform 179
Transform: AffineTransform_float_3_3
Parameters: 0.999999 0.000405518 -0.00060649 -0.000408391 0.999988 -0.00499536 0.000603802 0.00499586 0.999988 -0.0127638 0.0118435 -0.0101659
FixedParameters: 0 0 0

#Transform 180
Transform: AffineTransform_float_3_3
Parameters: 1 0.00078033 -0.000808009 -0.000784475 0.999985 -0.00551202 0.000803507 0.00551198 0.999984 -0.0100217 -0.0431662 -0.0492532
FixedParameters: 0 0 0

#Transform 181
Transform: AffineTransform_float_3_3
Parameters: 1 0.000816985 -0.000824449 -0.000819971 0.999992 -0.00403101 0.000821182 0.00403106 0.999991 -0.0134147 0.046943 -0.0680248
FixedParameters: 0 0 0

#Transform 182
Transform: AffineTransform_float_3_3
Parameters: 1 0.000711887 -0.00079318 -0.000715931 0.999985 -0.00554887 0.00078938 0.00554911 0.999985 -0.0151536 0.0439906 -0.0356565
FixedParameters: 0 0 0

#Transform 183
Transform: AffineTransform_float_3_3
Parameters: 1 0.000868645 -0.000741523 -0.000872059 0.999987 -0.00488525 0.000737336 0.00488564 0.999988 -0.0259421 0.0164224 -0.0422895
FixedParameters: 0 0 0

#Transform 184
Transform: AffineTransform_float_3_3
Parameters: 1 0.000485172 -0.000232619 -0.000485999 0.999988 -0.00487394 0.000230647 0.00487418 0.999988 -0.0304601 -0.0108513 -0.0373833
FixedParameters: 0 0 0

#Transform 185
Transform: AffineTransform_float_3_3
Parameters: 0.999999 0.00112085 -0.000571643 -0.00112346 0.99998 -0.00610686 0.000565208 0.00610726 0.999982 -0.0345928 0.00866117 -0.0338932
FixedParameters: 0 0 0

#Transform 186
Transform: AffineTransform_float_3_3
Parameters: 1 0.0011264 -0.000365055 -0.00112824 0.999983 -0.00559072 0.000359141 0.00559066 0.999985 -0.0418177 0.0225288 0.00407078
FixedParameters: 0 0 0

#Transform 187
Transform: AffineTransform_float_3_3
