#Insight Transform File V1.0
#Transform 0
Transform: AffineTransform_float_3_3
Parameters: 1 -0.000411805 0.000492432 0.000413182 0.999997 -0.00245434 -0.000491212 0.00245476 0.999997 -0.00968213 -0.0835439 -0.0929455
FixedParameters: 0 0 0

#Transform 1
Transform: AffineTransform_float_3_3
Parameters: 0.999999 -0.000742436 0.00104088 0.000746234 0.999993 -0.00350421 -0.00103906 0.00350527 0.999994 -0.0176098 -0.00473306 -0.11702
FixedParameters: 0 0 0

#Transform 2
Transform: AffineTransform_float_3_3
Parameters: 1 -0.000648183 0.000847935 0.000651258 0.999993 -0.00362558 -0.000844663 0.00362577 0.999993 -0.0143676 -0.0169445 -0.0924322
FixedParameters: 0 0 0

#Transform 3
Transform: AffineTransform_float_3_3
Parameters: 1 -0.000818804 0.000651515 0.000820946 0.999991 -0.00422685 -0.000647974 0.00422799 0.999991 -0.00534986 0.0493887 -0.163662
FixedParameters: 0 0 0

#Transform 4
Transform: AffineTransform_float_3_3
Parameters: 1 -0.000799769 0.000754548 0.000802731 0.999993 -0.00350198 -0.00075152 0.00350324 0.999993 0.00811035 0.0142834 -0.123214
FixedParameters: 0 0 0

#Transform 5
Transform: AffineTransform_float_3_3
Parameters: 0.999999 -0.000216369 0.000876232 0.000218981 0.999995 -0.00315174 -0.000875291 0.00315212 0.999994 -0.00378005 0.028637 -0.108315
FixedParameters: 0 0 0

#Transform 6
Transform: AffineTransform_float_3_3
Parameters: 1 -8.39751e-05 0.000362461 8.5543e-05 0.999994 -0.00340677 -0.000362706 0.00340685 0.999994 0.00756273 0.0285434 -0.146115
FixedParameters: 0 0 0

#Transform 7
Transform: AffineTransform_float_3_3
Parameters: 1 -0.000100762 0.000383284 0.000101753 0.999996 -0.0026448 -0.00038355 0.00264527 0.999997 0.00646079 -0.0225892 -0.078985
FixedParameters: 0 0 0

#Transform 8
Transform: AffineTransform_float_3_3
Parameters: 1 5.42176e-05 0.000352647 -5.32041e-05 0.999996 -0.00263361 -0.000352751 0.00263394 0.999997 -0.0163904 0.050093 -0.103077
FixedParameters: 0 0 0

#Transform 9
Transform: AffineTransform_float_3_3
Parameters: 1 5.67649e-05 0.000363692 -5.55307e-05 0.999996 -0.0027961 -0.000363835 0.00279605 0.999996 -0.0209204 0.0481388 -0.138114
FixedParameters: 0 0 0

#Transform 10
Transform: AffineTransform_float_3_3
Parameters: 1 0.000151821 0.000335714 -0.000150465 0.999995 -0.00314086 -0.000336499 0.00314075 0.999995 0.0047239 0.0348366 -0.123909
FixedParameters: 0 0 0

#Transform 11
Transform: AffineTransform_float_3_3
Parameters: 1 5.60122e-05 0.000357515 -5.4603e-05 0.999996 -0.00302602 -0.000357685 0.00302597 0.999996 0.00440192 0.0778743 -0.126002
FixedParameters: 0 0 0

#Transform 12
Transform: AffineTransform_float_3_3
Parameters: 1 5.91521e-05 0.000380755 -5.82444e-05 0.999998 -0.00230137 -0.000380849 0.00230131 0.999998 -0.00765341 0.00998494 -0.0958197
FixedParameters: 0 0 0

#Transform 13
Transform: AffineTransform_float_3_3
Parameters: 1 -2.29852e-05 -3.92153e-05 2.29609e-05 0.999995 -0.00317687 3.93331e-05 0.00317687 0.999995 0.0164106 -0.00616202 -0.131226
FixedParameters: 0 0 0

#Transform 14
Transform: AffineTransform_float_3_3
Parameters: 1 -1.14825e-06 7.6538e-05 1.65637e-06 0.999997 -0.00243635 -7.65481e-05 0.00243635 0.999997 0.0130574 -0.0202102 -0.0921355
FixedParameters: 0 0 0

#Transform 15
Transform: AffineTransform_float_3_3
Parameters: 0.999999 0.00075762 0.000271918 -0.000757566 0.999998 -0.00146287 -0.000272966 0.00146243 0.999999 -0.0322752 -0.0571023 -0.0760476
FixedParameters: 0 0 0

#Transform 16
Transform: AffineTransform_float_3_3
Parameters: 1 -0.000106723 -0.000116474 0.000106491 1 -0.00118939 0.000116722 0.00118937 1 -0.0257276 -0.0632696 -0.0820327
FixedParameters: 0 0 0

#Transform 17
Transform: AffineTransform_float_3_3
Parameters: 1 -0.000319809 -0.000480017 0.000319034 0.999998 -0.00167467 0.000479911 0.00167477 0.999999 0.0327384 -0.025357 -0.113279
FixedParameters: 0 0 0

#Transform 18
Transform: AffineTransform_float_3_3
Parameters: 1 -0.000318326 6.28443e-07 0.000318134 1 -0.000348206 -1.38779e-06 0.000348228 1 0.0192889 -0.0955318 -0.028382
FixedParameters: 0 0 0

#Transform 19
Transform: AffineTransform_float_3_3
Parameters: 1 5.09743e-05 0.000330208 -5.15505e-05 0.999999 0.000872624 -0.000330119 -0.000872658 0.999999 -0.00881552 0.0088733 0.0246778
FixedParameters: 0 0 0

#Transform 20
Transform: AffineTransform_float_3_3
Parameters: 1 -0.000185275 0.000360695 0.000184757 0.999999 0.000718643 -0.000360961 -0.000718509 0.999999 -0.00392069 -0.0102565 0.00904306
FixedParameters: 0 0 0

#Transform 21
Transform: AffineTransform_float_3_3
Parameters: 1 -4.79416e-05 0.000356571 4.86136e-05 1 0.000423267 -0.000356827 -0.00042415 1 -0.00300039 -0.0351981 0.0109974
FixedParameters: 0 0 0

#Transform 22
Transform: AffineTransform_float_3_3
Parameters: 1 0.000134774 0.000233921 -0.000134743 1 -6.76988e-05 -0.000233939 6.76358e-05 1 -0.00665854 0.00413984 -0.00827772
FixedParameters: 0 0 0

#Transform 23
Transform: AffineTransform_float_3_3
Parameters: 1 0.000658122 -0.000175462 -0.000658067 0.999999 -0.000393891 0.000175925 0.0003941 1 -0.0176564 0.0111848 0.0031498
FixedParameters: 0 0 0

#Transform 24
Transform: AffineTransform_float_3_3
Parameters: 1 0.000641765 -0.000619213 -0.000642009 0.999999 -0.000155463 0.000618997 0.000155332 1 -0.0209835 0.00456196 0.0147643
FixedParameters: 0 0 0

#Transform 25
Transform: AffineTransform_float_3_3
Parameters: 1 0.000833375 -0.000791547 -0.000833841 1 -0.000412118 0.000791816 0.000412113 0.999999 -0.0234918 -0.0101346 0.0146027
FixedParameters: 0 0 0

#Transform 26
Transform: AffineTransform_float_3_3
Parameters: 0.999999 0.00101653 -0.000706928 -0.00101738 0.999999 -0.000731573 0.000706395 0.000731685 0.999999 -0.00671935 -0.00233445 -0.0320025
FixedParameters: 0 0 0

#Transform 27
Transform: AffineTransform_float_3_3
Parameters: 0.999999 0.000569902 -0.000627328 -0.000571039 0.999999 -0.00109137 0.000627036 0.00109114 1 -0.0165076 0.0166636 -0.0355389
FixedParameters: 0 0 0

#Transform 28
Transform: AffineTransform_float_3_3
Parameters: 1 0.000483006 -0.0010667 -0.000484145 0.999999 -0.00108106 0.00106642 0.00108116 0.999999 -0.0105279 -0.0016298 -0.0352062
FixedParameters: 0 0 0

#Transform 29
Transform: AffineTransform_float_3_3
Parameters: 0.999999 0.000696084 -0.0011522 -0.000696083 1 -0.000424313 0.00115142 0.000425924 0.999999 -0.0216959 -0.0555276 -0.0177976
FixedParameters: 0 0 0

#Transform 30
Transform: AffineTransform_float_3_3
Parameters: 1 0.000856393 -0.000826308 -0.000856442 0.999999 -0.00073544 0.000825811 0.000735537 0.999999 -0.0325959 -0.0378006 0.0134712
FixedParameters: 0 0 0

#Transform 31
Transform: AffineTransform_float_3_3
Parameters: 0.999999 0.000682898 -0.00136655 -0.00068513 0.999998 -0.00168759 0.00136576 0.00168757 0.999998 -0.0153385 -0.00355023 -0.0544377
FixedParameters: 0 0 0

#Transform 32
Transform: AffineTransform_float_3_3
Parameters: 0.999998 0.00103125 -0.00164461 -0.00103252 0.999999 -0.000724281 0.00164387 0.000725809 0.999998 -0.0434906 -0.0257658 -0.0218834
FixedParameters: 0 0 0

#Transform 33
Transform: AffineTransform_float_3_3
Parameters: 0.999997 0.00112765 -0.00238641 -0.00112829 0.999999 -0.000306501 0.00238548 0.000309493 0.999997 -0.0367322 0.0562101 -0.032708
FixedParameters: 0 0 0

#Transform 34
Transform: AffineTransform_float_3_3
Parameters: 0.999998 0.00117617 -0.00202617 -0.00117656 0.999999 -0.000359078 0.00202606 0.000361432 0.999998 -0.0555509 0.0176181 -0.0424203
FixedParameters: 0 0 0

#Transform 35
Transform: AffineTransform_float_3_3
Parameters: 0.999998 0.000934207 -0.00213702 -0.000935391 1 -0.000296267 0.00213739 0.000297843 0.999998 -0.0330239 -6.88689e-05 -0.027881
FixedParameters: 0 0 0

#Transform 36
Transform: AffineTransform_float_3_3
Parameters: 0.999999 0.000704525 -0.00115073 -0.000706774 0.999998 -0.00203377 0.0011494 0.00203444 0.999998 -3.93745e-05 -0.00401798 -0.103597
FixedParameters: 0 0 0

#Transform 37
Transform: AffineTransform_float_3_3
Parameters: 0.999999 0.000820705 -0.000320929 -0.000821784 0.999995 -0.00287161 0.000319133 0.00287207 0.999996 -0.0303961 0.0368607 -0.135899
FixedParameters: 0 0 0

#Transform 38
Transform: AffineTransform_float_3_3
Parameters: 0.999999 0.000682152 -0.000525921 -0.000683456 0.999998 -0.00146611 0.000524894 0.00146681 0.999999 -0.0227087 0.0145415 -0.0725502
FixedParameters: 0 0 0

#Transform 39
Transform: AffineTransform_float_3_3
Parameters: 0.999999 0.000699255 -0.000435659 -0.000699972 1 -0.000875277 0.000434425 0.000875508 0.999999 -0.0257628 -0.0190047 -0.0576563
FixedParameters: 0 0 0

#Transform 40
Transform: AffineTransform_float_3_3
Parameters: 0.999996 0.00131536 -0.00253563 -0.00131978 0.999998 -0.00194765 0.00253238 0.00195059 0.999995 -0.0817718 -0.0123657 -0.0262403
FixedParameters: 0 0 0

#Transform 41
Transform: AffineTransform_float_3_3
Parameters: 0.999998 0.000801567 -0.00193066 -0.00080228 1 -0.000473076 0.00193065 0.000474686 0.999998 -0.0260165 -0.047171 0.0201873
FixedParameters: 0 0 0

#Transform 42
Transform: AffineTransform_float_3_3
Parameters: 0.999999 0.00104505 -0.00150251 -0.00104635 0.999999 -0.000805708 0.00150159 0.000807909 0.999998 -0.0481115 -0.0361929 0.0263056
FixedParameters: 0 0 0

#Transform 43
Transform: AffineTransform_float_3_3
Parameters: 0.999998 0.00132321 -0.00156014 -0.0013249 0.999999 -0.000914888 0.00155845 0.000916773 0.999998 -0.0340179 -0.0153329 -0.0334856
FixedParameters: 0 0 0

#Transform 44
Transform: AffineTransform_float_3_3
Parameters: 0.999998 0.00112413 -0.00150364 -0.00112484 0.999999 -0.000214583 0.00150311 0.000216113 0.999999 -0.0503336 -0.0424449 0.0173019
FixedParameters: 0 0 0

#Transform 45
Transform: AffineTransform_float_3_3
Parameters: 0.999999 0.00096934 -0.00148296 -0.000970243 0.999999 -0.000617014 0.00148155 0.000618971 0.999999 -0.0208543 -0.0357032 -0.00577447
FixedParameters: 0 0 0

#Transform 46
Transform: AffineTransform_float_3_3
Parameters: 0.999999 0.000769003 -0.00136437 -0.000771657 0.999998 -0.00177683 0.0013622 0.00177799 0.999997 -0.0305588 0.00527162 -0.0687327
FixedParameters: 0 0 0

#Transform 47
Transform: AffineTransform_float_3_3
Parameters: 0.999998 0.0013346 -0.00163339 -0.00133838 0.999997 -0.00225954 0.00162966 0.00226163 0.999996 -0.0407341 0.0444773 -0.124349
FixedParameters: 0 0 0

#Transform 48
Transform: AffineTransform_float_3_3
Parameters: 0.999997 0.00117059 -0.00218975 -0.00117789 0.999994 -0.00331222 0.00218661 0.0033145 0.999992 -0.0142599 0.0673295 -0.163548
FixedParameters: 0 0 0

#Transform 49
Transform: AffineTransform_float_3_3
Parameters: 0.999998 0.000822177 -0.00158474 -0.0008312 0.999984 -0.00559562 0.00157992 0.00559761 0.999983 -0.0255587 0.0634062 -0.332163
FixedParameters: 0 0 0

#Transform 50
Transform: AffineTransform_float_3_3
Parameters: 0.999997 0.0011605 -0.00249925 -0.00117395 0.999984 -0.00551127 0.00249274 0.00551367 0.999982 -0.00678742 0.0693391 -0.293923
FixedParameters: 0 0 0

#Transform 51
Transform: AffineTransform_float_3_3
Parameters: 0.999996 0.00117799 -0.00241466 -0.00118914 0.999989 -0.00471429 0.00240832 0.00471714 0.999986 -0.00936987 0.0484367 -0.281869
FixedParameters: 0 0 0

#Transform 52
Transform: AffineTransform_float_3_3
Parameters: 0.999997 0.00122418 -0.00218498 -0.00123531 0.999986 -0.00503467 0.00217858 0.00503753 0.999985 -0.0162735 0.0436325 -0.302328
FixedParameters: 0 0 0

#Transform 53
Transform: AffineTransform_float_3_3
Parameters: 0.999997 0.000747267 -0.00232863 -0.000760018 0.999987 -0.00520806 0.00232463 0.00521004 0.999984 0.011235 0.000810994 -0.394118
FixedParameters: 0 0 0

#Transform 54
Transform: AffineTransform_float_3_3
Parameters: 0.999996 0.000551707 -0.00290495 -0.000565143 0.999988 -0.00476509 0.00290291 0.00476666 0.999984 0.0357279 0.0888928 -0.378944
FixedParameters: 0 0 0

#Transform 55
Transform: AffineTransform_float_3_3
Parameters: 0.999996 0.00114623 -0.00257277 -0.00115777 0.999989 -0.00451728 0.00256817 0.00452071 0.999987 -0.00555108 0.0844347 -0.364343
FixedParameters: 0 0 0

#Transform 56
Transform: AffineTransform_float_3_3
Parameters: 0.999997 0.0012276 -0.00246991 -0.0012421 0.999983 -0.00559106 0.00246267 0.00559464 0.999981 0.00302913 0.0745843 -0.386018
FixedParameters: 0 0 0

#Transform 57
Transform: AffineTransform_float_3_3
Parameters: 0.999998 0.00132791 -0.0016693 -0.00133451 0.999992 -0.00388696 0.00166379 0.00388945 0.999991 -0.00911798 0.0551164 -0.31145
FixedParameters: 0 0 0

#Transform 58
Transform: AffineTransform_float_3_3
Parameters: 0.999998 0.00168117 0.000176063 -0.00168138 0.99999 0.00411804 -0.000168539 -0.00411886 0.999992 -0.0533606 -0.0730658 -0.0379273
FixedParameters: 0 0 0

#Transform 59
Transform: AffineTransform_float_3_3
Parameters: 0.999999 0.000812542 -0.000188001 -0.000812333 0.999999 0.000949174 0.000188553 -0.000949225 0.999999 0.0161828 0.149311 -0.238758
FixedParameters: 0 0 0

#Transform 60
Transform: AffineTransform_float_3_3
Parameters: 0.999998 -0.000129025 -0.00165161 0.00012923 1 -0.000221504 0.00165149 0.000221463 0.999998 0.0358332 -0.0702349 -0.121959
FixedParameters: 0 0 0

#Transform 61
Transform: AffineTransform_float_3_3
Parameters: 0.999999 0.000791858 -0.00106377 -0.000792385 1 -0.00024445 0.00106336 0.00024521 1 -0.00930645 0.106719 -0.216211
FixedParameters: 0 0 0

#Transform 62
Transform: AffineTransform_float_3_3
Parameters: 0.999999 0.000638008 -0.00136562 -0.000640038 0.999999 -0.00117044 0.00136489 0.00117124 0.999998 0.0135499 -0.0547296 -0.124216
FixedParameters: 0 0 0

#Transform 63
Transform: AffineTransform_float_3_3
Parameters: 0.999999 1.37993e-05 -0.00093111 -1.48679e-05 0.999998 -0.00165128 0.000930675 0.0016517 0.999998 0.0324486 -0.0312148 -0.2433
FixedParameters: 0 0 0

#Transform 64
Transform: AffineTransform_float_3_3
Parameters: 0.999998 0.000773608 -0.00140287 -0.000772173 0.999999 0.000931808 0.0014035 -0.00093055 0.999998 0.0355395 0.0206299 -0.176521
FixedParameters: 0 0 0

#Transform 65
Transform: AffineTransform_float_3_3
Parameters: 0.999998 0.000702199 -0.0017678 -0.000700695 1 0.000773569 0.00176806 -0.000772547 0.999999 0.0363324 0.0655426 -0.174081
FixedParameters: 0 0 0

#Transform 66
Transform: AffineTransform_float_3_3
Parameters: 0.999999 -0.000270654 -0.00140712 0.000272712 1 0.00107955 0.00140673 -0.00107994 0.999999 0.0874357 -0.0292971 -0.193199
FixedParameters: 0 0 0

#Transform 67
Transform: AffineTransform_float_3_3
Parameters: 0.999997 -0.000652403 -0.00232685 0.000648716 0.999998 -0.0015761 0.00232719 0.00157519 0.999996 0.118159 0.0682977 -0.270593
FixedParameters: 0 0 0

#Transform 68
Transform: AffineTransform_float_3_3
Parameters: 0.999997 -0.000408363 -0.00233642 0.000405306 0.999999 -0.00126491 0.0023369 0.00126416 0.999997 0.0968217 0.0480386 -0.249911
FixedParameters: 0 0 0

#Transform 69
Transform: AffineTransform_float_3_3
Parameters: 0.999995 -6.76455e-06 -0.00300925 2.32419e-06 0.999998 -0.0015608 0.00300929 0.00156138 0.999994 0.0618802 -0.0414366 -0.219688
FixedParameters: 0 0 0

#Transform 70
Transform: AffineTransform_float_3_3
Parameters: 0.999995 0.000204715 -0.00296675 -0.000216171 0.999992 -0.0038743 0.00296589 0.00387522 0.999988 0.0549208 0.0356326 -0.332498
FixedParameters: 0 0 0

#Transform 71
Transform: AffineTransform_float_3_3
Parameters: 0.999997 0.00069983 -0.0024919 -0.000708958 0.999992 -0.00383867 0.00248959 0.00384104 0.999989 0.0263855 0.0625302 -0.323047
FixedParameters: 0 0 0

#Transform 72
Transform: AffineTransform_float_3_3
Parameters: 0.999994 0.00075922 -0.00318559 -0.00076698 0.999996 -0.00255873 0.00318399 0.00256138 0.999992 0.0442715 0.100482 -0.312289
FixedParameters: 0 0 0

#Transform 73
Transform: AffineTransform_float_3_3
Parameters: 0.999996 0.000361031 -0.00305369 -0.000369679 0.999996 -0.00279216 0.00305299 0.00279275 0.999991 0.0378999 0.00295124 -0.290474
FixedParameters: 0 0 0

#Transform 74
Transform: AffineTransform_float_3_3
Parameters: 0.999994 0.000656266 -0.00323658 -0.000664508 0.999996 -0.00256358 0.00323452 0.00256566 0.999992 0.0281464 0.042887 -0.251931
FixedParameters: 0 0 0

#Transform 75
Transform: AffineTransform_float_3_3
Parameters: 0.999996 0.000859799 -0.00268081 -0.000866985 0.999996 -0.00257689 0.00267904 0.00257853 0.999993 0.00374567 0.0615831 -0.256329
FixedParameters: 0 0 0

#Transform 76
Transform: AffineTransform_float_3_3
Parameters: 0.999996 0.000516189 -0.00306667 -0.000526104 0.999995 -0.00301771 0.00306585 0.00301961 0.999991 0.0390108 0.045975 -0.282045
FixedParameters: 0 0 0

#Transform 77
Transform: AffineTransform_float_3_3
Parameters: 0.999996 0.000863216 -0.00278648 -0.000869953 0.999996 -0.00257423 0.00278451 0.00257646 0.999993 0.0265267 0.0607501 -0.236827
FixedParameters: 0 0 0

#Transform 78
Transform: AffineTransform_float_3_3
Parameters: 0.999997 0.000899133 -0.00260828 -0.000904574 0.999997 -0.00204449 0.00260553 0.00204717 0.999995 0.0213547 0.0468503 -0.22896
FixedParameters: 0 0 0

#Transform 79
Transform: AffineTransform_float_3_3
Parameters: 0.999994 0.0016521 -0.00314635 -0.00166257 0.999993 -0.00348417 0.00314057 0.00348931 0.999989 -0.00351276 0.0515027 -0.284994
FixedParameters: 0 0 0

#Transform 80
Transform: AffineTransform_float_3_3
Parameters: 0.999993 0.00161252 -0.00335211 -0.00161996 0.999996 -0.00225666 0.00334825 0.00226264 0.999992 -0.00820352 0.0272961 -0.25093
FixedParameters: 0 0 0

#Transform 81
Transform: AffineTransform_float_3_3
Parameters: 0.999995 0.000199268 -0.00310122 -0.000213679 0.99999 -0.00455141 0.00310069 0.00455236 0.999985 0.0779349 0.127071 -0.340209
FixedParameters: 0 0 0

#Transform 82
Transform: AffineTransform_float_3_3
Parameters: 0.999997 -0.00107355 -0.00221553 0.00105772 0.999975 -0.00692051 0.00222337 0.00691804 0.999974 0.156926 0.25642 -0.680099
FixedParameters: 0 0 0

#Transform 83
Transform: AffineTransform_float_3_3
Parameters: 0.999997 0.000638782 -0.00206536 -0.000637711 1 0.000557469 0.00206524 -0.000556291 0.999998 -0.0308073 -0.100915 0.158753
FixedParameters: 0 0 0

#Transform 84
Transform: AffineTransform_float_3_3
Parameters: 0.999998 0.000620435 -0.00216328 -0.000615021 0.999996 0.00247545 0.0021653 -0.00247387 0.999994 -0.0441273 -0.0140904 0.177707
FixedParameters: 0 0 0

#Transform 85
Transform: AffineTransform_float_3_3
Parameters: 0.999997 0.00117703 -0.00231169 -0.00116862 0.999992 0.00372784 0.002316 -0.00372474 0.99999 -0.0488318 -0.00902131 0.171842
FixedParameters: 0 0 0

#Transform 86
Transform: AffineTransform_float_3_3
Parameters: 0.999997 0.00138281 -0.00201606 -0.00137518 0.99999 0.00414366 0.00202105 -0.00414168 0.99999 -0.064343 -0.0637318 0.212331
FixedParameters: 0 0 0

#Transform 87
Transform: AffineTransform_float_3_3
Parameters: 0.999997 0.00138038 -0.00202804 -0.0013736 0.999992 0.00364277 0.00203246 -0.00363985 0.999991 -0.0472031 -0.0940528 0.18914
FixedParameters: 0 0 0

#Transform 88
Transform: AffineTransform_float_3_3
Parameters: 0.999997 0.000699694 -0.0025957 -0.000690556 0.999993 0.00376384 0.00259885 -0.00376223 0.99999 0.000799341 0.000994747 0.199412
FixedParameters: 0 0 0

#Transform 89
Transform: AffineTransform_float_3_3
Parameters: 0.999998 0.00100166 -0.00202112 -0.000995841 0.999994 0.00306386 0.00202441 -0.00306124 0.999993 -0.0233985 0.00898383 0.137161
FixedParameters: 0 0 0

#Transform 90
Transform: AffineTransform_float_3_3
Parameters: 0.999996 0.000737027 -0.00267339 -0.000728887 0.999994 0.00312765 0.00267553 -0.00312534 0.999992 0.0375328 -0.0715332 0.0995205
FixedParameters: 0 0 0

#Transform 91
Transform: AffineTransform_float_3_3
Parameters: 0.999994 0.00182309 -0.00286205 -0.00181382 0.999993 0.00324875 0.0028674 -0.00324377 0.99999 -0.00864477 -0.0277106 0.12764
FixedParameters: 0 0 0

#Transform 92
Transform: AffineTransform_float_3_3
Parameters: 0.999993 0.00222136 -0.00298492 -0.00221051 0.999991 0.00360199 0.00299262 -0.00359507 0.999989 -0.0376057 -9.23047e-05 0.155504
FixedParameters: 0 0 0

#Transform 93
Transform: AffineTransform_float_3_3
Parameters: 0.999994 0.00225241 -0.00282096 -0.0022443 0.999993 0.00292554 0.00282744 -0.00291957 0.999992 -0.0254484 -0.0254487 0.117589
FixedParameters: 0 0 0

#Transform 94
Transform: AffineTransform_float_3_3
Parameters: 0.999993 0.00174227 -0.00306786 -0.00173624 0.999997 0.00211259 0.00307133 -0.00210703 0.999993 -0.0165557 -0.0357147 0.0974509
FixedParameters: 0 0 0

#Transform 95
Transform: AffineTransform_float_3_3
Parameters: 0.999992 0.00215121 -0.00334693 -0.00214012 0.999992 0.00338006 0.00335434 -0.00337258 0.999989 -0.0241563 -0.034931 0.171638
FixedParameters: 0 0 0

#Transform 96
Transform: AffineTransform_float_3_3
Parameters: 0.999992 0.00223658 -0.00332467 -0.00222852 0.999994 0.00232224 0.00332915 -0.0023143 0.999992 -0.0377393 -0.023467 0.135659
FixedParameters: 0 0 0

#Transform 97
Transform: AffineTransform_float_3_3
Parameters: 0.999992 0.0021483 -0.00335863 -0.0021392 0.999994 0.00290602 0.00336479 -0.0028989 0.99999 -0.0306865 -0.0458542 0.146447
FixedParameters: 0 0 0

#Transform 98
Transform: AffineTransform_float_3_3
Parameters: 0.999992 0.0021677 -0.00326476 -0.00215521 0.99999 0.00384399 0.00327348 -0.00383713 0.999987 -0.0366497 -0.0638073 0.205808
FixedParameters: 0 0 0

#Transform 99
Transform: AffineTransform_float_3_3
Parameters: 0.999991 0.00199233 -0.00367843 -0.00197846 0.999991 0.00387347 0.0036863 -0.00386629 0.999986 -0.0313043 -0.0212432 0.180608
FixedParameters: 0 0 0

#Transform 100
Transform: AffineTransform_float_3_3
Parameters: 0.999993 0.00169631 -0.00308113 -0.00168613 0.999993 0.00332526 0.00308612 -0.00331989 0.99999 -0.0105541 -0.0543848 0.122315
FixedParameters: 0 0 0

#Transform 101
Transform: AffineTransform_float_3_3
Parameters: 0.999995 0.00165393 -0.00268079 -0.00164663 0.999996 0.00263614 0.00268562 -0.00263184 0.999993 -0.00843622 -0.0711053 0.0763605
FixedParameters: 0 0 0

#Transform 102
Transform: AffineTransform_float_3_3
Parameters: 0.999995 0.00174864 -0.00261852 -0.00174176 0.999994 0.00284268 0.00262378 -0.00283807 0.999992 -0.0214658 0.025145 0.0812799
FixedParameters: 0 0 0

#Transform 103
Transform: AffineTransform_float_3_3
Parameters: 0.999995 0.00172782 -0.00260632 -0.00171946 0.999993 0.00316548 0.00261158 -0.00316101 0.999991 -0.0232698 -0.0461559 0.127167
FixedParameters: 0 0 0

#Transform 104
Transform: AffineTransform_float_3_3
Parameters: 0.999993 0.00186319 -0.00318635 -0.00185329 0.999993 0.00318087 0.00319189 -0.00317501 0.99999 -0.0275077 0.0227012 0.114318
FixedParameters: 0 0 0

#Transform 105
Transform: AffineTransform_float_3_3
Parameters: 0.999993 0.00183154 -0.00300687 -0.00182579 0.999996 0.00210814 0.0030107 -0.00210224 0.999994 -0.0255679 -0.0406051 0.115503
FixedParameters: 0 0 0

#Transform 106
Transform: AffineTransform_float_3_3
Parameters: 0.999992 0.00169706 -0.00360247 -0.00168389 0.999991 0.00370244 0.00360829 -0.00369641 0.999987 -0.0285161 -0.0690201 0.165542
FixedParameters: 0 0 0

#Transform 107
Transform: AffineTransform_float_3_3
Parameters: 0.999992 0.00206133 -0.00344809 -0.00204993 0.999993 0.00332748 0.00345467 -0.00332019 0.999988 -0.0309195 -0.0623243 0.147676
FixedParameters: 0 0 0

#Transform 108
Transform: AffineTransform_float_3_3
Parameters: 0.999992 0.00213845 -0.00341273 -0.00212719 0.999992 0.00334066 0.00341988 -0.00333299 0.999989 -0.035845 -0.0343732 0.116444
FixedParameters: 0 0 0

#Transform 109
Transform: AffineTransform_float_3_3
Parameters: 0.99999 0.00184644 -0.00386172 -0.00183045 0.99999 0.00409104 0.00386944 -0.0040839 0.999984 -0.0337794 -0.0639642 0.171922
FixedParameters: 0 0 0

#Transform 110
Transform: AffineTransform_float_3_3
Parameters: 0.999994 0.00155338 -0.00312458 -0.0015432 0.999993 0.00325446 0.00312937 -0.00325041 0.99999 -0.0183103 -0.0267745 0.141939
FixedParameters: 0 0 0

#Transform 111
Transform: AffineTransform_float_3_3
Parameters: 0.999994 0.00132431 -0.00311888 -0.0013185 0.999998 0.00171172 0.00312016 -0.00170729 0.999993 -0.00335562 -0.0144189 0.0241737
FixedParameters: 0 0 0

#Transform 112
Transform: AffineTransform_float_3_3
Parameters: 0.999996 0.00131275 -0.00275645 -0.00130696 0.999997 0.00205595 0.00275977 -0.00205202 0.999994 -0.015729 -0.0402923 0.104643
FixedParameters: 0 0 0

#Transform 113
Transform: AffineTransform_float_3_3
Parameters: 0.999997 0.00103714 -0.00226461 -0.00102928 0.999994 0.00317768 0.00226831 -0.00317627 0.999992 -0.00817533 -0.0936581 0.126694
FixedParameters: 0 0 0

#Transform 114
Transform: AffineTransform_float_3_3
Parameters: 0.999995 0.00135512 -0.00254547 -0.00134543 0.999992 0.00385943 0.00255064 -0.00385578 0.999989 -0.00784525 -0.100997 0.191501
FixedParameters: 0 0 0

#Transform 115
Transform: AffineTransform_float_3_3
Parameters: 0.999991 -0.00141231 -0.00402358 0.00142201 0.999996 0.00242911 0.0040197 -0.00243534 0.999989 0.141525 -0.0334143 0.108951
FixedParameters: 0 0 0

#Transform 116
Transform: AffineTransform_float_3_3
Parameters: 0.999997 0.00130364 -0.00228664 -0.00129255 0.999987 0.00485852 0.00229223 -0.00485485 0.999986 -0.0351808 -0.113292 0.265407
FixedParameters: 0 0 0

#Transform 117
Transform: AffineTransform_float_3_3
Parameters: 0.999994 0.000674192 -0.00335056 -0.000657253 0.999988 0.00485624 0.00335393 -0.00485357 0.999983 0.031049 0.0984037 0.284534
FixedParameters: 0 0 0

#Transform 118
Transform: AffineTransform_float_3_3
Parameters: 0.999994 0.00157217 -0.00307708 -0.00155354 0.999981 0.00600612 0.00308713 -0.00600207 0.999978 -0.0193115 -0.124104 0.325204
FixedParameters: 0 0 0

#Transform 119
Transform: AffineTransform_float_3_3
Parameters: 0.999992 0.00189342 -0.00363738 -0.00187014 0.999978 0.00623825 0.00364875 -0.00623153 0.999974 -0.0441393 -0.0547577 0.282393
FixedParameters: 0 0 0

#Transform 120
Transform: AffineTransform_float_3_3
Parameters: 0.999991 0.00172177 -0.00385622 -0.00170466 0.999989 0.00436384 0.00386404 -0.0043577 0.999983 -0.0193932 -0.0546249 0.200175
FixedParameters: 0 0 0

#Transform 121
Transform: AffineTransform_float_3_3
Parameters: 0.999994 0.00159011 -0.00320145 -0.00158096 0.999994 0.00299306 0.00320664 -0.00298893 0.99999 0.00449373 -0.0653895 0.158428
FixedParameters: 0 0 0

#Transform 122
Transform: AffineTransform_float_3_3
Parameters: 0.999991 0.00145225 -0.00400115 -0.00144526 0.999997 0.00186245 0.00400383 -0.00185671 0.99999 0.00250944 -0.0175096 0.142094
FixedParameters: 0 0 0

#Transform 123
Transform: AffineTransform_float_3_3
Parameters: 0.999991 0.00164408 -0.00408361 -0.00164435 0.999999 1.61881e-05 0.00408351 -9.57444e-06 0.999992 -0.00601371 0.016235 0.0560288
FixedParameters: 0 0 0

#Transform 124
Transform: AffineTransform_float_3_3
Parameters: 0.999992 0.00164298 -0.00364246 -0.00163893 0.999998 0.0010786 0.00364348 -0.00107287 0.999993 -0.0114531 -0.00428651 0.0939927
FixedParameters: 0 0 0

#Transform 125
Transform: AffineTransform_float_3_3
Parameters: 0.99999 0.00176955 -0.00412704 -0.00176639 0.999998 0.000715605 0.00412783 -0.000707796 0.999991 -0.026321 -0.0382808 0.125987
FixedParameters: 0 0 0

#Transform 126
Transform: AffineTransform_float_3_3
Parameters: 0.999988 0.00171199 -0.00455048 -0.00170995 0.999998 0.000300088 0.00455036 -0.000291478 0.99999 -0.0273512 -0.0521731 0.11436
FixedParameters: 0 0 0

#Transform 127
Transform: AffineTransform_float_3_3
Parameters: 0.999985 0.00185863 -0.00506395 -0.00186813 0.999997 -0.00176062 0.00506051 0.00176967 0.999986 -0.0290825 0.00747937 0.0105763
FixedParameters: 0 0 0

#Transform 128
Transform: AffineTransform_float_3_3
Parameters: 0.999987 0.0013667 -0.00486248 -0.00137817 0.999997 -0.00237161 0.00485957 0.0023783 0.999985 0.00536553 0.123764 -0.128384
FixedParameters: 0 0 0

#Transform 129
Transform: AffineTransform_float_3_3
Parameters: 0.999991 1.53573e-05 -0.0042262 -1.91873e-05 1 -0.00101139 0.00422619 0.0010118 0.99999 0.0325636 0.0739591 -0.410111
FixedParameters: 0 0 0

#Transform 130
Transform: AffineTransform_float_3_3
Parameters: 0.999988 8.02422e-05 -0.00494373 -9.94407e-05 0.999993 -0.00388733 0.00494324 0.00388742 0.99998 0.0725986 0.160551 -0.390738
FixedParameters: 0 0 0

#Transform 131
Transform: AffineTransform_float_3_3
Parameters: 0.99999 -0.000429598 -0.00453797 0.000417348 0.999996 -0.00274518 0.00453879 0.00274334 0.999986 0.0633408 -0.000717889 -0.358692
FixedParameters: 0 0 0

#Transform 132
Transform: AffineTransform_float_3_3
Parameters: 0.999993 0.000768165 -0.00357808 -0.000791366 0.999978 -0.00646141 0.0035726 0.00646421 0.999973 -0.0228892 0.111845 -0.588383
FixedParameters: 0 0 0

#Transform 133
Transform: AffineTransform_float_3_3
Parameters: 0.999994 -0.00046781 -0.00328102 0.000448329 0.999981 -0.00607979 0.00328363 0.00607787 0.999976 -0.0409707 0.0707874 -0.421124
FixedParameters: 0 0 0

#Transform 134
Transform: AffineTransform_float_3_3
Parameters: 0.999996 0.000283568 -0.00279696 -0.000291796 0.999996 -0.00298212 0.0027966 0.00298301 0.999992 -0.0182073 0.00810773 -0.0124206
FixedParameters: 0 0 0

#Transform 135
Transform: AffineTransform_float_3_3
Parameters: 0.999997 0.000451526 -0.00243249 -0.000458403 0.999997 -0.00250654 0.00243114 0.00250673 0.999994 -0.0304038 -0.00594796 -0.0129909
FixedParameters: 0 0 0

#Transform 136
Transform: AffineTransform_float_3_3
Parameters: 0.999995 0.000793839 -0.00312013 -0.000800692 0.999997 -0.0024364 0.00311757 0.0024388 0.999992 -0.0289384 0.00439895 -0.0520959
FixedParameters: 0 0 0

#Transform 137
Transform: AffineTransform_float_3_3
Parameters: 0.999996 0.000503578 -0.00258432 -0.000510914 0.999996 -0.0028742 0.00258295 0.00287571 0.999992 -0.0250293 -0.0471228 -0.0722197
FixedParameters: 0 0 0

#Transform 138
Transform: AffineTransform_float_3_3
Parameters: 0.999996 0.00126743 -0.00279553 -0.00127403 0.999997 -0.00236437 0.0027922 0.00236811 0.999993 -0.0336031 -0.0177595 -0.0593767
FixedParameters: 0 0 0

#Transform 139
Transform: AffineTransform_float_3_3
Parameters: 0.999993 0.00113313 -0.00346416 -0.00114387 0.999995 -0.0031333 0.00346085 0.00313671 0.999989 -0.0129731 0.0397929 -0.112835
FixedParameters: 0 0 0

#Transform 140
Transform: AffineTransform_float_3_3
Parameters: 0.999995 0.000777677 -0.00286212 -0.000787903 0.999993 -0.00369595 0.00285921 0.00369745 0.999989 0.0160145 0.0317644 -0.152445
FixedParameters: 0 0 0

#Transform 141
Transform: AffineTransform_float_3_3
Parameters: 0.999998 0.00072042 -0.00174796 -0.000724388 0.999998 -0.00209792 0.00174628 0.0020995 0.999996 -0.0301493 -0.0512715 0.0505975
FixedParameters: 0 0 0

#Transform 142
Transform: AffineTransform_float_3_3
Parameters: 1 0.000412571 -0.00102371 -0.000412385 0.999999 -0.000457568 0.00102411 0.000457852 1 -0.0272965 -0.0586048 0.0174564
FixedParameters: 0 0 0

#Transform 143
Transform: AffineTransform_float_3_3
Parameters: 0.999999 0.000310207 -0.000870223 -0.000309746 1 -0.000295036 0.000869826 0.000294657 0.999999 -0.000337771 -0.0760846 -0.0446902
FixedParameters: 0 0 0

#Transform 144
Transform: AffineTransform_float_3_3
Parameters: 0.999999 0.000492789 -0.000724273 -0.000492139 0.999998 0.00187179 0.00072551 -0.00187107 0.999998 -0.00400229 0.0169308 0.104725
FixedParameters: 0 0 0

#Transform 145
Transform: AffineTransform_float_3_3
Parameters: 0.999999 0.000662429 -0.000647676 -0.000661136 0.999998 0.0019817 0.000648518 -0.0019808 0.999998 -0.0113838 -0.105093 0.0813245
FixedParameters: 0 0 0

#Transform 146
Transform: AffineTransform_float_3_3
Parameters: 0.999999 0.000495585 -0.000706061 -0.000493994 0.999997 0.00266262 0.000707075 -0.00266281 0.999997 0.00389668 -0.0645912 0.074798
FixedParameters: 0 0 0

#Transform 147
Transform: AffineTransform_float_3_3
Parameters: 0.999999 0.0010391 -0.00083995 -0.00103792 0.999999 0.00148814 0.000841241 -0.00148766 0.999998 -0.0304802 -0.0629743 0.0948856
FixedParameters: 0 0 0

#Transform 148
Transform: AffineTransform_float_3_3
Parameters: 0.999999 0.00134317 -0.00126672 -0.00134146 0.999998 0.0012177 0.00126817 -0.00121649 0.999998 -0.0181525 -0.0622514 0.0624163
FixedParameters: 0 0 0

#Transform 149
Transform: AffineTransform_float_3_3
Parameters: 0.999998 0.00126442 -0.00167008 -0.00126226 0.999999 0.00105856 0.00167094 -0.00105615 0.999998 -0.0164838 -0.0940535 0.0601431
FixedParameters: 0 0 0

#Transform 150
Transform: AffineTransform_float_3_3
Parameters: 0.999998 0.00130451 -0.00146632 -0.00130357 0.999999 0.000340413 0.00146718 -0.000337513 0.999999 -0.0334249 -0.0729726 0.0845878
FixedParameters: 0 0 0

#Transform 151
Transform: AffineTransform_float_3_3
Parameters: 0.999998 0.00126066 -0.0016899 -0.00125996 0.999999 0.000225795 0.00169042 -0.000223386 0.999998 -0.032135 -0.0242898 0.0293842
FixedParameters: 0 0 0

#Transform 152
Transform: AffineTransform_float_3_3
Parameters: 0.999996 0.00129545 -0.00220436 -0.00129343 0.999999 0.00100731 0.00220531 -0.00100527 0.999997 -0.0202576 -0.0846414 0.0522571
FixedParameters: 0 0 0

#Transform 153
Transform: AffineTransform_float_3_3
Parameters: 0.999997 0.00118219 -0.0020908 -0.00117958 0.999999 0.0012007 0.00209199 -0.00119851 0.999997 -0.0268398 -0.0663899 0.0641031
FixedParameters: 0 0 0

#Transform 154
Transform: AffineTransform_float_3_3
Parameters: 0.999996 0.00163987 -0.00194388 -0.00163778 0.999998 0.00119664 0.00194517 -0.00119337 0.999997 -0.03249 -0.0157703 0.055909
FixedParameters: 0 0 0

#Transform 155
Transform: AffineTransform_float_3_3
Parameters: 0.999996 0.00170875 -0.00217531 -0.00170711 0.999998 0.00120219 0.00217698 -0.00119787 0.999996 -0.0297453 -0.019488 0.0384742
FixedParameters: 0 0 0

#Transform 156
Transform: AffineTransform_float_3_3
Parameters: 0.999997 0.00150951 -0.00189144 -0.00150629 0.999997 0.00203173 0.00189532 -0.00202914 0.999996 -0.0354322 -0.095076 0.07813
FixedParameters: 0 0 0

#Transform 157
Transform: AffineTransform_float_3_3
Parameters: 0.999996 0.00170786 -0.0021797 -0.00170602 0.999998 0.00102129 0.00218054 -0.00101787 0.999997 -0.0277785 0.046679 -0.0338175
FixedParameters: 0 0 0

#Transform 158
Transform: AffineTransform_float_3_3
Parameters: 0.999997 0.00173755 -0.00202785 -0.00173539 0.999998 0.00112962 0.00203011 -0.00112662 0.999997 -0.0353396 -0.0431441 0.183928
FixedParameters: 0 0 0

#Transform 159
Transform: AffineTransform_float_3_3
Parameters: 0.999996 0.00187267 -0.00204068 -0.00186849 0.999996 0.00198708 0.00204369 -0.00198343 0.999996 -0.0393571 -0.161618 0.14801
FixedParameters: 0 0 0

#Transform 160
Transform: AffineTransform_float_3_3
Parameters: 0.999997 0.00178975 -0.00176025 -0.00178691 0.999997 0.00179923 0.00176424 -0.00179604 0.999997 -0.0444131 -0.127043 0.116008
FixedParameters: 0 0 0

#Transform 161
Transform: AffineTransform_float_3_3
Parameters: 0.999996 0.00270047 -0.00138149 -0.00269789 0.999993 0.00245339 0.00138835 -0.00245008 0.999996 -0.0914093 -0.0556617 0.0848362
FixedParameters: 0 0 0

#Transform 162
Transform: AffineTransform_float_3_3
Parameters: 0.999998 0.00184329 -0.00130889 -0.0018422 0.999997 0.0013188 0.00131212 -0.00131655 0.999998 -0.0323977 -0.0786666 -0.0028758
FixedParameters: 0 0 0

#Transform 163
Transform: AffineTransform_float_3_3
Parameters: 0.999997 0.00159812 -0.00175118 -0.00159744 0.999999 0.000547838 0.00175207 -0.000545381 0.999998 -0.0169173 -0.0434272 0.0176177
FixedParameters: 0 0 0

#Transform 164
Transform: AffineTransform_float_3_3
Parameters: 0.999995 0.00225135 -0.00188643 -0.00225041 0.999997 0.000269266 0.00188755 -0.000265229 0.999998 -0.0763016 -0.00520574 0.0542429
FixedParameters: 0 0 0

#Transform 165
Transform: AffineTransform_float_3_3
Parameters: 0.999995 0.00245766 -0.00191485 -0.00245609 0.999997 0.000735743 0.00191758 -0.000731149 0.999998 -0.0797992 -0.0635834 0.0403603
FixedParameters: 0 0 0

#Transform 166
Transform: AffineTransform_float_3_3
Parameters: 0.999996 0.00207578 -0.0018822 -0.00207382 0.999998 0.00120057 0.00188454 -0.00119624 0.999998 -0.0630077 -0.0238315 0.089215
FixedParameters: 0 0 0

#Transform 167
Transform: AffineTransform_float_3_3
Parameters: 0.999994 0.0019433 -0.00265844 -0.00194068 0.999997 0.000961103 0.00266047 -0.000956297 0.999996 -0.0370767 0.00221314 0.0642053
FixedParameters: 0 0 0

#Transform 168
Transform: AffineTransform_float_3_3
Parameters: 0.999995 0.00236566 -0.00238424 -0.00236364 0.999997 0.000532672 0.00238468 -0.000526736 0.999997 -0.0690218 -0.0837033 0.0525488
FixedParameters: 0 0 0

#Transform 169
Transform: AffineTransform_float_3_3
Parameters: 0.999995 0.00236063 -0.00240826 -0.00236168 0.999997 -0.000432028 0.00240689 0.000437999 0.999997 -0.0637707 0.0287685 0.00734024
FixedParameters: 0 0 0

#Transform 170
Transform: AffineTransform_float_3_3
Parameters: 0.999994 0.00231234 -0.00264966 -0.0023169 0.999996 -0.00177339 0.00264544 0.00177926 0.999995 -0.0369085 0.0649565 -0.125951
FixedParameters: 0 0 0

#Transform 171
Transform: AffineTransform_float_3_3
Parameters: 0.999994 0.00226871 -0.00286822 -0.00227467 0.999995 -0.00207983 0.00286352 0.0020859 0.999994 -0.0677121 0.00881489 -0.0303132
FixedParameters: 0 0 0

#Transform 172
Transform: AffineTransform_float_3_3
Parameters: 0.999994 0.0026796 -0.00246374 -0.00268341 0.999995 -0.00154827 0.00245961 0.0015547 0.999996 -0.0695864 -0.0289375 0.0106247
FixedParameters: 0 0 0

#Transform 173
Transform: AffineTransform_float_3_3
Parameters: 0.999993 0.00256833 -0.00244022 -0.00257016 0.999997 -0.000634529 0.00243858 0.00064034 0.999997 -0.0676386 -0.0164435 0.0316117
FixedParameters: 0 0 0

#Transform 174
Transform: AffineTransform_float_3_3
Parameters: 0.999992 0.00275166 -0.00265583 -0.00275573 0.999995 -0.00148442 0.00265182 0.00149226 0.999995 -0.0648836 0.000579934 -0.00747509
FixedParameters: 0 0 0

#Transform 175
Transform: AffineTransform_float_3_3
Parameters: 0.999993 0.00283456 -0.0022376 -0.0028366 0.999995 -0.000740844 0.00223504 0.000747728 0.999998 -0.0839889 0.00582712 -0.00117814
FixedParameters: 0 0 0

#Transform 176
Transform: AffineTransform_float_3_3
Parameters: 0.999993 0.00276028 -0.00261406 -0.00276281 0.999996 -0.000725388 0.00261165 0.000731792 0.999996 -0.0776108 0.0486212 -0.0395478
FixedParameters: 0 0 0

#Transform 177
Transform: AffineTransform_float_3_3
Parameters: 0.999993 0.00286611 -0.00241882 -0.0028676 0.999996 -0.00061037 0.00241791 0.000617113 0.999997 -0.10134 0.000372303 0.0283611
FixedParameters: 0 0 0

#Transform 178
Transform: AffineTransform_float_3_3
Parameters: 0.999993 0.00277397 -0.00254511 -0.00277501 0.999996 -0.000443893 0.00254427 0.00045129 0.999997 -0.0780069 -0.0445263 0.0392864
FixedParameters: 0 0 0

#Transform 179
Transform: AffineTransform_float_3_3
Parameters: 0.999994 0.00231771 -0.00279832 -0.00231787 0.999997 5.04396e-06 0.00279821 1.99671e-06 0.999996 -0.0552149 -0.0763663 0.0212112
FixedParameters: 0 0 0

#Transform 180
Transform: AffineTransform_float_3_3
Parameters: 0.999992 0.00271351 -0.00285617 -0.0027117 0.999996 0.000763587 0.00285857 -0.000755291 0.999996 -0.0497151 -0.0567188 0.0378282
FixedParameters: 0 0 0

#Transform 181
Transform: AffineTransform_float_3_3
Parameters: 0.999993 0.00219175 -0.00287571 -0.00220181 0.999992 -0.0034741 0.00286854 0.00348063 0.99999 -0.0509747 0.024684 -0.0643235
FixedParameters: 0 0 0

#Transform 182
Transform: AffineTransform_float_3_3
Parameters: 0.999991 0.00260864 -0.00337207 -0.0026164 0.999994 -0.00237918 0.00336592 0.00238795 0.999992 -0.0619706 -0.0161677 0.00788997
FixedParameters: 0 0 0

#Transform 183
Transform: AffineTransform_float_3_3
Parameters: 0.999992 0.00270905 -0.00287103 -0.00271344 0.999995 -0.00141873 0.00286749 0.00142697 0.999995 -0.0591725 -0.0174552 0.0307252
FixedParameters: 0 0 0

#Transform 184
Transform: AffineTransform_float_3_3
Parameters: 0.999992 0.00270774 -0.0028799 -0.00270996 0.999996 -0.000798464 0.00287794 0.000805472 0.999996 -0.0705196 -0.0433344 -0.0102838
FixedParameters: 0 0 0

#Transform 185
Transform: AffineTransform_float_3_3
Parameters: 0.999992 0.00274204 -0.0027058 -0.0027447 0.999996 -0.000976957 0.00270381 0.000984113 0.999996 -0.0644717 -0.0527369 0.00111851
FixedParameters: 0 0 0

#Transform 186
Transform: AffineTransform_float_3_3
