#Insight Transform File V1.0
#Transform 0
Transform: AffineTransform_float_3_3
Parameters: 0.999999 -0.000349903 -0.00153387 0.000347822 0.999999 -0.00132406 0.00153451 0.00132327 0.999998 0.132618 0.0224896 0.129764
FixedParameters: 0 0 0

#Transform 1
Transform: AffineTransform_float_3_3
Parameters: 0.999999 -0.000311646 -0.000971548 0.000310144 0.999999 -0.00128383 0.000972206 0.00128323 0.999998 0.0865017 0.0978143 0.0913536
FixedParameters: 0 0 0

#Transform 2
Transform: AffineTransform_float_3_3
Parameters: 1 -0.000620685 -0.000309124 0.000620446 0.999999 -0.00038578 0.000309603 0.000385396 1 0.0813134 0.0479818 0.108573
FixedParameters: 0 0 0

#Transform 3
Transform: AffineTransform_float_3_3
Parameters: 0.999999 -0.000507013 -0.000588253 0.000507223 0.999999 -0.000662442 0.000588784 0.000661845 0.999999 0.0834957 0.0714159 0.0824709
FixedParameters: 0 0 0

#Transform 4
Transform: AffineTransform_float_3_3
Parameters: 1 -0.000624503 -0.000988338 0.000623815 1 -0.000347015 0.000988771 0.000346059 1 0.103646 0.0617172 0.0530833
FixedParameters: 0 0 0

#Transform 5
Transform: AffineTransform_float_3_3
Parameters: 0.999999 -0.000602423 -0.000529383 0.000602567 1 0.000135416 0.000529222 -0.000135094 1 0.0831406 0.0811954 0.0459059
FixedParameters: 0 0 0

#Transform 6
Transform: AffineTransform_float_3_3
Parameters: 1 -0.000500838 -5.68031e-05 0.000500761 0.999999 -0.000673994 5.74781e-05 0.000673937 1 0.0870674 0.114036 0.0544051
FixedParameters: 0 0 0

#Transform 7
Transform: AffineTransform_float_3_3
Parameters: 0.999999 -0.000607206 -0.000427206 0.000606877 1 -0.000385683 0.000427676 0.000386124 1 0.104911 0.0653938 0.0352895
FixedParameters: 0 0 0

#Transform 8
Transform: AffineTransform_float_3_3
Parameters: 0.999999 -0.000791065 -0.000421526 0.000791472 0.999999 0.000482234 0.000420762 -0.000482901 1 0.0949891 0.0911482 0.0177953
FixedParameters: 0 0 0

#Transform 9
Transform: AffineTransform_float_3_3
Parameters: 1 -0.00108246 -0.000246926 0.00108173 1 0.000529841 0.000245921 -0.000529692 1 0.113997 0.0889747 0.00316258
FixedParameters: 0 0 0

#Transform 10
Transform: AffineTransform_float_3_3
Parameters: 1 -0.000998967 -0.00061947 0.000999287 0.999999 0.000260233 0.000618949 -0.00026147 1 0.138271 0.0924674 0.0174264
FixedParameters: 0 0 0

#Transform 11
Transform: AffineTransform_float_3_3
Parameters: 1 -0.000696964 -0.000813405 0.000698065 0.999999 0.000678756 0.000812458 -0.000679612 1 0.0883197 0.0914984 0.0475256
FixedParameters: 0 0 0

#Transform 12
Transform: AffineTransform_float_3_3
Parameters: 0.999999 -6.94498e-05 -0.00123867 6.97943e-05 1 0.000539964 0.00123874 -0.000539858 0.999999 0.0819664 0.0946744 0.0662803
FixedParameters: 0 0 0

#Transform 13
Transform: AffineTransform_float_3_3
Parameters: 1 -0.000279 -0.000429826 0.000279608 0.999998 0.00169064 0.000430015 -0.00168964 0.999999 0.0768809 0.0178828 0.0491331
FixedParameters: 0 0 0

#Transform 14
Transform: AffineTransform_float_3_3
Parameters: 1 -0.000430674 -0.000524717 0.000431554 0.999998 0.00164566 0.000524431 -0.00164488 0.999999 0.0752895 0.0532415 0.0441812
FixedParameters: 0 0 0

#Transform 15
Transform: AffineTransform_float_3_3
Parameters: 1 -0.000104713 -0.000681965 0.000104705 0.999999 0.000719973 0.000681955 -0.000720116 0.999999 0.0727587 0.0980348 0.0376819
FixedParameters: 0 0 0

#Transform 16
Transform: AffineTransform_float_3_3
Parameters: 1 7.17346e-05 -0.000240864 -7.13943e-05 0.999999 0.0010004 0.000240017 -0.00100036 0.999999 0.0641439 0.0696303 0.0479103
FixedParameters: 0 0 0

#Transform 17
Transform: AffineTransform_float_3_3
Parameters: 1 -1.87148e-05 -0.000388217 1.87332e-05 0.999999 0.00129459 0.00038831 -0.00129461 0.999999 0.0490334 0.0897452 0.0542181
FixedParameters: 0 0 0

#Transform 18
Transform: AffineTransform_float_3_3
Parameters: 1 4.93947e-05 -0.00039902 -4.89536e-05 1 0.000552643 0.000399075 -0.000552604 1 0.0474566 0.0956868 0.0038195
FixedParameters: 0 0 0

#Transform 19
Transform: AffineTransform_float_3_3
Parameters: 0.999999 0.000477569 -0.000712722 -0.000477195 1 0.000262514 0.000712971 -0.000262794 1 0.0239047 -0.0187885 0.00777665
FixedParameters: 0 0 0

#Transform 20
Transform: AffineTransform_float_3_3
Parameters: 1 7.02094e-05 0.000203475 -7.02951e-05 1 0.000210679 -0.000203446 -0.000210707 1 -0.0144596 -0.0188645 0.0051789
FixedParameters: 0 0 0

#Transform 21
Transform: AffineTransform_float_3_3
Parameters: 0.999999 0.000213673 0.000753657 -0.00021394 1 -0.000480305 -0.000753722 0.000479983 0.999999 0.0159554 0.0283805 -0.0541775
FixedParameters: 0 0 0

#Transform 22
Transform: AffineTransform_float_3_3
Parameters: 0.999999 -0.000139572 0.000718015 0.000140292 1 0.000187975 -0.000718208 -0.000187774 0.999999 0.0439388 0.0362148 -0.0428901
FixedParameters: 0 0 0

#Transform 23
Transform: AffineTransform_float_3_3
Parameters: 0.999999 -0.000578624 0.000588966 0.000579019 0.999999 -0.000335613 -0.000588579 0.000335334 1 0.0489496 0.0242969 -0.0089019
FixedParameters: 0 0 0

#Transform 24
Transform: AffineTransform_float_3_3
Parameters: 1 -0.000773834 0.000926811 0.000774624 1 -0.000426919 -0.000926152 0.000427115 0.999999 0.0684187 0.0753261 -0.00376836
FixedParameters: 0 0 0

#Transform 25
Transform: AffineTransform_float_3_3
Parameters: 0.999999 -0.0010687 0.000969091 0.00106816 1 0.000354302 -0.000968859 -0.000353472 0.999999 0.104321 -0.00280944 -0.0119308
FixedParameters: 0 0 0

#Transform 26
Transform: AffineTransform_float_3_3
Parameters: 0.999999 -0.00106791 0.000968736 0.00106865 1 -0.000385698 -0.000967913 0.000386528 0.999999 0.101833 0.0554907 -0.0231795
FixedParameters: 0 0 0

#Transform 27
Transform: AffineTransform_float_3_3
Parameters: 0.999998 -0.00158934 0.00119355 0.00158926 0.999999 -0.000441221 -0.001193 0.000442816 1 0.126239 0.0349284 0.0134453
FixedParameters: 0 0 0

#Transform 28
Transform: AffineTransform_float_3_3
Parameters: 0.999998 -0.00152771 0.00126754 0.00152704 0.999998 -0.00012515 -0.00126702 0.0001271 1 0.141509 0.094494 0.0213841
FixedParameters: 0 0 0

#Transform 29
Transform: AffineTransform_float_3_3
Parameters: 0.999999 -0.00152305 0.00102643 0.00152265 0.999998 0.000260692 -0.00102623 -0.000258807 0.999999 0.125383 0.0300373 0.0522904
FixedParameters: 0 0 0

#Transform 30
Transform: AffineTransform_float_3_3
Parameters: 0.999999 -0.000986416 0.000208819 0.000986434 0.999999 -4.32226e-05 -0.000208733 4.36345e-05 1 0.116716 0.0420214 -0.00509815
FixedParameters: 0 0 0

#Transform 31
Transform: AffineTransform_float_3_3
Parameters: 1 -0.00118001 0.000182806 0.00117988 1 -2.93326e-05 -0.000183728 2.94881e-05 1 0.122126 0.0302394 -0.00575256
FixedParameters: 0 0 0

#Transform 32
Transform: AffineTransform_float_3_3
Parameters: 0.999998 -0.0015914 0.000283821 0.00159186 0.999998 -0.0012963 -0.000281674 0.00129692 0.999999 0.123447 0.073753 -0.0601998
FixedParameters: 0 0 0

#Transform 33
Transform: AffineTransform_float_3_3
Parameters: 0.999998 -0.00176836 0.000917928 0.00176854 0.999999 -9.92451e-05 -0.000917577 0.000100974 0.999999 0.150798 0.020354 -0.013472
FixedParameters: 0 0 0

#Transform 34
Transform: AffineTransform_float_3_3
Parameters: 0.999998 -0.00154547 0.000767036 0.00154546 0.999998 5.71366e-06 -0.000767054 -4.58174e-06 1 0.13678 0.0302624 -0.00950894
FixedParameters: 0 0 0

#Transform 35
Transform: AffineTransform_float_3_3
Parameters: 0.999998 -0.00178954 0.000801907 0.00179023 0.999998 -0.000514256 -0.000801057 0.000515609 0.999999 0.148227 0.0270043 -0.0190935
FixedParameters: 0 0 0

#Transform 36
Transform: AffineTransform_float_3_3
Parameters: 0.999994 -0.00358835 0.000633878 0.00358854 0.999994 -0.000368066 -0.000633212 0.000370666 1 0.215329 0.0487856 0.029829
FixedParameters: 0 0 0

#Transform 37
Transform: AffineTransform_float_3_3
Parameters: 0.999997 -0.00254294 0.000991438 0.00254268 0.999996 0.000131317 -0.000992102 -0.000128069 0.999999 0.157954 0.0124332 0.00765673
FixedParameters: 0 0 0

#Transform 38
Transform: AffineTransform_float_3_3
Parameters: 0.999996 -0.00252862 0.00108717 0.00252971 0.999997 -0.000565721 -0.0010853 0.000568182 0.999999 0.175079 0.0495083 -0.0932307
FixedParameters: 0 0 0

#Transform 39
Transform: AffineTransform_float_3_3
Parameters: 0.999996 -0.00263108 0.000797819 0.0026309 0.999997 0.000202046 -0.000797891 -0.000199924 1 0.168106 0.0711118 -0.0686257
FixedParameters: 0 0 0

#Transform 40
Transform: AffineTransform_float_3_3
Parameters: 0.999997 -0.00256189 0.000850235 0.00256339 0.999996 -0.00121579 -0.000847965 0.00121739 0.999999 0.155974 0.0742545 -0.0986001
FixedParameters: 0 0 0

#Transform 41
Transform: AffineTransform_float_3_3
Parameters: 0.999996 -0.00251819 0.00115512 0.00251959 0.999996 -0.00121553 -0.00115182 0.00121858 0.999999 0.169676 0.0638097 -0.106292
FixedParameters: 0 0 0

#Transform 42
Transform: AffineTransform_float_3_3
Parameters: 0.999995 -0.00285192 0.00132192 0.00285267 0.999996 -0.000387078 -0.00132169 0.000390626 1 0.176282 0.0944687 -0.0808419
FixedParameters: 0 0 0

#Transform 43
Transform: AffineTransform_float_3_3
Parameters: 0.999995 -0.00267949 0.00129845 0.00268109 0.999996 -0.00121531 -0.00129576 0.00121828 0.999998 0.188895 0.0413786 -0.0561385
FixedParameters: 0 0 0

#Transform 44
Transform: AffineTransform_float_3_3
Parameters: 0.999994 -0.00314551 0.000878834 0.00314647 0.999994 -0.00150961 -0.00087414 0.00151278 0.999998 0.19443 0.0166511 -0.0754516
FixedParameters: 0 0 0

#Transform 45
Transform: AffineTransform_float_3_3
Parameters: 0.999996 -0.00282694 0.000178041 0.00282681 0.999995 -0.00121663 -0.000175125 0.00121652 1 0.156608 0.0211039 -0.101313
FixedParameters: 0 0 0

#Transform 46
Transform: AffineTransform_float_3_3
Parameters: 0.999997 -0.00249172 -0.000309452 0.00249153 0.999996 -0.001217 0.000312402 0.00121558 0.999999 0.135157 0.0191165 -0.0771053
FixedParameters: 0 0 0

#Transform 47
Transform: AffineTransform_float_3_3
Parameters: 0.999996 -0.00267652 5.04802e-05 0.00267707 0.999995 -0.00127967 -4.77295e-05 0.00128006 0.999999 0.134241 0.00399115 -0.124274
FixedParameters: 0 0 0

#Transform 48
Transform: AffineTransform_float_3_3
Parameters: 0.999997 -0.00261447 0.000487513 0.00261436 0.999997 0.000110684 -0.00048809 -0.000109247 1 0.152373 0.00978044 -0.0743883
FixedParameters: 0 0 0

#Transform 49
Transform: AffineTransform_float_3_3
Parameters: 0.999996 -0.00278187 0.000509678 0.00278194 0.999996 -0.000205225 -0.000509524 0.000206948 1 0.169373 0.0760827 -0.0511092
FixedParameters: 0 0 0

#Transform 50
Transform: AffineTransform_float_3_3
Parameters: 0.999995 -0.00293163 0.0004608 0.0029313 0.999995 0.000820649 -0.000462645 -0.000820299 0.999999 0.185447 -0.00190723 -0.0648205
FixedParameters: 0 0 0

#Transform 51
Transform: AffineTransform_float_3_3
Parameters: 0.999996 -0.00279601 0.000519592 0.00279558 0.999996 0.000683793 -0.000521433 -0.000682 0.999999 0.186205 0.0878314 -0.0719661
FixedParameters: 0 0 0

#Transform 52
Transform: AffineTransform_float_3_3
Parameters: 0.999995 -0.00305044 0.000555674 0.00305103 0.999995 0.000615833 -0.000557593 -0.000614793 1 0.20552 0.0583229 -0.103499
FixedParameters: 0 0 0

#Transform 53
Transform: AffineTransform_float_3_3
Parameters: 0.999997 -0.00236296 0.000458927 0.00236291 0.999997 5.27236e-05 -0.000459179 -5.23503e-05 1 0.177904 0.0971868 -0.0898369
FixedParameters: 0 0 0

#Transform 54
Transform: AffineTransform_float_3_3
Parameters: 0.999999 -0.00179971 0.000278009 0.00179984 0.999999 -0.000230401 -0.00027718 0.000230843 1 0.160913 0.050595 -0.142395
FixedParameters: 0 0 0

#Transform 55
Transform: AffineTransform_float_3_3
Parameters: 0.999996 -0.00265172 0.000684521 0.00265235 0.999996 -0.000567065 -0.000682503 0.000568617 0.999999 0.175903 0.0424548 -0.0984251
FixedParameters: 0 0 0

#Transform 56
Transform: AffineTransform_float_3_3
Parameters: 0.999997 -0.00247252 0.000355526 0.00247264 0.999997 -0.000172353 -0.000354674 0.000173274 1 0.171881 0.0891034 -0.109447
FixedParameters: 0 0 0

#Transform 57
Transform: AffineTransform_float_3_3
Parameters: 0.999996 -0.00258863 0.00103678 0.00258805 0.999997 -0.000264736 -0.00103626 0.000268028 0.999999 0.181334 0.0170722 -0.133463
FixedParameters: 0 0 0

#Transform 58
Transform: AffineTransform_float_3_3
Parameters: 0.999995 -0.0028287 0.000853965 0.00282922 0.999995 -0.000388726 -0.000852756 0.00039052 0.999999 0.195034 0.0813819 -0.122235
FixedParameters: 0 0 0

#Transform 59
Transform: AffineTransform_float_3_3
Parameters: 0.999996 -0.00256265 0.00129319 0.00256575 0.999994 -0.00234834 -0.00128779 0.00235221 0.999996 0.190252 0.0496034 -0.170058
FixedParameters: 0 0 0

#Transform 60
Transform: AffineTransform_float_3_3
Parameters: 0.999996 -0.00277655 0.0012232 0.00277911 0.999995 -0.00174029 -0.00121834 0.00174309 0.999998 0.192837 0.0641315 -0.151105
FixedParameters: 0 0 0

#Transform 61
Transform: AffineTransform_float_3_3
Parameters: 0.999994 -0.00303039 0.00125165 0.0030333 0.999993 -0.00234813 -0.00124405 0.00235239 0.999996 0.18732 0.0623618 -0.129953
FixedParameters: 0 0 0

#Transform 62
Transform: AffineTransform_float_3_3
Parameters: 0.999995 -0.00299655 0.000857466 0.00299842 0.999993 -0.00216273 -0.0008503 0.00216455 0.999997 0.184182 0.02615 -0.183691
FixedParameters: 0 0 0

#Transform 63
Transform: AffineTransform_float_3_3
Parameters: 0.999996 -0.00258095 0.00118588 0.00258236 0.999995 -0.00166743 -0.00118095 0.00167079 0.999998 0.200715 0.0801782 -0.161837
FixedParameters: 0 0 0

#Transform 64
Transform: AffineTransform_float_3_3
Parameters: 0.999994 -0.00301309 0.00119661 0.00301574 0.999993 -0.00234823 -0.00118909 0.00235212 0.999996 0.205809 0.0776372 -0.14593
FixedParameters: 0 0 0

#Transform 65
Transform: AffineTransform_float_3_3
Parameters: 0.999995 -0.00297976 0.00152522 0.00298282 0.999993 -0.00234777 -0.00151871 0.00235258 0.999996 0.220356 0.0255409 -0.184433
FixedParameters: 0 0 0

#Transform 66
Transform: AffineTransform_float_3_3
Parameters: 0.99999 -0.00379233 0.00210455 0.00379486 0.999992 -0.00123554 -0.00209983 0.00124378 0.999997 0.250981 0.0148414 -0.139891
FixedParameters: 0 0 0

#Transform 67
Transform: AffineTransform_float_3_3
Parameters: 0.999991 -0.00361298 0.00198378 0.00361644 0.999992 -0.00162014 -0.0019787 0.00162677 0.999996 0.251671 0.0990257 -0.126868
FixedParameters: 0 0 0

#Transform 68
Transform: AffineTransform_float_3_3
Parameters: 0.999995 -0.00319438 0.000994317 0.00319528 0.999995 -0.00059252 -0.000992504 0.000596239 0.999999 0.202347 0.0601641 -0.169254
FixedParameters: 0 0 0

#Transform 69
Transform: AffineTransform_float_3_3
Parameters: 0.999995 -0.00317801 0.00110194 0.00317991 0.999994 -0.00163234 -0.00109637 0.00163574 0.999998 0.221421 0.0882919 -0.239411
FixedParameters: 0 0 0

#Transform 70
Transform: AffineTransform_float_3_3
Parameters: 0.999996 -0.00303981 5.12215e-06 0.00303955 0.999991 -0.00297792 3.93429e-06 0.00297874 0.999996 0.191019 0.0877065 -0.267309
FixedParameters: 0 0 0

#Transform 71
Transform: AffineTransform_float_3_3
Parameters: 0.999996 -0.00283913 0.000576797 0.00284052 0.999994 -0.0019381 -0.00057173 0.00193929 0.999998 0.162607 0.00321107 -0.241412
FixedParameters: 0 0 0

#Transform 72
Transform: AffineTransform_float_3_3
Parameters: 0.999996 -0.003003 0.000599199 0.00300284 0.999995 -0.00116401 -0.000596023 0.00116649 0.999999 0.137138 0.0342314 -0.149118
FixedParameters: 0 0 0

#Transform 73
Transform: AffineTransform_float_3_3
Parameters: 0.999996 -0.00290867 0.000947945 0.00291106 0.999993 -0.00223054 -0.000940761 0.00223301 0.999997 0.146876 0.0461786 -0.22966
FixedParameters: 0 0 0

#Transform 74
Transform: AffineTransform_float_3_3
Parameters: 0.999995 -0.00318552 0.00104874 0.00318742 0.999993 -0.00178228 -0.00104317 0.00178564 0.999998 0.17416 0.0269431 -0.238892
FixedParameters: 0 0 0

#Transform 75
Transform: AffineTransform_float_3_3
Parameters: 0.999995 -0.00298927 0.000936169 0.00299127 0.999993 -0.00212265 -0.000930259 0.00212589 0.999997 0.1454 0.0599279 -0.231244
FixedParameters: 0 0 0

#Transform 76
Transform: AffineTransform_float_3_3
Parameters: 0.999995 -0.00319637 0.000967299 0.00319843 0.999991 -0.00281742 -0.000958893 0.00282125 0.999995 0.158267 0.0663551 -0.212979
FixedParameters: 0 0 0

#Transform 77
Transform: AffineTransform_float_3_3
Parameters: 0.999995 -0.00296908 0.00110568 0.00297047 0.999994 -0.0019064 -0.00110001 0.00190965 0.999998 0.137425 0.0170414 -0.135111
FixedParameters: 0 0 0

#Transform 78
Transform: AffineTransform_float_3_3
Parameters: 0.999996 -0.00254831 0.00136304 0.00255229 0.999994 -0.00249827 -0.00135595 0.00250149 0.999996 0.116236 0.105956 -0.131047
FixedParameters: 0 0 0

#Transform 79
Transform: AffineTransform_float_3_3
Parameters: 0.999995 -0.00317414 0.00113513 0.00317455 0.999995 -0.000740131 -0.00113227 0.000743058 1 0.137925 0.0397971 -0.0970408
FixedParameters: 0 0 0

#Transform 80
Transform: AffineTransform_float_3_3
Parameters: 0.999995 -0.00319767 0.000965303 0.00319894 0.999994 -0.00160757 -0.000960813 0.0016111 0.999998 0.151848 0.0473379 -0.0927731
FixedParameters: 0 0 0

#Transform 81
Transform: AffineTransform_float_3_3
Parameters: 0.999994 -0.00330498 0.000218111 0.00330577 0.99999 -0.00280767 -0.000209594 0.00280771 0.999996 0.172357 0.0715548 -0.0662748
FixedParameters: 0 0 0

#Transform 82
Transform: AffineTransform_float_3_3
Parameters: 0.999995 -0.00320486 0.000913417 0.00320659 0.999993 -0.00195449 -0.000906684 0.00195702 0.999998 0.163617 0.0332485 -0.0236757
FixedParameters: 0 0 0

#Transform 83
Transform: AffineTransform_float_3_3
Parameters: 0.999994 -0.00333208 0.00114032 0.00333404 0.999993 -0.00166596 -0.00113501 0.00166928 0.999998 0.146324 0.0240934 -0.00203288
FixedParameters: 0 0 0

#Transform 84
Transform: AffineTransform_float_3_3
Parameters: 0.999996 -0.00288298 0.000407307 0.00288341 0.999995 -0.00121332 -0.000404269 0.00121455 0.999999 0.122676 0.0369819 -0.0828299
FixedParameters: 0 0 0

#Transform 85
Transform: AffineTransform_float_3_3
Parameters: 0.999994 -0.00327015 0.000462412 0.00327051 0.999994 -0.00099939 -0.000459834 0.00100074 0.999999 0.12658 0.0281996 -0.080886
FixedParameters: 0 0 0

#Transform 86
Transform: AffineTransform_float_3_3
Parameters: 0.999995 -0.00322704 0.000759866 0.0032279 0.999993 -0.00187375 -0.000754557 0.00187629 0.999998 0.140374 0.0376971 -0.0429731
FixedParameters: 0 0 0

#Transform 87
Transform: AffineTransform_float_3_3
Parameters: 0.999993 -0.00354209 0.000715349 0.00354286 0.999993 -0.000932908 -0.000712698 0.000935063 0.999999 0.1466 0.0843709 -0.0270409
FixedParameters: 0 0 0

#Transform 88
Transform: AffineTransform_float_3_3
Parameters: 0.999994 -0.00343238 0.00083431 0.00343307 0.999994 -0.000581611 -0.000832292 0.000584703 0.999999 0.15732 0.0210635 -0.0242335
FixedParameters: 0 0 0

#Transform 89
Transform: AffineTransform_float_3_3
Parameters: 0.999995 -0.00326157 0.000519634 0.0032627 0.999993 -0.00204128 -0.000513249 0.00204203 0.999998 0.144673 0.0299573 -0.0599426
FixedParameters: 0 0 0

#Transform 90
Transform: AffineTransform_float_3_3
Parameters: 0.999995 -0.00316884 0.00116375 0.00317143 0.999993 -0.00190411 -0.00115747 0.00190816 0.999997 0.165112 0.0517372 -0.0924676
FixedParameters: 0 0 0

#Transform 91
Transform: AffineTransform_float_3_3
Parameters: 0.999993 -0.00357317 0.00113239 0.00357517 0.999994 -0.00113303 -0.00112824 0.00113724 0.999999 0.179409 -3.58115e-05 -0.0504786
FixedParameters: 0 0 0

#Transform 92
Transform: AffineTransform_float_3_3
Parameters: 0.999993 -0.00359272 0.000780554 0.00359477 0.999992 -0.00203875 -0.000773817 0.00204143 0.999998 0.19732 0.00419593 -0.0569724
FixedParameters: 0 0 0

#Transform 93
Transform: AffineTransform_float_3_3
Parameters: 0.999995 -0.00318118 0.00107773 0.00318342 0.999993 -0.00196024 -0.00107204 0.00196378 0.999997 0.175132 0.011744 -0.0438337
FixedParameters: 0 0 0

#Transform 94
Transform: AffineTransform_float_3_3
Parameters: 0.999993 -0.00351402 0.000681448 0.0035159 0.999992 -0.00210599 -0.000673572 0.00210786 0.999997 0.159719 0.0285381 -0.0534425
FixedParameters: 0 0 0

#Transform 95
Transform: AffineTransform_float_3_3
Parameters: 0.999993 -0.0035312 0.00103933 0.00353337 0.999992 -0.00199625 -0.00103202 0.00199971 0.999997 0.169432 0.0437865 -0.0318643
FixedParameters: 0 0 0

#Transform 96
Transform: AffineTransform_float_3_3
Parameters: 0.999994 -0.00325296 0.00057913 0.00325441 0.999993 -0.00210618 -0.000572355 0.0021073 0.999997 0.132178 -0.0177094 -0.0145013
FixedParameters: 0 0 0

#Transform 97
Transform: AffineTransform_float_3_3
Parameters: 0.999994 -0.00327209 0.000446503 0.00327298 0.999993 -0.00210642 -0.000439645 0.00210766 0.999997 0.16185 -0.0201461 -0.0293739
FixedParameters: 0 0 0

#Transform 98
Transform: AffineTransform_float_3_3
Parameters: 0.999993 -0.00368726 0.000739703 0.00368858 0.99999 -0.00251977 -0.000730873 0.0025223 0.999996 0.184412 0.0174896 0.00993422
FixedParameters: 0 0 0

#Transform 99
Transform: AffineTransform_float_3_3
Parameters: 0.99999 -0.00412581 0.00160296 0.00412813 0.999991 -0.00129348 -0.00159806 0.00130036 0.999997 0.193774 0.00699386 0.137879
FixedParameters: 0 0 0

#Transform 100
Transform: AffineTransform_float_3_3
Parameters: 0.999991 -0.00414608 0.00137594 0.00414821 0.99999 -0.00143906 -0.00136979 0.00144507 0.999998 0.203326 0.125811 0.214224
FixedParameters: 0 0 0

#Transform 101
Transform: AffineTransform_float_3_3
Parameters: 0.99999 -0.00414112 0.00174259 0.004143 0.99999 -0.00130908 -0.0017364 0.00131619 0.999997 0.219395 0.135127 0.134617
FixedParameters: 0 0 0

#Transform 102
Transform: AffineTransform_float_3_3
Parameters: 0.99999 -0.00395692 0.00209872 0.00395923 0.999992 -0.00118734 -0.00209397 0.001195 0.999997 0.198241 0.095864 0.126963
FixedParameters: 0 0 0

#Transform 103
Transform: AffineTransform_float_3_3
Parameters: 0.999991 -0.00374621 0.00202595 0.00374911 0.999993 -0.0011298 -0.00202228 0.00113727 0.999998 0.212049 0.0634326 0.0529953
FixedParameters: 0 0 0

#Transform 104
Transform: AffineTransform_float_3_3
Parameters: 0.999992 -0.00350878 0.00223902 0.00350908 0.999994 -6.56807e-05 -0.00223854 7.2998e-05 0.999997 0.207079 0.0603269 0.0808746
FixedParameters: 0 0 0

#Transform 105
Transform: AffineTransform_float_3_3
Parameters: 0.999988 -0.00437038 0.00212852 0.00437264 0.99999 -0.00145972 -0.00212224 0.0014688 0.999997 0.239522 0.0392459 0.065015
FixedParameters: 0 0 0

#Transform 106
Transform: AffineTransform_float_3_3
Parameters: 0.999991 -0.00388902 0.00180983 0.00389103 0.999993 -0.000670193 -0.00180757 0.000677239 0.999998 0.219312 0.0331636 0.0802588
FixedParameters: 0 0 0

#Transform 107
Transform: AffineTransform_float_3_3
Parameters: 0.999991 -0.00353863 0.00202397 0.00353921 0.999993 -0.000457066 -0.00202256 0.000463955 0.999998 0.171724 0.0622366 0.0945329
FixedParameters: 0 0 0

#Transform 108
Transform: AffineTransform_float_3_3
Parameters: 0.999993 -0.00309943 0.00206447 0.00310037 0.999995 -0.000500705 -0.00206221 0.000506343 0.999997 0.144323 0.0846648 0.101493
FixedParameters: 0 0 0

#Transform 109
Transform: AffineTransform_float_3_3
Parameters: 0.999987 -0.00365319 0.00373714 0.00365494 0.999994 -0.000399819 -0.00373603 0.00041353 0.999993 0.196584 0.0403941 0.10139
FixedParameters: 0 0 0

#Transform 110
Transform: AffineTransform_float_3_3
Parameters: 0.999986 -0.00449151 0.00255278 0.00449264 0.99999 -0.000468161 -0.00255039 0.000478698 0.999997 0.263521 0.0422501 0.0833858
FixedParameters: 0 0 0

#Transform 111
Transform: AffineTransform_float_3_3
Parameters: 0.999988 -0.00382582 0.00284287 0.00382938 0.999992 -0.00126971 -0.00283766 0.0012799 0.999995 0.210919 0.0853127 0.0851106
FixedParameters: 0 0 0

#Transform 112
Transform: AffineTransform_float_3_3
Parameters: 0.99999 -0.0035212 0.00272222 0.00352194 0.999994 -0.000340522 -0.00272066 0.000349655 0.999997 0.207306 0.00312141 0.0679851
FixedParameters: 0 0 0

#Transform 113
Transform: AffineTransform_float_3_3
Parameters: 0.999991 -0.0035866 0.00247685 0.00358786 0.999994 -0.000281009 -0.00247581 0.000289422 0.999997 0.213056 0.0704958 0.0723889
FixedParameters: 0 0 0

#Transform 114
Transform: AffineTransform_float_3_3
Parameters: 0.999992 -0.00375033 0.00182551 0.00375157 0.999993 -0.000725256 -0.00182289 0.000732194 0.999998 0.222893 0.133424 0.0458842
FixedParameters: 0 0 0

#Transform 115
Transform: AffineTransform_float_3_3
Parameters: 0.999989 -0.0044182 0.00114279 0.00441826 0.99999 3.54751e-05 -0.00114211 -3.10482e-05 0.999999 0.24141 0.0474446 0.112285
FixedParameters: 0 0 0

#Transform 116
Transform: AffineTransform_float_3_3
Parameters: 0.999991 -0.0042037 0.00135021 0.00420397 0.999991 -0.000150057 -0.00134993 0.000156022 0.999999 0.230592 0.043338 0.119583
FixedParameters: 0 0 0

#Transform 117
Transform: AffineTransform_float_3_3
Parameters: 0.999991 -0.00373616 0.00171404 0.00373688 0.999993 -0.000581525 -0.00171153 0.000587576 0.999999 0.221328 0.0727767 0.0374325
FixedParameters: 0 0 0

#Transform 118
Transform: AffineTransform_float_3_3
Parameters: 0.999991 -0.00392336 0.00151189 0.00392342 0.999992 2.81376e-05 -0.0015111 -2.23488e-05 0.999998 0.232141 0.0217246 0.10611
FixedParameters: 0 0 0

#Transform 119
Transform: AffineTransform_float_3_3
Parameters: 0.99999 -0.00423712 0.001469 0.00423881 0.99999 -0.00115268 -0.00146402 0.00115877 0.999998 0.228652 0.0902511 0.0396349
FixedParameters: 0 0 0

#Transform 120
Transform: AffineTransform_float_3_3
Parameters: 0.99999 -0.00424498 0.00131856 0.00424447 0.999991 0.00025177 -0.00131969 -0.00024624 0.999999 0.235678 0.0521691 0.0172393
FixedParameters: 0 0 0

#Transform 121
Transform: AffineTransform_float_3_3
Parameters: 0.99999 -0.00421729 0.00109148 0.00421742 0.999991 -0.000127731 -0.00109139 0.000131551 0.999999 0.234808 0.0597374 0.0382218
FixedParameters: 0 0 0

#Transform 122
Transform: AffineTransform_float_3_3
Parameters: 0.99999 -0.00413859 0.00178555 0.00414031 0.999991 -0.000913952 -0.00178179 0.000920456 0.999998 0.240382 0.0803837 0.0658981
FixedParameters: 0 0 0

#Transform 123
Transform: AffineTransform_float_3_3
Parameters: 0.99999 -0.00414696 0.00126433 0.0041459 0.999991 0.00058565 -0.00126621 -0.00058055 0.999999 0.236935 0.0580805 0.116887
FixedParameters: 0 0 0

#Transform 124
Transform: AffineTransform_float_3_3
Parameters: 0.999992 -0.00378399 0.00138709 0.0037831 0.999993 0.000422663 -0.0013883 -0.000418235 0.999999 0.214331 0.0620274 0.131731
FixedParameters: 0 0 0

#Transform 125
Transform: AffineTransform_float_3_3
Parameters: 0.99999 -0.00429949 0.00131621 0.00429962 0.999991 -9.81711e-05 -0.00131634 0.000103825 0.999999 0.231845 0.0265381 0.116025
FixedParameters: 0 0 0

#Transform 126
Transform: AffineTransform_float_3_3
Parameters: 0.99999 -0.00420232 0.00159672 0.0042021 0.999991 0.000113496 -0.00159667 -0.000107666 0.999998 0.24473 0.0293299 0.112934
FixedParameters: 0 0 0

#Transform 127
Transform: AffineTransform_float_3_3
Parameters: 0.999989 -0.00463706 0.00126618 0.00463598 0.999989 0.00114795 -0.00127101 -0.00114214 0.999999 0.25611 0.039343 0.123535
FixedParameters: 0 0 0

#Transform 128
Transform: AffineTransform_float_3_3
Parameters: 0.999987 -0.00469254 0.00159646 0.00469365 0.999989 -0.000434054 -0.00159435 0.000440887 0.999998 0.264411 0.042146 0.131467
FixedParameters: 0 0 0

#Transform 129
Transform: AffineTransform_float_3_3
Parameters: 0.999991 -0.00430501 0.000981958 0.00430447 0.999991 0.000491896 -0.000983216 -0.000488147 0.999999 0.270433 0.026682 0.102611
FixedParameters: 0 0 0

#Transform 130
Transform: AffineTransform_float_3_3
Parameters: 0.999993 -0.00383019 0.000815583 0.00382875 0.999992 0.00139836 -0.000820348 -0.00139529 0.999999 0.261729 0.0517555 0.141028
FixedParameters: 0 0 0

#Transform 131
Transform: AffineTransform_float_3_3
Parameters: 0.999992 -0.00388967 0.000712876 0.00388928 0.999992 0.000573141 -0.000714356 -0.000569823 0.999999 0.254424 0.0658975 0.136433
FixedParameters: 0 0 0

#Transform 132
Transform: AffineTransform_float_3_3
Parameters: 0.99999 -0.00419811 0.000984763 0.00419825 0.999991 -0.000143053 -0.000984545 0.000146894 0.999999 0.263471 0.0597816 0.111402
FixedParameters: 0 0 0

#Transform 133
Transform: AffineTransform_float_3_3
Parameters: 0.999992 -0.00408254 0.0006293 0.0040818 0.99999 0.00125207 -0.000633581 -0.00125011 0.999999 0.266448 0.0250736 0.147139
FixedParameters: 0 0 0

#Transform 134
Transform: AffineTransform_float_3_3
Parameters: 0.999994 -0.00348391 0.000161664 0.00348367 0.999994 -0.00100094 -0.000158646 0.00100231 1 0.220939 0.117244 0.153135
FixedParameters: 0 0 0

#Transform 135
Transform: AffineTransform_float_3_3
Parameters: 0.999994 -0.00360605 0.000573638 0.00360626 0.999994 -0.00030518 -0.000572423 0.000307365 1 0.234183 0.0848497 0.111752
FixedParameters: 0 0 0

#Transform 136
Transform: AffineTransform_float_3_3
Parameters: 0.999992 -0.00376203 0.000594008 0.00376173 0.999992 0.000490959 -0.000595722 -0.000489397 1 0.250367 0.0796207 0.143767
FixedParameters: 0 0 0

#Transform 137
Transform: AffineTransform_float_3_3
Parameters: 0.999993 -0.00378129 0.0010204 0.00378183 0.999993 0.000288802 -0.00102173 -0.00028523 0.999999 0.241144 0.0995509 0.137941
FixedParameters: 0 0 0

#Transform 138
Transform: AffineTransform_float_3_3
Parameters: 0.999993 -0.0037956 0.000989597 0.00379558 0.999993 8.07446e-05 -0.000989215 -7.73846e-05 0.999999 0.241836 0.0463405 0.115043
FixedParameters: 0 0 0

#Transform 139
Transform: AffineTransform_float_3_3
Parameters: 0.999991 -0.00394322 0.00100806 0.00394178 0.999992 0.00106092 -0.00101147 -0.00105712 0.999999 0.25457 0.0216318 0.0938652
FixedParameters: 0 0 0

#Transform 140
Transform: AffineTransform_float_3_3
Parameters: 0.999991 -0.00397351 0.000934543 0.00397267 0.999992 0.00067763 -0.000936954 -0.000674627 0.999999 0.243951 -0.00977879 0.127407
FixedParameters: 0 0 0

#Transform 141
Transform: AffineTransform_float_3_3
Parameters: 0.999993 -0.00352586 0.00112025 0.00352521 0.999994 0.000418904 -0.00112122 -0.000414876 0.999999 0.237612 0.145272 -0.0252178
FixedParameters: 0 0 0

#Transform 142
Transform: AffineTransform_float_3_3
Parameters: 0.999992 -0.00366969 0.00160519 0.00366968 0.999994 5.11831e-06 -0.00160521 8.71348e-07 0.999999 0.246169 0.109782 0.126641
FixedParameters: 0 0 0

#Transform 143
Transform: AffineTransform_float_3_3
Parameters: 0.999993 -0.0032973 0.00147292 0.00329681 0.999995 -0.000215553 -0.00147234 0.000220712 0.999998 0.239836 -0.0906272 0.166053
FixedParameters: 0 0 0

#Transform 144
Transform: AffineTransform_float_3_3
Parameters: 0.999993 -0.00355419 0.00103923 0.0035541 0.999994 4.17701e-05 -0.00103952 -3.82526e-05 0.999999 0.239588 0.0496517 0.176266
FixedParameters: 0 0 0

#Transform 145
Transform: AffineTransform_float_3_3
Parameters: 0.999991 -0.00378968 0.00154031 0.00378744 0.999992 0.00127601 -0.00154516 -0.0012704 0.999998 0.232161 0.0624468 0.0390526
FixedParameters: 0 0 0

#Transform 146
Transform: AffineTransform_float_3_3
Parameters: 0.99999 -0.00421239 0.00140919 0.004211 0.99999 0.00154598 -0.00141555 -0.00153976 0.999997 0.236961 0.0476516 0.0253454
FixedParameters: 0 0 0

#Transform 147
Transform: AffineTransform_float_3_3
Parameters: 0.99999 -0.00417627 0.00159354 0.00417649 0.999992 -6.54319e-05 -0.00159297 7.23914e-05 0.999999 0.253434 0.00813163 0.118906
FixedParameters: 0 0 0

#Transform 148
Transform: AffineTransform_float_3_3
Parameters: 0.999991 -0.00406739 0.00128893 0.00406782 0.999991 -0.000714244 -0.00128593 0.000719613 0.999999 0.240079 0.0708946 0.132099
FixedParameters: 0 0 0

#Transform 149
Transform: AffineTransform_float_3_3
Parameters: 0.999988 -0.00446191 0.00163549 0.00446067 0.99999 0.000466977 -0.00163765 -0.000459004 0.999999 0.226975 0.0193114 -0.0590268
FixedParameters: 0 0 0

#Transform 150
Transform: AffineTransform_float_3_3
Parameters: 0.99999 -0.00402951 0.00197108 0.00402619 0.99999 0.00159447 -0.00197725 -0.00158656 0.999997 0.168765 0.0787456 -0.0455782
FixedParameters: 0 0 0

#Transform 151
Transform: AffineTransform_float_3_3
Parameters: 0.99999 -0.00389543 0.00224301 0.00389213 0.999991 0.00161901 -0.00224909 -0.00161021 0.999996 0.163263 -0.120526 -0.196955
FixedParameters: 0 0 0

#Transform 152
Transform: AffineTransform_float_3_3
Parameters: 0.99999 -0.00384139 0.00223494 0.00383745 0.999991 0.00179888 -0.00224124 -0.00179038 0.999996 0.160837 -0.0132579 -0.211593
FixedParameters: 0 0 0

#Transform 153
Transform: AffineTransform_float_3_3
Parameters: 0.99999 -0.0040115 0.00226141 0.00400914 0.999992 0.000869167 -0.00226454 -0.000859974 0.999997 0.156032 0.0165716 -0.255198
FixedParameters: 0 0 0

#Transform 154
Transform: AffineTransform_float_3_3
Parameters: 0.999988 -0.0039515 0.00267043 0.00394985 0.999992 0.000364198 -0.00267131 -0.000353691 0.999996 0.166696 -0.0441616 -0.23414
FixedParameters: 0 0 0

#Transform 155
Transform: AffineTransform_float_3_3
Parameters: 0.999988 -0.00405693 0.00268694 0.00405676 0.999992 -0.000175629 -0.00268634 0.000186557 0.999996 0.190882 0.019904 -0.195176
FixedParameters: 0 0 0

#Transform 156
Transform: AffineTransform_float_3_3
Parameters: 0.999982 -0.0053467 0.00278835 0.00534091 0.999983 0.0020523 -0.0027989 -0.00203692 0.999994 0.190564 0.0381959 -0.162091
FixedParameters: 0 0 0

#Transform 157
Transform: AffineTransform_float_3_3
Parameters: 0.999986 -0.00471385 0.00250103 0.00471216 0.999989 0.000849064 -0.00250532 -0.000837182 0.999996 0.197823 -0.0564663 -0.261453
FixedParameters: 0 0 0

#Transform 158
Transform: AffineTransform_float_3_3
Parameters: 0.999989 -0.00430436 0.00184632 0.00430381 0.999991 0.000188475 -0.00184693 -0.00017989 0.999998 0.218711 0.0218025 -0.289372
FixedParameters: 0 0 0

#Transform 159
Transform: AffineTransform_float_3_3
Parameters: 0.999986 -0.00469591 0.00235593 0.00469568 0.999989 0.000320543 -0.00235706 -0.000309162 0.999997 0.235309 -0.0239195 -0.28359
FixedParameters: 0 0 0

#Transform 160
Transform: AffineTransform_float_3_3
Parameters: 0.999988 -0.00425174 0.00220595 0.00425327 0.99999 -0.000631604 -0.0022024 0.000641124 0.999997 0.230523 0.00913618 -0.247839
FixedParameters: 0 0 0

#Transform 161
Transform: AffineTransform_float_3_3
Parameters: 0.999989 -0.0042747 0.00203659 0.00427729 0.99999 -0.00132902 -0.00203087 0.00133719 0.999997 0.256669 0.0209998 -0.244144
FixedParameters: 0 0 0

#Transform 162
Transform: AffineTransform_float_3_3
Parameters: 0.999988 -0.00425024 0.00220772 0.00425323 0.99999 -0.0012826 -0.00220145 0.00129213 0.999997 0.214214 0.049732 -0.203829
FixedParameters: 0 0 0

#Transform 163
Transform: AffineTransform_float_3_3
Parameters: 0.999991 -0.00382758 0.00214709 0.0038294 0.999992 -0.00127835 -0.00214182 0.00128611 0.999997 0.212914 0.0373128 -0.149483
FixedParameters: 0 0 0

#Transform 164
Transform: AffineTransform_float_3_3
Parameters: 0.999988 -0.00445004 0.00177353 0.00445344 0.999989 -0.00187277 -0.00176547 0.00188067 0.999996 0.236577 0.0355256 -0.193468
FixedParameters: 0 0 0

#Transform 165
Transform: AffineTransform_float_3_3
Parameters: 0.999989 -0.00436485 0.00176138 0.00436833 0.999988 -0.00191066 -0.0017533 0.00191872 0.999997 0.228445 0.0265133 -0.168562
FixedParameters: 0 0 0

#Transform 166
Transform: AffineTransform_float_3_3
Parameters: 0.999987 -0.00475459 0.00181615 0.00475798 0.999987 -0.0015151 -0.00180949 0.00152353 0.999997 0.226205 0.0239623 -0.145368
FixedParameters: 0 0 0

#Transform 167
Transform: AffineTransform_float_3_3
Parameters: 0.999986 -0.00481777 0.00224144 0.00482146 0.999987 -0.0015137 -0.00223446 0.00152426 0.999996 0.217456 -0.00193265 -0.179098
FixedParameters: 0 0 0

#Transform 168
Transform: AffineTransform_float_3_3
Parameters: 0.999985 -0.00504932 0.00217749 0.00505255 0.999986 -0.00145257 -0.00217042 0.00146324 0.999997 0.220005 -0.0393789 -0.170464
FixedParameters: 0 0 0

#Transform 169
Transform: AffineTransform_float_3_3
Parameters: 0.999985 -0.00485636 0.00275587 0.00486505 0.999983 -0.00306372 -0.00274104 0.00307683 0.999992 0.208864 -0.00432505 -0.267634
FixedParameters: 0 0 0

#Transform 170
Transform: AffineTransform_float_3_3
Parameters: 0.999986 -0.00497297 0.00215736 0.00497608 0.999986 -0.00170282 -0.00214887 0.00171391 0.999996 0.179235 -0.0293847 -0.221264
FixedParameters: 0 0 0

#Transform 171
Transform: AffineTransform_float_3_3
Parameters: 0.999987 -0.0047026 0.00198852 0.00470659 0.999986 -0.00210465 -0.00197817 0.0021145 0.999996 0.187363 0.0103849 -0.223829
FixedParameters: 0 0 0

#Transform 172
Transform: AffineTransform_float_3_3
Parameters: 0.999986 -0.00486702 0.00202537 0.00487116 0.999986 -0.00210434 -0.00201433 0.00211396 0.999996 0.215403 -0.0071489 -0.29106
FixedParameters: 0 0 0

#Transform 173
Transform: AffineTransform_float_3_3
Parameters: 0.999984 -0.00512627 0.00206111 0.00512995 0.999986 -0.00167999 -0.00205248 0.00169048 0.999996 0.216511 -0.033274 -0.250747
FixedParameters: 0 0 0

#Transform 174
Transform: AffineTransform_float_3_3
Parameters: 0.999985 -0.00477886 0.00243549 0.00478306 0.999987 -0.00196414 -0.00242601 0.00197541 0.999995 0.208066 0.00532961 -0.167767
FixedParameters: 0 0 0

#Transform 175
Transform: AffineTransform_float_3_3
Parameters: 0.999982 -0.0054025 0.00252522 0.00540761 0.999983 -0.00193174 -0.00251575 0.00194522 0.999995 0.244287 -0.0181527 -0.167311
FixedParameters: 0 0 0

#Transform 176
Transform: AffineTransform_float_3_3
Parameters: 0.999984 -0.00504534 0.002619 0.00504837 0.999987 -0.00108699 -0.00261265 0.00110018 0.999996 0.219009 -0.00350767 -0.161355
FixedParameters: 0 0 0

#Transform 177
Transform: AffineTransform_float_3_3
Parameters: 0.999985 -0.00495405 0.00232192 0.00495831 0.999985 -0.00185912 -0.00231294 0.00187012 0.999996 0.210242 0.0160396 -0.15527
FixedParameters: 0 0 0

#Transform 178
Transform: AffineTransform_float_3_3
Parameters: 0.999985 -0.00490002 0.00220054 0.00490457 0.999985 -0.00228667 -0.00218842 0.00229718 0.999995 0.228959 0.0644687 -0.169209
FixedParameters: 0 0 0

#Transform 179
Transform: AffineTransform_float_3_3
Parameters: 0.999985 -0.00498514 0.00219633 0.00499023 0.999986 -0.00192864 -0.00218668 0.00193921 0.999996 0.229885 0.00454813 -0.105005
FixedParameters: 0 0 0

#Transform 180
Transform: AffineTransform_float_3_3
Parameters: 0.999984 -0.00500262 0.00287791 0.00500525 0.999987 -0.000919047 -0.00287333 0.000933927 0.999996 0.21834 0.0998558 -0.0477295
FixedParameters: 0 0 0

#Transform 181
Transform: AffineTransform_float_3_3
Parameters: 0.999986 -0.00498179 0.00165004 0.00498203 0.999987 -0.000496441 -0.0016479 0.000504731 0.999999 0.192599 0.0441025 -0.0891764
FixedParameters: 0 0 0

#Transform 182
Transform: AffineTransform_float_3_3
Parameters: 0.999988 -0.00459672 0.00175599 0.00460055 0.999988 -0.00209558 -0.0017473 0.00210384 0.999996 0.186361 -0.00329512 -0.108789
FixedParameters: 0 0 0

#Transform 183
Transform: AffineTransform_float_3_3
Parameters: 0.999987 -0.00486739 0.00146911 0.00487229 0.999983 -0.00306925 -0.00145377 0.00307632 0.999994 0.192875 0.0112596 -0.132885
FixedParameters: 0 0 0

#Transform 184
Transform: AffineTransform_float_3_3
Parameters: 0.999987 -0.00497104 0.00165445 0.00497449 0.999986 -0.00211159 -0.00164403 0.00211959 0.999997 0.204117 -0.0160428 -0.0743148
FixedParameters: 0 0 0

#Transform 185
Transform: AffineTransform_float_3_3
Parameters: 0.999986 -0.00496761 0.00178061 0.00497042 0.999987 -0.00166216 -0.0017717 0.0016714 0.999997 0.19228 0.0141275 -0.14016
FixedParameters: 0 0 0

#Transform 186
Transform: AffineTransform_float_3_3
Parameters: 0.999984 -0.00498202 0.00240938 0.00498736 0.999984 -0.00227876 -0.00239794 0.00229075 0.999994 0.207238 -0.00265411 -0.188861
FixedParameters: 0 0 0

#Transform 187
Transform: AffineTransform_float_3_3
Parameters: 0.999984 -0.00510104 0.00267709 0.00510221 0.999987 -0.000476647 -0.00267501 0.000490731 0.999996 0.217824 -0.0470619 -0.0734656
FixedParameters: 0 0 0

#Transform 188
Transform: AffineTransform_float_3_3
