# transform file /out/sourcedata/freesurfer/sub-v2s13x29122_ses-1/mri/transforms/cc_up.lta
# created by oesteban on Wed Mar 11 06:14:44 2026

type      = 0 # LINEAR_VOX_TO_VOX
nxforms   = 1
mean      = 126.0000 140.0000 122.0000
sigma     = 10000.0000
1 4 4
9.995486140251160e-01 -1.983559876680374e-02 -2.256769873201847e-02 6.796833038330078e+00 
1.983054541051388e-02 9.998033046722412e-01 -4.477319307625294e-04 8.572365760803223e+00 
2.257213927805424e-02 2.910383392618066e-11 9.997452497482300e-01 1.118148422241211e+01 
0.000000000000000e+00 0.000000000000000e+00 0.000000000000000e+00 1.000000000000000e+00 
src volume info
valid = 1  # volume info valid
filename = /out/sourcedata/freesurfer/sub-v2s13x29122_ses-1/mri/norm.mgz
volume = 256 256 256
voxelsize = 8.984374403953552e-01 8.984374403953552e-01 8.984374403953552e-01
xras   = -1.000000119209290e+00 1.133784108264813e-10 0.000000000000000e+00
yras   = 3.239383067343837e-11 1.658564130480045e-08 -1.000000119209290e+00
zras   = 2.024614503826072e-11 1.000000119209290e+00 1.658564130480045e-08
cras   = 1.287521362304688e+00 3.885772705078125e+00 2.150276947021484e+01
dst volume info
valid = 1  # volume info valid
filename = /out/sourcedata/freesurfer/sub-v2s13x29122_ses-1/mri/norm.mgz
volume = 256 256 256
voxelsize = 8.984374403953552e-01 8.984374403953552e-01 8.984374403953552e-01
xras   = -1.000000119209290e+00 1.133784108264813e-10 0.000000000000000e+00
yras   = 3.239383067343837e-11 1.658564130480045e-08 -1.000000119209290e+00
zras   = 2.024614503826072e-11 1.000000119209290e+00 1.658564130480045e-08
cras   = 1.287521362304688e+00 3.885772705078125e+00 2.150276947021484e+01
