# transform file transforms/talairach.lta
# created by oesteban on Wed Mar 11 04:46:30 2026

type      = 0 # LINEAR_VOX_TO_VOX
nxforms   = 1
mean      = 127.0000 139.0000 122.0000
sigma     = 10000.0000
1 4 4
9.161977767944336e-01 -1.531845424324274e-02 -1.014357805252075e-02 1.391347503662109e+01 
1.526174694299698e-02 9.974296689033508e-01 1.851566731929779e-01 -3.746990966796875e+01 
7.361639291048050e-03 -1.682721972465515e-01 8.603552579879761e-01 2.886705398559570e+01 
0.000000000000000e+00 0.000000000000000e+00 0.000000000000000e+00 1.000000000000000e+00 
src volume info
valid = 1  # volume info valid
filename = nu.mgz
volume = 256 256 256
voxelsize = 8.984374403953552e-01 8.984374403953552e-01 8.984374403953552e-01
xras   = -1.000000119209290e+00 1.133784108264813e-10 0.000000000000000e+00
yras   = 3.239383067343837e-11 1.658564130480045e-08 -1.000000119209290e+00
zras   = 2.024614503826072e-11 1.000000119209290e+00 1.658564130480045e-08
cras   = 1.287521362304688e+00 3.885772705078125e+00 2.150276947021484e+01
dst volume info
valid = 1  # volume info valid
filename = /opt/freesurfer/average/RB_all_2020-01-02.gca
volume = 256 256 256
voxelsize = 1.000000000000000e+00 1.000000000000000e+00 1.000000000000000e+00
xras   = -1.000000000000000e+00 0.000000000000000e+00 0.000000000000000e+00
yras   = 0.000000000000000e+00 0.000000000000000e+00 -1.000000000000000e+00
zras   = 0.000000000000000e+00 1.000000000000000e+00 0.000000000000000e+00
cras   = 0.000000000000000e+00 0.000000000000000e+00 0.000000000000000e+00
