type      = 1 # LINEAR_RAS_TO_RAS
nxforms   = 1
mean      = 0.0000 0.0000 0.0000
sigma     = 1.0000
1 4 4
1.114634037017822e+00 1.816000044345856e-02 -1.804500073194504e-02 -2.100944995880127e+00 
-2.664599940180779e-02 1.018193006515503e+00 2.447309941053391e-01 -1.941323089599609e+01 
3.042799979448318e-02 -1.786729991436005e-01 1.103392004966736e+00 -1.048849487304688e+01 
0.000000000000000e+00 0.000000000000000e+00 0.000000000000000e+00 1.000000000000000e+00 
src volume info
valid = 1  # volume info valid
filename = /out/sourcedata/freesurfer/sub-v2s13x29122_ses-1/mri/orig_nu.mgz
volume = 256 256 256
voxelsize = 8.984374403953552e-01 8.984374403953552e-01 8.984374403953552e-01
xras   = -1.000000119209290e+00 1.133784108264813e-10 0.000000000000000e+00
yras   = 3.239383067343837e-11 1.658564130480045e-08 -1.000000119209290e+00
zras   = 2.024614503826072e-11 1.000000119209290e+00 1.658564130480045e-08
cras   = 1.287521362304688e+00 3.885772705078125e+00 2.150276947021484e+01
dst volume info
valid = 1  # volume info valid
filename = /opt/freesurfer/average/mni305.cor.mgz
volume = 256 256 256
voxelsize = 1.000000000000000e+00 1.000000000000000e+00 1.000000000000000e+00
xras   = -1.000000000000000e+00 0.000000000000000e+00 0.000000000000000e+00
yras   = 0.000000000000000e+00 0.000000000000000e+00 -1.000000000000000e+00
zras   = 0.000000000000000e+00 1.000000000000000e+00 0.000000000000000e+00
cras   = 0.000000000000000e+00 0.000000000000000e+00 0.000000000000000e+00
subject fsaverage
fscale 0.100000
