type      = 0 # LINEAR_VOX_TO_VOX
nxforms   = 1
mean      = 0.0000 0.0000 0.0000
sigma     = 1.0000
1 4 4
1.001429080963135e+00 -1.621230691671371e-02 -1.631562598049641e-02 4.963935852050781e+00 
2.733765728771687e-02 9.913288354873657e-01 1.605265140533447e-01 -3.551908874511719e+01 
2.393976598978043e-02 -2.198754996061325e-01 9.147828221321106e-01 2.575890350341797e+01 
0.000000000000000e+00 0.000000000000000e+00 0.000000000000000e+00 1.000000000000000e+00 
src volume info
valid = 1  # volume info valid
filename = /out/sourcedata/freesurfer/sub-v2s13x29122_ses-1/mri/orig.mgz
volume = 256 256 256
voxelsize = 8.984374403953552e-01 8.984374403953552e-01 8.984374403953552e-01
xras   = -1.000000119209290e+00 1.133784108264813e-10 0.000000000000000e+00
yras   = 3.239383067343837e-11 1.658564130480045e-08 -1.000000119209290e+00
zras   = 2.024614503826072e-11 1.000000119209290e+00 1.658564130480045e-08
cras   = 1.287521362304688e+00 3.885772705078125e+00 2.150276947021484e+01
dst volume info
valid = 1  # volume info valid
filename = /opt/freesurfer/average/mni305.cor.mgz
volume = 256 256 256
voxelsize = 1.000000000000000e+00 1.000000000000000e+00 1.000000000000000e+00
xras   = -1.000000000000000e+00 0.000000000000000e+00 0.000000000000000e+00
yras   = 0.000000000000000e+00 0.000000000000000e+00 -1.000000000000000e+00
zras   = 0.000000000000000e+00 1.000000000000000e+00 0.000000000000000e+00
cras   = 0.000000000000000e+00 0.000000000000000e+00 0.000000000000000e+00
subject fsaverage
fscale 0.100000
