#Insight Transform File V1.0
#Transform 0
Transform: AffineTransform_float_3_3
Parameters: 0.999999 -0.000327 0.00131494 0.00032473 0.999999 0.00123689 -0.00131592 -0.00123666 0.999999 0.0456416 -0.0544929 0.176058
FixedParameters: 0 0 0

#Transform 1
Transform: AffineTransform_float_3_3
Parameters: 0.999999 -0.000291749 0.00155848 0.000287552 0.999997 0.00268162 -0.0015597 -0.00268135 0.999996 0.0368952 -0.0746175 0.177768
FixedParameters: 0 0 0

#Transform 2
Transform: AffineTransform_float_3_3
Parameters: 0.999998 -0.000335925 0.00205636 0.000332073 0.999998 0.00193515 -0.00205732 -0.00193409 0.999996 0.0365023 -0.0607014 0.198263
FixedParameters: 0 0 0

#Transform 3
Transform: AffineTransform_float_3_3
Parameters: 0.999996 -0.00146649 0.00210456 0.00146098 0.999995 0.00267873 -0.00210831 -0.00267639 0.999994 0.0726855 -0.0692581 0.218906
FixedParameters: 0 0 0

#Transform 4
Transform: AffineTransform_float_3_3
Parameters: 0.999997 -0.00146913 0.00208114 0.00146395 0.999996 0.00235289 -0.00208477 -0.00234966 0.999995 0.0519004 -0.0629156 0.228119
FixedParameters: 0 0 0

#Transform 5
Transform: AffineTransform_float_3_3
Parameters: 0.999998 -0.000384513 0.00225434 0.000382498 0.999999 0.0010934 -0.00225568 -0.00109291 0.999997 0.0245964 -0.0170001 0.167908
FixedParameters: 0 0 0

#Transform 6
Transform: AffineTransform_float_3_3
Parameters: 0.999997 -0.000576245 0.00241104 0.000568942 0.999995 0.00326246 -0.00241313 -0.00326097 0.999992 0.0333598 -0.0555828 0.216399
FixedParameters: 0 0 0

#Transform 7
Transform: AffineTransform_float_3_3
Parameters: 0.999984 -0.00574906 -0.000208129 0.00574948 0.999982 0.00105171 0.000202114 -0.00105326 0.999999 0.247961 -0.124501 0.214602
FixedParameters: 0 0 0

#Transform 8
Transform: AffineTransform_float_3_3
Parameters: 0.999979 -0.00575686 -0.00315957 0.00575895 0.999983 0.000859529 0.00315434 -0.000877647 0.999995 0.196241 -0.0977937 0.187175
FixedParameters: 0 0 0

#Transform 9
Transform: AffineTransform_float_3_3
Parameters: 0.999998 -0.00202828 -0.000171169 0.00202892 0.999998 -0.000520247 0.000172132 0.000519866 1 0.0895363 -0.0403976 0.023717
FixedParameters: 0 0 0

#Transform 10
Transform: AffineTransform_float_3_3
Parameters: 0.999997 -0.00144423 0.00159661 0.00144243 0.999999 0.000922611 -0.00159846 -0.000920222 0.999998 0.03099 -0.00251851 0.173035
FixedParameters: 0 0 0

#Transform 11
Transform: AffineTransform_float_3_3
Parameters: 0.999997 -0.00093881 0.00192317 0.000939635 1 -0.000518734 -0.00192303 0.000520782 0.999998 0.0208006 -0.0680797 0.197
FixedParameters: 0 0 0

#Transform 12
Transform: AffineTransform_float_3_3
Parameters: 0.999998 -0.00104086 0.00131666 0.00104064 1 8.25356e-05 -0.00131684 -8.07418e-05 0.999999 0.00241593 -0.14068 0.16684
FixedParameters: 0 0 0

#Transform 13
Transform: AffineTransform_float_3_3
Parameters: 0.999997 -0.00233505 0.00130517 0.00233234 0.999996 0.00167179 -0.00130921 -0.00166858 0.999998 0.0647279 -0.0739306 0.176191
FixedParameters: 0 0 0

#Transform 14
Transform: AffineTransform_float_3_3
Parameters: 0.999988 -0.00465169 -0.00159004 0.00465682 0.999984 0.00310738 0.00157512 -0.0031147 0.999994 0.132013 -0.065586 0.253797
FixedParameters: 0 0 0

#Transform 15
Transform: AffineTransform_float_3_3
Parameters: 1 2.66445e-05 0.000612735 -2.74044e-05 1 0.000620075 -0.000612702 -0.000620108 0.999999 -0.052296 -0.0427362 0.196846
FixedParameters: 0 0 0

#Transform 16
Transform: AffineTransform_float_3_3
Parameters: 1 0.000127244 0.000594308 -0.000127382 0.999999 0.000946382 -0.000594227 -0.00094621 1 -0.0535817 -0.0710289 0.111803
FixedParameters: 0 0 0

#Transform 17
Transform: AffineTransform_float_3_3
Parameters: 1 -1.10611e-05 -0.000265397 1.15687e-05 0.999999 -0.000902473 0.000265254 0.000902469 0.999999 -0.0329885 0.015466 -0.196051
FixedParameters: 0 0 0

#Transform 18
Transform: AffineTransform_float_3_3
Parameters: 0.999999 -0.0012813 -0.00055986 0.00128145 0.999999 0.000133404 0.000559523 -0.000134212 1 0.0383907 -0.071203 -0.0272832
FixedParameters: 0 0 0

#Transform 19
Transform: AffineTransform_float_3_3
Parameters: 0.999999 -0.001249 -0.000360947 0.00124956 0.999999 0.00055276 0.000360558 -0.000553045 0.999999 0.0462203 -0.0709103 0.0323066
FixedParameters: 0 0 0

#Transform 20
Transform: AffineTransform_float_3_3
Parameters: 1 -7.2262e-05 0.00013474 7.23912e-05 1 0.000124702 -0.000133772 -0.000124693 1 -0.00708053 -0.0108013 -0.00353139
FixedParameters: 0 0 0

#Transform 21
Transform: AffineTransform_float_3_3
Parameters: 0.999999 -0.000462585 0.000966838 0.000461665 0.999999 0.0010781 -0.000967019 -0.00107816 0.999999 0.00803139 0.119516 -0.0315165
FixedParameters: 0 0 0

#Transform 22
Transform: AffineTransform_float_3_3
Parameters: 0.999987 -0.00494964 -0.00103694 0.00495018 0.999987 0.000506763 0.00103507 -0.000511416 0.999999 0.13146 -0.0600678 -0.045963
FixedParameters: 0 0 0

#Transform 23
Transform: AffineTransform_float_3_3
Parameters: 0.999956 -0.00729528 -0.0058935 0.00728167 0.99997 -0.0024339 0.00591037 0.00239132 0.999979 0.216271 -0.140369 -0.0170714
FixedParameters: 0 0 0

#Transform 24
Transform: AffineTransform_float_3_3
Parameters: 0.999993 -0.00259394 -0.00263334 0.00258674 0.999992 -0.00286729 0.00264086 0.00286035 0.999993 0.00478886 -0.0371685 0.0282824
FixedParameters: 0 0 0

#Transform 25
Transform: AffineTransform_float_3_3
Parameters: 1 -0.000340101 -0.000340799 0.000340106 0.999999 -0.00146591 0.000341633 0.00146568 0.999999 -0.0885537 0.0128406 0.0544671
FixedParameters: 0 0 0

#Transform 26
Transform: AffineTransform_float_3_3
Parameters: 1 -0.00070616 -0.000872243 0.000706645 0.999999 -0.00027708 0.000872474 0.00027617 1 -0.0625642 -0.0315282 0.0618556
FixedParameters: 0 0 0

#Transform 27
Transform: AffineTransform_float_3_3
Parameters: 0.999999 -0.00018102 -0.000687505 0.000181082 0.999999 0.000762718 0.000687395 -0.000762647 1 -0.0676563 -0.0453084 0.0744376
FixedParameters: 0 0 0

#Transform 28
Transform: AffineTransform_float_3_3
Parameters: 1 -0.00011412 -0.000608941 0.000114712 1 0.000485844 0.000608829 -0.000485984 0.999999 -0.0689116 -0.00289622 0.0469365
FixedParameters: 0 0 0

#Transform 29
Transform: AffineTransform_float_3_3
Parameters: 1 -0.000443805 -5.82884e-05 0.000444005 0.999998 0.00156456 5.68995e-05 -0.00156461 0.999999 -0.0722027 -0.0599027 0.159793
FixedParameters: 0 0 0

#Transform 30
Transform: AffineTransform_float_3_3
Parameters: 1 -0.000182935 -0.000224697 0.00018407 0.999998 0.00207721 0.000224922 -0.0020773 0.999998 -0.0835889 0.00515368 0.177491
FixedParameters: 0 0 0

#Transform 31
Transform: AffineTransform_float_3_3
Parameters: 1 3.12848e-05 -0.000367162 -3.10684e-05 1 0.000294588 0.000367181 -0.000294565 1 -0.0834879 0.013595 0.0516617
FixedParameters: 0 0 0

#Transform 32
Transform: AffineTransform_float_3_3
Parameters: 1 -0.000137368 -0.00018704 0.000137216 0.999997 0.00212887 0.000186619 -0.00212892 0.999997 -0.0752837 -0.018342 0.0798778
FixedParameters: 0 0 0

#Transform 33
Transform: AffineTransform_float_3_3
Parameters: 1 7.3554e-05 5.66872e-05 -7.37808e-05 0.999997 0.00269358 -5.62896e-05 -0.00269359 0.999997 -0.097746 -0.0259394 0.0801342
FixedParameters: 0 0 0

#Transform 34
Transform: AffineTransform_float_3_3
Parameters: 1 0.000379949 -0.000446742 -0.00038009 1 0.00110659 0.000446759 -0.00110625 1 -0.0801431 0.0523364 -0.167824
FixedParameters: 0 0 0

#Transform 35
Transform: AffineTransform_float_3_3
Parameters: 1 3.61375e-05 0.0001565 -3.70526e-05 0.999997 0.00264461 -0.000157292 -0.00264461 0.999997 -0.0844327 -0.0278796 0.192937
FixedParameters: 0 0 0

#Transform 36
Transform: AffineTransform_float_3_3
Parameters: 1 0.000302245 0.000508791 -0.000303319 0.999998 0.00206505 -0.000507702 -0.00206535 0.999997 -0.0745088 0.0554032 -0.0142413
FixedParameters: 0 0 0

#Transform 37
Transform: AffineTransform_float_3_3
Parameters: 1 0.000108091 0.000614884 -0.000110515 0.999993 0.00368716 -0.000614402 -0.00368729 0.999993 -0.100115 0.00921666 0.230615
FixedParameters: 0 0 0

#Transform 38
Transform: AffineTransform_float_3_3
Parameters: 1 -0.000507984 0.00035632 0.000506113 0.999994 0.00321281 -0.000357603 -0.00321247 0.999995 -0.0738884 0.00912402 0.183647
FixedParameters: 0 0 0

#Transform 39
Transform: AffineTransform_float_3_3
Parameters: 0.999993 0.000283847 0.00358664 -0.000302098 0.999987 0.00506145 -0.00358561 -0.00506255 0.999981 -0.121757 -0.0136257 0.138114
FixedParameters: 0 0 0

#Transform 40
Transform: AffineTransform_float_3_3
Parameters: 0.999998 -0.000263484 0.00189109 0.000254884 0.999991 0.00421967 -0.00189245 -0.004219 0.99999 -0.0983885 0.074636 0.24598
FixedParameters: 0 0 0

#Transform 41
Transform: AffineTransform_float_3_3
Parameters: 0.999994 0.000890364 0.00334428 -0.000913342 0.999976 0.00680897 -0.00333866 -0.00681206 0.999971 -0.108209 -0.074651 -0.16242
FixedParameters: 0 0 0

#Transform 42
Transform: AffineTransform_float_3_3
Parameters: 0.999991 0.00322918 0.00289914 -0.00327466 0.99987 0.0158291 -0.00284776 -0.0158394 0.999871 0.123075 0.158989 -1.54276
FixedParameters: 0 0 0

#Transform 43
Transform: AffineTransform_float_3_3
Parameters: 0.999994 -6.06856e-05 0.00339608 1.68275e-05 0.999919 0.0127995 -0.00339683 -0.0127998 0.999912 0.317104 -0.216367 -2.74276
FixedParameters: 0 0 0

#Transform 44
Transform: AffineTransform_float_3_3
Parameters: 0.999987 -0.00191733 0.00470329 0.00194238 0.999985 -0.00531177 -0.00469293 0.00532119 0.999974 0.40032 -0.348261 -3.19926
FixedParameters: 0 0 0

#Transform 45
Transform: AffineTransform_float_3_3
Parameters: 0.999996 -0.00142029 -0.00256627 0.00140685 0.999985 -0.00537967 0.00257414 0.00537628 0.999982 0.280398 -0.249768 -1.57373
FixedParameters: 0 0 0

#Transform 46
Transform: AffineTransform_float_3_3
Parameters: 0.999992 0.00389604 -0.0010256 -0.00390281 0.99997 -0.00670157 0.000999604 0.00670569 0.999977 -0.074238 -0.0728688 -0.346446
FixedParameters: 0 0 0

#Transform 47
Transform: AffineTransform_float_3_3
Parameters: 0.999991 0.00287756 -0.00294714 -0.00290772 0.999943 -0.0102827 0.00291719 0.0102918 0.999943 -0.133463 0.0585285 -0.446746
FixedParameters: 0 0 0

#Transform 48
Transform: AffineTransform_float_3_3
Parameters: 0.999988 0.00224296 -0.00430991 -0.0023008 0.999908 -0.0133956 0.00427928 0.013405 0.999901 -0.142809 -0.0847264 -0.0732036
FixedParameters: 0 0 0

#Transform 49
Transform: AffineTransform_float_3_3
Parameters: 0.999995 0.00265586 -0.00186708 -0.00267478 0.999945 -0.0100918 0.00183973 0.0100967 0.999947 -0.16648 -0.153418 -0.0473983
FixedParameters: 0 0 0

#Transform 50
Transform: AffineTransform_float_3_3
Parameters: 0.999994 0.00314442 -0.00142162 -0.00315685 0.999952 -0.00930696 0.00139221 0.00931204 0.999956 -0.189886 -0.0275748 -0.0521368
FixedParameters: 0 0 0

#Transform 51
Transform: AffineTransform_float_3_3
Parameters: 0.999994 0.00326469 -0.00136371 -0.00327486 0.999964 -0.00778841 0.00133839 0.0077935 0.999969 -0.191831 -0.0571556 -0.0611451
FixedParameters: 0 0 0

#Transform 52
Transform: AffineTransform_float_3_3
Parameters: 0.999993 0.00357362 -0.0016394 -0.00358705 0.999959 -0.00831164 0.00160909 0.00831695 0.999964 -0.198742 -0.094783 -0.0332132
FixedParameters: 0 0 0

#Transform 53
Transform: AffineTransform_float_3_3
Parameters: 0.999993 0.00349966 -0.00172237 -0.00351488 0.999955 -0.00879271 0.00169073 0.00879835 0.99996 -0.188481 -0.0854967 -0.0158513
FixedParameters: 0 0 0

#Transform 54
Transform: AffineTransform_float_3_3
Parameters: 0.999993 0.00320594 -0.00162431 -0.00321903 0.999958 -0.00854213 0.0015975 0.00854681 0.999962 -0.186568 -0.0283709 0.00387644
FixedParameters: 0 0 0

#Transform 55
Transform: AffineTransform_float_3_3
Parameters: 0.999996 -0.0005371 -0.00275771 0.000513078 0.999965 -0.0083645 0.00276196 0.00836388 0.999961 -0.00594248 -0.0582224 0.0639705
FixedParameters: 0 0 0

#Transform 56
Transform: AffineTransform_float_3_3
Parameters: 0.999977 -0.00397608 -0.00553441 0.00393067 0.99996 -0.00803097 0.00556556 0.00800894 0.999953 0.114456 -0.125219 0.098715
FixedParameters: 0 0 0

#Transform 57
Transform: AffineTransform_float_3_3
Parameters: 0.99998 -0.00325664 -0.00548808 0.00322413 0.999977 -0.00590298 0.00550695 0.00588561 0.999967 0.0535942 -0.0999698 0.148231
FixedParameters: 0 0 0

#Transform 58
Transform: AffineTransform_float_3_3
Parameters: 0.999976 -0.00335513 -0.00601951 0.00331066 0.999966 -0.00747867 0.00604375 0.00745774 0.999954 0.0690055 -0.130576 0.136346
FixedParameters: 0 0 0

#Transform 59
Transform: AffineTransform_float_3_3
Parameters: 0.999983 -0.00184348 -0.00556677 0.00179307 0.999958 -0.00905518 0.00558343 0.00904494 0.999944 -0.00360383 0.00755875 0.0551488
FixedParameters: 0 0 0

#Transform 60
Transform: AffineTransform_float_3_3
Parameters: 0.999985 -0.00172319 -0.00515983 0.00168435 0.999971 -0.00750322 0.00517206 0.00749465 0.999958 -0.02706 -0.14108 0.137035
FixedParameters: 0 0 0

#Transform 61
Transform: AffineTransform_float_3_3
Parameters: 0.999971 -0.00202998 -0.00734823 0.00194587 0.999932 -0.0114376 0.00737095 0.0114232 0.999907 0.0336415 -0.0421985 -0.0666552
FixedParameters: 0 0 0

#Transform 62
Transform: AffineTransform_float_3_3
Parameters: 0.999979 -0.00215506 -0.00615104 0.00211245 0.999973 -0.00705504 0.00616587 0.00704164 0.999956 -0.000622751 -0.19081 0.194143
FixedParameters: 0 0 0

#Transform 63
Transform: AffineTransform_float_3_3
Parameters: 0.999978 -0.00288753 -0.00601873 0.00284962 0.999977 -0.00626877 0.00603647 0.00625151 0.999962 0.0277524 -0.121699 0.187561
FixedParameters: 0 0 0

#Transform 64
Transform: AffineTransform_float_3_3
Parameters: 0.999978 -0.00259762 -0.00605348 0.00257138 0.999987 -0.00442754 0.00606486 0.0044119 0.999972 0.0135948 -0.109632 0.235749
FixedParameters: 0 0 0

#Transform 65
Transform: AffineTransform_float_3_3
Parameters: 0.999977 -0.00169421 -0.00652527 0.00164795 0.999973 -0.00711762 0.0065364 0.00710676 0.999954 -0.0604653 -0.0909662 0.269578
FixedParameters: 0 0 0

#Transform 66
Transform: AffineTransform_float_3_3
Parameters: 0.999991 0.00213519 -0.00373957 -0.0021675 0.999962 -0.00847454 0.00372131 0.00848253 0.999958 -0.186079 -0.0662433 0.200768
FixedParameters: 0 0 0

#Transform 67
Transform: AffineTransform_float_3_3
Parameters: 0.999988 0.00259585 -0.00405505 -0.00261273 0.999988 -0.00416974 0.00404359 0.00418064 0.999983 -0.207202 -0.0732836 0.245277
FixedParameters: 0 0 0

#Transform 68
Transform: AffineTransform_float_3_3
Parameters: 0.999985 0.00246513 -0.00486831 -0.00247342 0.999996 -0.00163563 0.00486486 0.0016467 0.999987 -0.20008 -0.215539 0.320575
FixedParameters: 0 0 0

#Transform 69
Transform: AffineTransform_float_3_3
Parameters: 0.999983 0.00378019 -0.00442617 -0.00378383 0.999992 -0.000901102 0.00442243 0.000917474 0.999989 -0.235571 -0.143111 0.265492
FixedParameters: 0 0 0

#Transform 70
Transform: AffineTransform_float_3_3
Parameters: 0.999984 0.00320977 -0.00464019 -0.00321982 0.999993 -0.00204954 0.00463341 0.00206413 0.999987 -0.2008 -0.0816034 0.262702
FixedParameters: 0 0 0

#Transform 71
Transform: AffineTransform_float_3_3
Parameters: 0.999978 0.00162642 -0.00644535 -0.00166376 0.999982 -0.00575729 0.0064354 0.00576806 0.999962 -0.0703678 -0.0170876 0.182777
FixedParameters: 0 0 0

#Transform 72
Transform: AffineTransform_float_3_3
Parameters: 0.999977 0.00183343 -0.00665136 -0.00185742 0.999992 -0.00360443 0.00664404 0.00361667 0.999971 -0.12893 -0.0895223 0.257974
FixedParameters: 0 0 0

#Transform 73
Transform: AffineTransform_float_3_3
Parameters: 0.999974 0.00103892 -0.00706855 -0.00104696 0.999998 -0.00126431 0.00706716 0.00127158 0.999974 -0.125016 -0.0587177 0.221851
FixedParameters: 0 0 0

#Transform 74
Transform: AffineTransform_float_3_3
Parameters: 0.999974 0.0027443 -0.00667413 -0.00274848 0.999995 -0.000677199 0.00667232 0.000694958 0.999978 -0.168155 -0.0949984 0.255149
FixedParameters: 0 0 0

#Transform 75
Transform: AffineTransform_float_3_3
Parameters: 0.999979 0.00311659 -0.00556774 -0.00310843 0.999994 0.00156107 0.00557261 -0.00154368 0.999984 -0.191018 -0.141095 0.268375
FixedParameters: 0 0 0

#Transform 76
Transform: AffineTransform_float_3_3
Parameters: 0.999986 0.00435721 -0.00323238 -0.00435338 0.99999 0.00139684 0.00323809 -0.00138286 0.999994 -0.258127 -0.0737039 0.371704
FixedParameters: 0 0 0

#Transform 77
Transform: AffineTransform_float_3_3
Parameters: 0.999985 0.00499715 -0.00198829 -0.00499669 0.999988 -0.000161255 0.00198735 0.000171256 0.999998 -0.261476 -0.10641 0.314745
FixedParameters: 0 0 0

#Transform 78
Transform: AffineTransform_float_3_3
Parameters: 0.999982 0.00585478 -0.000476349 -0.00585273 0.999978 0.00316755 0.000494315 -0.0031643 0.999995 -0.299089 0.016589 0.389299
FixedParameters: 0 0 0

#Transform 79
Transform: AffineTransform_float_3_3
Parameters: 0.999987 0.00500731 -0.00118028 -0.00500581 0.999987 0.00104991 0.00118478 -0.00104408 0.999999 -0.280424 -0.0280885 0.362009
FixedParameters: 0 0 0

#Transform 80
Transform: AffineTransform_float_3_3
Parameters: 0.999986 0.00530173 -0.000881429 -0.00529859 0.99998 0.00336086 0.000899224 -0.00335574 0.999994 -0.286822 -0.0755705 0.335539
FixedParameters: 0 0 0

#Transform 81
Transform: AffineTransform_float_3_3
Parameters: 0.999984 0.00546167 -0.00102589 -0.00546098 0.999985 0.0014347 0.00103374 -0.00142946 0.999998 -0.279609 -0.0813958 0.317477
FixedParameters: 0 0 0

#Transform 82
Transform: AffineTransform_float_3_3
Parameters: 0.999985 0.00552434 -0.0009266 -0.00552157 0.999981 0.00276054 0.000942213 -0.0027549 0.999996 -0.280954 -0.0169942 0.357612
FixedParameters: 0 0 0

#Transform 83
Transform: AffineTransform_float_3_3
Parameters: 0.999984 0.00555171 -0.0012319 -0.00554942 0.999982 0.00210704 0.00124351 -0.00210022 0.999997 -0.283351 -0.033303 0.340443
FixedParameters: 0 0 0

#Transform 84
Transform: AffineTransform_float_3_3
Parameters: 0.999983 0.0055112 -0.00148398 -0.00550881 0.999983 0.00162879 0.00149308 -0.00162028 0.999997 -0.281559 -0.0269525 0.341068
FixedParameters: 0 0 0

#Transform 85
Transform: AffineTransform_float_3_3
Parameters: 0.999985 0.00549752 -0.000998301 -0.00549536 0.999981 0.00275663 0.00101388 -0.00275119 0.999996 -0.289964 -0.02244 0.385302
FixedParameters: 0 0 0

#Transform 86
Transform: AffineTransform_float_3_3
Parameters: 0.999984 0.00560289 -0.000914421 -0.00560069 0.999981 0.00240524 0.000927474 -0.00239993 0.999997 -0.288673 -0.0202753 0.3494
FixedParameters: 0 0 0

#Transform 87
Transform: AffineTransform_float_3_3
Parameters: 0.999988 0.00478472 -0.00126601 -0.00478464 0.999988 4.19494e-05 0.00126632 -3.65272e-05 0.999999 -0.270514 -0.0178293 0.266985
FixedParameters: 0 0 0

#Transform 88
Transform: AffineTransform_float_3_3
Parameters: 0.999984 0.00542473 -0.00169537 -0.00542368 0.999985 0.000802944 0.00170015 -0.000793094 0.999999 -0.293784 -0.114655 0.468931
FixedParameters: 0 0 0

#Transform 89
Transform: AffineTransform_float_3_3
Parameters: 0.999985 0.00531648 -0.00145551 -0.00531467 0.999985 0.00141022 0.00146265 -0.00140323 0.999998 -0.294367 -0.0258152 0.435336
FixedParameters: 0 0 0

#Transform 90
Transform: AffineTransform_float_3_3
Parameters: 0.999985 0.00538488 -0.000934048 -0.00538379 0.999985 0.00118433 0.000939818 -0.00117899 0.999999 -0.297451 -0.0340018 0.416681
FixedParameters: 0 0 0

#Transform 91
Transform: AffineTransform_float_3_3
Parameters: 0.999984 0.0055672 -0.00102034 -0.00556573 0.999984 0.00127069 0.00102749 -0.00126436 0.999999 -0.300554 -0.0185961 0.410174
FixedParameters: 0 0 0

#Transform 92
Transform: AffineTransform_float_3_3
Parameters: 0.999984 0.005445 -0.00104836 -0.00544338 0.999984 0.00131116 0.00105564 -0.00130541 0.999999 -0.305925 0.00614148 0.386066
FixedParameters: 0 0 0

#Transform 93
Transform: AffineTransform_float_3_3
Parameters: 0.999984 0.00570331 -0.000913419 -0.00570174 0.999982 0.00182426 0.000923289 -0.00181882 0.999998 -0.309823 -0.0139787 0.386503
FixedParameters: 0 0 0

#Transform 94
Transform: AffineTransform_float_3_3
Parameters: 0.999983 0.00581689 -0.00078728 -0.00581574 0.999981 0.00193825 0.000797913 -0.00193343 0.999998 -0.309087 0.0161575 0.388686
FixedParameters: 0 0 0

#Transform 95
Transform: AffineTransform_float_3_3
Parameters: 0.999983 0.00572073 0.000234275 -0.00572129 0.999978 0.00343362 -0.00021437 -0.00343546 0.999994 -0.288817 0.0307877 0.37848
FixedParameters: 0 0 0

#Transform 96
Transform: AffineTransform_float_3_3
Parameters: 0.999999 -0.000893446 -0.000118524 0.000893718 0.999972 0.00744025 0.00011164 -0.00744051 0.999973 -0.0422602 -0.0143676 0.146074
FixedParameters: 0 0 0

#Transform 97
Transform: AffineTransform_float_3_3
Parameters: 0.99999 0.00329421 -0.00280201 -0.00328811 0.999992 0.00223646 0.00280854 -0.00222678 0.999994 -0.194186 -0.0217053 0.162898
FixedParameters: 0 0 0

#Transform 98
Transform: AffineTransform_float_3_3
Parameters: 0.999987 0.00452334 -0.00235863 -0.00451906 0.999988 0.00209262 0.00236818 -0.00208227 0.999995 -0.248385 -0.0428985 0.259379
FixedParameters: 0 0 0

#Transform 99
Transform: AffineTransform_float_3_3
Parameters: 0.999987 0.00480483 -0.00121421 -0.00479854 0.999974 0.00545076 0.00124032 -0.00544447 0.999984 -0.265225 -0.0291159 0.287761
FixedParameters: 0 0 0

#Transform 100
Transform: AffineTransform_float_3_3
Parameters: 0.999986 0.00532495 -0.000988891 -0.0053189 0.999968 0.00600766 0.00102036 -0.00600242 0.999981 -0.252179 -0.0466821 0.27695
FixedParameters: 0 0 0

#Transform 101
Transform: AffineTransform_float_3_3
Parameters: 0.999987 0.00491213 -0.000790838 -0.00490747 0.999967 0.00647881 0.000822987 -0.00647538 0.999979 -0.250276 -0.0493203 0.303376
FixedParameters: 0 0 0

#Transform 102
Transform: AffineTransform_float_3_3
Parameters: 0.999989 0.00457614 -0.000753583 -0.00457141 0.999974 0.00565201 0.000779583 -0.00564828 0.999984 -0.243804 0.00364288 0.269923
FixedParameters: 0 0 0

#Transform 103
Transform: AffineTransform_float_3_3
Parameters: 0.999988 0.00496205 -0.000627959 -0.00495878 0.999979 0.00432603 0.000649947 -0.00432272 0.99999 -0.276265 0.0039267 0.29428
FixedParameters: 0 0 0

#Transform 104
Transform: AffineTransform_float_3_3
Parameters: 0.99999 0.00395904 -0.00176735 -0.00395262 0.999984 0.00390172 0.00178315 -0.00389483 0.999991 -0.213443 0.0158808 0.298809
FixedParameters: 0 0 0

#Transform 105
Transform: AffineTransform_float_3_3
Parameters: 0.999988 0.00474819 -0.00109183 -0.00474208 0.999977 0.00482199 0.00111499 -0.00481577 0.999988 -0.248494 0.025962 0.340957
FixedParameters: 0 0 0

#Transform 106
Transform: AffineTransform_float_3_3
Parameters: 0.999986 0.00515601 -0.000504416 -0.00515271 0.999972 0.00539228 0.000532013 -0.00538927 0.999985 -0.260448 0.0895295 0.353923
FixedParameters: 0 0 0

#Transform 107
Transform: AffineTransform_float_3_3
Parameters: 0.999987 0.00496482 -0.00023696 -0.00496387 0.999978 0.00442645 0.000259842 -0.00442574 0.99999 -0.270434 -0.0246747 0.289578
FixedParameters: 0 0 0

#Transform 108
Transform: AffineTransform_float_3_3
Parameters: 0.999991 0.00437303 -0.000335889 -0.00437104 0.999982 0.00425494 0.000353997 -0.004254 0.999991 -0.280648 0.0510638 0.28853
FixedParameters: 0 0 0

#Transform 109
Transform: AffineTransform_float_3_3
Parameters: 0.999989 0.00469897 -0.000591263 -0.00469576 0.999978 0.00464365 0.00061298 -0.00464037 0.999989 -0.271616 -0.0419179 0.359242
FixedParameters: 0 0 0

#Transform 110
Transform: AffineTransform_float_3_3
Parameters: 0.99999 0.00450339 -6.27309e-05 -0.00450363 0.999971 0.00627728 9.11532e-05 -0.00627668 0.99998 -0.263209 0.0220939 0.325185
FixedParameters: 0 0 0

#Transform 111
Transform: AffineTransform_float_3_3
Parameters: 0.999991 0.0031086 0.00272341 -0.00312776 0.99997 0.00703507 -0.00270175 -0.0070426 0.999972 -0.171055 0.0739898 0.271209
FixedParameters: 0 0 0

#Transform 112
Transform: AffineTransform_float_3_3
Parameters: 0.999993 0.00285607 0.00238755 -0.00287201 0.999974 0.00661282 -0.0023683 -0.00662026 0.999976 -0.199227 -0.00835537 0.270136
FixedParameters: 0 0 0

#Transform 113
Transform: AffineTransform_float_3_3
Parameters: 0.999992 0.0035129 0.00229964 -0.00353066 0.999963 0.00785626 -0.00227245 -0.00786484 0.999967 -0.216133 0.0313868 0.316103
FixedParameters: 0 0 0

#Transform 114
Transform: AffineTransform_float_3_3
Parameters: 0.999992 0.00329862 0.0023379 -0.00331748 0.99996 0.00822441 -0.0023108 -0.00823194 0.999964 -0.22237 0.0109848 0.321765
FixedParameters: 0 0 0

#Transform 115
Transform: AffineTransform_float_3_3
Parameters: 0.999991 0.00366535 0.001834 -0.0036772 0.999971 0.00666575 -0.00181026 -0.00667227 0.999976 -0.210879 -0.00518545 0.20814
FixedParameters: 0 0 0

#Transform 116
Transform: AffineTransform_float_3_3
Parameters: 0.999991 0.00381804 0.00178519 -0.00382582 0.999981 0.00479783 -0.00176715 -0.00480493 0.999987 -0.222208 0.00591422 0.110165
FixedParameters: 0 0 0

#Transform 117
Transform: AffineTransform_float_3_3
Parameters: 0.999993 0.00232357 0.00314843 -0.00233493 0.99999 0.00382413 -0.00313971 -0.00383172 0.999987 -0.186345 0.0930366 0.0280899
FixedParameters: 0 0 0

#Transform 118
Transform: AffineTransform_float_3_3
Parameters: 0.999991 0.00238464 0.00355468 -0.00240075 0.999986 0.00459638 -0.0035434 -0.0046047 0.999983 -0.181862 0.0418308 0.0780156
FixedParameters: 0 0 0

#Transform 119
Transform: AffineTransform_float_3_3
Parameters: 0.999991 0.0022425 0.00345585 -0.00226128 0.999982 0.00565999 -0.00344371 -0.00566811 0.999978 -0.172558 0.02474 0.185159
FixedParameters: 0 0 0

#Transform 120
Transform: AffineTransform_float_3_3
Parameters: 0.999991 0.00277011 0.00330076 -0.00278175 0.99999 0.00351381 -0.00329115 -0.00352316 0.999988 -0.147931 0.0878468 0.0471761
FixedParameters: 0 0 0

#Transform 121
Transform: AffineTransform_float_3_3
Parameters: 0.999991 0.0025201 0.00338064 -0.00252733 0.999994 0.00212672 -0.00337505 -0.00213548 0.999992 -0.165303 0.0960975 0.0581856
FixedParameters: 0 0 0

#Transform 122
Transform: AffineTransform_float_3_3
Parameters: 0.999993 0.00186705 0.00302519 -0.00187111 0.999997 0.00142181 -0.0030226 -0.00142706 0.999994 -0.155663 0.1014 -0.0131969
FixedParameters: 0 0 0

#Transform 123
Transform: AffineTransform_float_3_3
Parameters: 0.999996 0.0013015 0.0024479 -0.00130491 0.999999 0.00142953 -0.00244676 -0.00143241 0.999995 -0.141381 0.0625528 0.00867268
FixedParameters: 0 0 0

#Transform 124
Transform: AffineTransform_float_3_3
Parameters: 0.999991 0.00220402 0.00379882 -0.00220538 0.999997 0.000414008 -0.00379723 -0.000422822 0.999992 -0.173792 0.103681 -0.0834323
FixedParameters: 0 0 0

#Transform 125
Transform: AffineTransform_float_3_3
Parameters: 0.999995 0.00172068 0.00246209 -0.00172169 0.999999 0.00019545 -0.00246136 -0.000199173 0.999997 -0.148675 0.150539 -0.0989423
FixedParameters: 0 0 0

#Transform 126
Transform: AffineTransform_float_3_3
Parameters: 0.999991 0.00235256 0.00331956 -0.0023583 0.999996 0.00166897 -0.00331554 -0.00167632 0.999993 -0.169547 0.0392684 -0.0565439
FixedParameters: 0 0 0

#Transform 127
Transform: AffineTransform_float_3_3
Parameters: 0.999993 0.00218135 0.00298486 -0.00218405 0.999997 0.000877333 -0.00298342 -0.000884317 0.999995 -0.15474 0.110336 -0.155858
FixedParameters: 0 0 0

#Transform 128
Transform: AffineTransform_float_3_3
Parameters: 0.99998 0.00103118 0.00623862 -0.00104123 0.999998 0.00156446 -0.00623694 -0.00157095 0.999979 -0.0562959 0.0639026 -0.650917
FixedParameters: 0 0 0

#Transform 129
Transform: AffineTransform_float_3_3
Parameters: 0.999994 -0.00204953 0.0025558 0.00204938 0.999998 2.02629e-05 -0.00255593 -1.57896e-05 0.999996 -0.0854607 0.0845218 -0.365813
FixedParameters: 0 0 0

#Transform 130
Transform: AffineTransform_float_3_3
Parameters: 0.999997 -0.00122514 0.0019892 0.00123175 0.999994 -0.003339 -0.00198498 0.00334108 0.999992 -0.0874877 0.0963965 -0.456149
FixedParameters: 0 0 0

#Transform 131
Transform: AffineTransform_float_3_3
Parameters: 0.999996 -0.000596997 0.00252936 0.000602149 0.999998 -0.00205975 -0.00252807 0.00206059 0.999995 -0.101135 0.0375752 -0.36699
FixedParameters: 0 0 0

#Transform 132
Transform: AffineTransform_float_3_3
Parameters: 0.999996 0.000202397 0.0025833 -0.000197365 0.999998 -0.00196413 -0.00258426 0.00196311 0.999995 -0.110337 0.0419543 -0.336907
FixedParameters: 0 0 0

#Transform 133
Transform: AffineTransform_float_3_3
Parameters: 0.999997 0.000133612 0.00249964 -0.000128833 0.999998 -0.00194713 -0.00249934 0.00194649 0.999995 -0.113305 0.0503168 -0.284171
FixedParameters: 0 0 0

#Transform 134
Transform: AffineTransform_float_3_3
Parameters: 0.999998 0.000440839 0.001974 -0.000437561 0.999999 -0.00182973 -0.00197495 0.00182864 0.999997 -0.135761 0.0544413 -0.25229
FixedParameters: 0 0 0

#Transform 135
Transform: AffineTransform_float_3_3
Parameters: 0.999997 0.000235241 0.00249944 -0.000235986 1 0.000137693 -0.00249937 -0.000137907 0.999997 -0.109867 -0.0227389 -0.295205
FixedParameters: 0 0 0

#Transform 136
Transform: AffineTransform_float_3_3
Parameters: 0.999991 0.000437616 0.0042719 -0.000460636 0.999986 0.00526545 -0.00426975 -0.00526732 0.999977 -0.131899 0.0886457 -0.180113
FixedParameters: 0 0 0

#Transform 137
Transform: AffineTransform_float_3_3
Parameters: 0.999994 0.000836674 0.00340256 -0.000851165 0.99999 0.0042904 -0.00339871 -0.00429323 0.999985 -0.127606 -0.169439 -0.0196267
FixedParameters: 0 0 0

#Transform 138
Transform: AffineTransform_float_3_3
Parameters: 0.999993 0.000876022 0.00370033 -0.000893268 0.999988 0.0047203 -0.00369586 -0.00472361 0.999982 -0.129875 0.00987897 -0.0550339
FixedParameters: 0 0 0

#Transform 139
Transform: AffineTransform_float_3_3
Parameters: 0.999996 0.00182533 0.00220002 -0.00183336 0.999991 0.00387216 -0.00219336 -0.00387697 0.99999 -0.182063 0.0279995 -0.0908478
FixedParameters: 0 0 0

#Transform 140
Transform: AffineTransform_float_3_3
Parameters: 0.999993 0.00178762 0.003116 -0.00179913 0.999991 0.00362229 -0.00310982 -0.00362704 0.999988 -0.160088 0.0958261 -0.0900277
FixedParameters: 0 0 0

#Transform 141
Transform: AffineTransform_float_3_3
Parameters: 0.999993 0.0013545 0.00335398 -0.00137223 0.999986 0.00507124 -0.00334681 -0.00507554 0.999981 -0.149526 0.00125455 -0.0407927
FixedParameters: 0 0 0

#Transform 142
Transform: AffineTransform_float_3_3
Parameters: 0.999994 0.0013343 0.00323364 -0.00135203 0.999985 0.00526267 -0.00322617 -0.00526746 0.999981 -0.164871 0.000827397 -0.0280606
FixedParameters: 0 0 0

#Transform 143
Transform: AffineTransform_float_3_3
Parameters: 0.999993 0.00135067 0.00330193 -0.00136519 0.99999 0.00420278 -0.00329668 -0.00420691 0.999986 -0.165455 0.0806725 -0.0975052
FixedParameters: 0 0 0

#Transform 144
Transform: AffineTransform_float_3_3
Parameters: 0.999995 0.00113056 0.00272721 -0.00113952 0.999993 0.00358638 -0.0027228 -0.00358935 0.99999 -0.156071 0.0702463 -0.0717704
FixedParameters: 0 0 0

#Transform 145
Transform: AffineTransform_float_3_3
Parameters: 0.999995 0.00128089 0.00287383 -0.00129402 0.999989 0.00442242 -0.00286846 -0.00442658 0.999986 -0.15948 0.0264529 0.0231844
FixedParameters: 0 0 0

#Transform 146
Transform: AffineTransform_float_3_3
Parameters: 0.999994 0.00105681 0.00329278 -0.00107241 0.999989 0.00473673 -0.00328724 -0.00474114 0.999983 -0.155626 0.0721111 0.0384934
FixedParameters: 0 0 0

#Transform 147
Transform: AffineTransform_float_3_3
Parameters: 0.999993 0.00134825 0.00330982 -0.00136451 0.999987 0.00491758 -0.00330314 -0.00492204 0.999982 -0.165486 0.0335518 0.0485461
FixedParameters: 0 0 0

#Transform 148
Transform: AffineTransform_float_3_3
Parameters: 0.999996 0.000857146 0.00276366 -0.000870123 0.999989 0.00463678 -0.00275972 -0.00463928 0.999986 -0.15365 0.0262487 0.0239372
FixedParameters: 0 0 0

#Transform 149
Transform: AffineTransform_float_3_3
Parameters: 0.999995 0.00125116 0.00270733 -0.00126534 0.999986 0.00508836 -0.00270071 -0.00509193 0.999983 -0.15179 0.129581 -0.0690248
FixedParameters: 0 0 0

#Transform 150
Transform: AffineTransform_float_3_3
Parameters: 0.999962 0.00528532 0.00688221 -0.00544027 0.999727 0.0227525 -0.00675977 -0.0227894 0.999717 -0.233079 0.289936 -0.84835
FixedParameters: 0 0 0

#Transform 151
Transform: AffineTransform_float_3_3
Parameters: 0.999993 0.00228233 0.0028689 -0.00232758 0.999875 0.0156412 -0.00283295 -0.0156474 0.999873 -0.0496626 0.14079 -1.0001
FixedParameters: 0 0 0

#Transform 152
Transform: AffineTransform_float_3_3
Parameters: 0.99999 0.00333927 0.00315829 -0.00333583 0.999994 -0.00110887 -0.00316195 0.00109785 0.999994 -0.142214 0.157583 -0.35737
FixedParameters: 0 0 0

#Transform 153
Transform: AffineTransform_float_3_3
Parameters: 0.999998 0.00123344 0.00138798 -0.00122743 0.999988 -0.00464121 -0.00139314 0.00463995 0.999988 -0.167438 0.113466 0.248105
FixedParameters: 0 0 0

#Transform 154
Transform: AffineTransform_float_3_3
Parameters: 0.999996 0.0022966 0.00114454 -0.0022855 0.999949 -0.00982246 -0.00116717 0.00982042 0.999951 -0.198872 -0.0210829 0.384536
FixedParameters: 0 0 0

#Transform 155
Transform: AffineTransform_float_3_3
Parameters: 0.999998 0.00225753 0.000218899 -0.00225554 0.999949 -0.00986145 -0.000241533 0.00986051 0.999952 -0.177611 -0.061075 0.234972
FixedParameters: 0 0 0

#Transform 156
Transform: AffineTransform_float_3_3
Parameters: 0.999999 0.0015236 0.000816629 -0.00151756 0.999969 -0.00773453 -0.000828803 0.00773287 0.99997 -0.169836 -0.0153364 0.215446
FixedParameters: 0 0 0

#Transform 157
Transform: AffineTransform_float_3_3
Parameters: 0.999996 0.00223766 0.00157789 -0.00222785 0.999977 -0.00636416 -0.00159132 0.00636073 0.999978 -0.189082 -0.031817 0.163285
FixedParameters: 0 0 0

#Transform 158
Transform: AffineTransform_float_3_3
Parameters: 0.999997 0.00190454 0.00138549 -0.00189373 0.999967 -0.00787745 -0.00140027 0.00787391 0.999968 -0.18734 -0.019353 0.173267
FixedParameters: 0 0 0

#Transform 159
Transform: AffineTransform_float_3_3
Parameters: 0.999994 0.00274831 0.00229321 -0.00272937 0.999964 -0.00802889 -0.00231477 0.00802301 0.999965 -0.214718 0.0357354 0.110327
FixedParameters: 0 0 0

#Transform 160
Transform: AffineTransform_float_3_3
Parameters: 0.999995 0.00197324 0.00212062 -0.00195912 0.999976 -0.00652576 -0.00213277 0.0065217 0.999976 -0.199158 -0.0507392 0.238251
FixedParameters: 0 0 0

#Transform 161
Transform: AffineTransform_float_3_3
Parameters: 0.999996 0.00194055 0.00211704 -0.0019247 0.999971 -0.00734268 -0.0021306 0.00733781 0.999971 -0.196455 0.0180376 0.107734
FixedParameters: 0 0 0

#Transform 162
Transform: AffineTransform_float_3_3
Parameters: 0.999995 0.00214762 0.00221939 -0.00213433 0.999979 -0.00609727 -0.00223297 0.00609205 0.999979 -0.214425 -0.0246373 0.228344
FixedParameters: 0 0 0

#Transform 163
Transform: AffineTransform_float_3_3
Parameters: 0.999996 0.0017704 0.00239698 -0.00175745 0.999982 -0.00569429 -0.0024075 0.00569048 0.999981 -0.207889 -0.00334594 0.276342
FixedParameters: 0 0 0

#Transform 164
Transform: AffineTransform_float_3_3
Parameters: 0.999996 0.00128289 0.00224105 -0.0012689 0.999979 -0.00634141 -0.00224867 0.00633846 0.999977 -0.195237 -0.0140258 0.2409
FixedParameters: 0 0 0

#Transform 165
Transform: AffineTransform_float_3_3
Parameters: 0.999999 0.00133597 0.00031688 -0.00133386 0.999984 -0.0056399 -0.000324534 0.0056396 0.999984 -0.222002 -0.0509191 0.358252
FixedParameters: 0 0 0

#Transform 166
Transform: AffineTransform_float_3_3
Parameters: 0.999996 0.00254956 0.000135499 -0.00254913 0.999994 -0.00202907 -0.000140747 0.0020283 0.999998 -0.232087 -0.0317962 0.327759
FixedParameters: 0 0 0

#Transform 167
Transform: AffineTransform_float_3_3
Parameters: 0.999994 0.00346659 0.000142181 -0.00346635 0.999993 -0.00136067 -0.000146516 0.00135959 0.999999 -0.257613 -0.039374 0.266284
FixedParameters: 0 0 0

#Transform 168
Transform: AffineTransform_float_3_3
Parameters: 0.999994 0.00342837 -9.40456e-05 -0.00342867 0.999993 -0.00184561 8.74696e-05 0.00184614 0.999998 -0.24788 -0.0139469 0.322374
FixedParameters: 0 0 0

#Transform 169
Transform: AffineTransform_float_3_3
Parameters: 0.999994 0.00325491 -0.00113495 -0.00325748 0.999993 -0.00201307 0.00112755 0.00201656 0.999997 -0.241608 -0.0245414 0.28429
FixedParameters: 0 0 0

#Transform 170
Transform: AffineTransform_float_3_3
Parameters: 0.999995 0.00306784 -0.000769057 -0.003069 0.999993 -0.00216684 0.000762471 0.00216892 0.999997 -0.225443 0.0549753 0.243301
FixedParameters: 0 0 0

#Transform 171
Transform: AffineTransform_float_3_3
Parameters: 0.999994 0.00323727 -0.000179575 -0.00323779 0.999992 -0.00261341 0.000170701 0.00261381 0.999997 -0.235278 0.0112211 0.272558
FixedParameters: 0 0 0

#Transform 172
Transform: AffineTransform_float_3_3
Parameters: 0.999996 0.00304636 0.000211844 -0.0030461 0.999994 -0.00137921 -0.00021613 0.00137848 0.999999 -0.239101 -0.0867564 0.321221
FixedParameters: 0 0 0

#Transform 173
Transform: AffineTransform_float_3_3
Parameters: 0.999995 0.00306808 0.000644509 -0.00306716 0.999995 -0.000470527 -0.000645399 0.000468429 1 -0.225088 0.0319331 0.147073
FixedParameters: 0 0 0

#Transform 174
Transform: AffineTransform_float_3_3
Parameters: 0.999997 0.00151798 0.00187318 -0.00151805 0.999999 1.12269e-05 -0.00187312 -1.37517e-05 0.999998 -0.129779 0.125952 -0.367327
FixedParameters: 0 0 0

#Transform 175
Transform: AffineTransform_float_3_3
Parameters: 1 -0.000253239 0.000623401 0.000253737 0.999998 -0.002082 -0.000623006 0.00208232 0.999997 0.104614 -0.0406608 -0.442076
FixedParameters: 0 0 0

#Transform 176
Transform: AffineTransform_float_3_3
Parameters: 0.999999 0.0017595 -0.000297727 -0.00176086 0.999983 -0.00559795 0.000287885 0.00559856 0.999985 -0.126301 -0.0110515 -0.592476
FixedParameters: 0 0 0

#Transform 177
Transform: AffineTransform_float_3_3
Parameters: 0.999994 0.00100196 -0.00314961 -0.00102424 0.999974 -0.007182 0.00314246 0.00718548 0.999969 -0.0819044 0.0519986 -0.587147
FixedParameters: 0 0 0

#Transform 178
Transform: AffineTransform_float_3_3
Parameters: 0.999994 0.00265906 -0.0019832 -0.00268048 0.999938 -0.0107976 0.00195462 0.0108018 0.999939 -0.177279 0.0613995 -0.354863
FixedParameters: 0 0 0

#Transform 179
Transform: AffineTransform_float_3_3
Parameters: 0.999993 0.00376358 -0.00112431 -0.00376843 0.999983 -0.00444714 0.00110819 0.00445091 0.999989 -0.204695 0.0375828 -0.223577
FixedParameters: 0 0 0

#Transform 180
Transform: AffineTransform_float_3_3
Parameters: 0.999991 0.00381007 -0.00143027 -0.00381438 0.999988 -0.00332883 0.00141715 0.00333415 0.999994 -0.212226 0.032106 -0.291059
FixedParameters: 0 0 0

#Transform 181
Transform: AffineTransform_float_3_3
Parameters: 0.999992 0.00341241 -0.00200135 -0.00342404 0.999979 -0.00552873 0.00198206 0.0055355 0.999982 -0.20257 -0.0726597 -0.26431
FixedParameters: 0 0 0

#Transform 182
Transform: AffineTransform_float_3_3
Parameters: 0.999991 0.00389985 -0.00155984 -0.00390872 0.999975 -0.00580915 0.00153727 0.00581561 0.999982 -0.204384 -0.00804457 -0.305172
FixedParameters: 0 0 0

#Transform 183
Transform: AffineTransform_float_3_3
Parameters: 0.99999 0.00380878 -0.0020958 -0.00382447 0.999965 -0.00746499 0.00206768 0.00747361 0.99997 -0.193709 0.0321137 -0.350983
FixedParameters: 0 0 0

#Transform 184
Transform: AffineTransform_float_3_3
Parameters: 0.999992 0.00374888 -0.00144312 -0.00375771 0.999973 -0.00635785 0.00141918 0.00636328 0.999979 -0.199528 0.0189728 -0.294829
FixedParameters: 0 0 0

#Transform 185
Transform: AffineTransform_float_3_3
Parameters: 0.999992 0.00395955 -0.00121342 -0.00396709 0.999973 -0.00621302 0.00118829 0.00621751 0.999979 -0.20179 0.109889 -0.297364
FixedParameters: 0 0 0

#Transform 186
Transform: AffineTransform_float_3_3
Parameters: 0.999992 0.00386415 -0.00115103 -0.00387147 0.999971 -0.00655386 0.00112543 0.00655795 0.999978 -0.212472 -0.059253 -0.243945
FixedParameters: 0 0 0

#Transform 187
Transform: AffineTransform_float_3_3
Parameters: 0.999992 0.00393962 -0.00133411 -0.00394875 0.999968 -0.00689527 0.00130761 0.00690001 0.999975 -0.198808 0.0497628 -0.299709
FixedParameters: 0 0 0

#Transform 188
Transform: AffineTransform_float_3_3
