# transform file /out/sourcedata/freesurfer/sub-v2s13x29108_ses-1/mri/transforms/cc_up.lta
# created by oesteban on Wed Mar 11 05:22:53 2026

type      = 0 # LINEAR_VOX_TO_VOX
nxforms   = 1
mean      = 131.0000 149.0000 129.0000
sigma     = 10000.0000
1 4 4
9.997083544731140e-01 2.017101272940636e-02 1.327855512499809e-02 -7.534689903259277e+00 
-2.016923390328884e-02 9.997965097427368e-01 -2.678963937796652e-04 4.708787441253662e+00 
-1.328125782310963e-02 -2.910383045673370e-11 9.999118447303772e-01 3.755710363388062e+00 
0.000000000000000e+00 0.000000000000000e+00 0.000000000000000e+00 1.000000000000000e+00 
src volume info
valid = 1  # volume info valid
filename = /out/sourcedata/freesurfer/sub-v2s13x29108_ses-1/mri/norm.mgz
volume = 256 256 256
voxelsize = 8.984374403953552e-01 8.984374403953552e-01 8.984374403953552e-01
xras   = -9.999998807907104e-01 -2.429537300507878e-11 3.239383067343837e-11
yras   = -3.239383067343837e-11 0.000000000000000e+00 -1.000000000000000e+00
zras   = -4.049229007652144e-11 9.999999403953552e-01 0.000000000000000e+00
cras   = 3.000251770019531e+00 -6.240119934082031e+00 1.845062255859375e+01
dst volume info
valid = 1  # volume info valid
filename = /out/sourcedata/freesurfer/sub-v2s13x29108_ses-1/mri/norm.mgz
volume = 256 256 256
voxelsize = 8.984374403953552e-01 8.984374403953552e-01 8.984374403953552e-01
xras   = -9.999998807907104e-01 -2.429537300507878e-11 3.239383067343837e-11
yras   = -3.239383067343837e-11 0.000000000000000e+00 -1.000000000000000e+00
zras   = -4.049229007652144e-11 9.999999403953552e-01 0.000000000000000e+00
cras   = 3.000251770019531e+00 -6.240119934082031e+00 1.845062255859375e+01
