# transform file transforms/talairach.lta
# created by oesteban on Wed Mar 11 03:58:14 2026

type      = 0 # LINEAR_VOX_TO_VOX
nxforms   = 1
mean      = 131.0000 149.0000 130.0000
sigma     = 10000.0000
1 4 4
8.862625956535339e-01 6.085081025958061e-03 3.000600449740887e-02 6.149446487426758e+00 
-7.242402527481318e-03 9.940572381019592e-01 6.100717559456825e-02 -3.088714790344238e+01 
-2.894635871052742e-02 -6.269294768571854e-02 8.991863727569580e-01 9.712407112121582e+00 
0.000000000000000e+00 0.000000000000000e+00 0.000000000000000e+00 1.000000000000000e+00 
src volume info
valid = 1  # volume info valid
filename = nu.mgz
volume = 256 256 256
voxelsize = 8.984374403953552e-01 8.984374403953552e-01 8.984374403953552e-01
xras   = -9.999998807907104e-01 -2.429537300507878e-11 3.239383067343837e-11
yras   = -3.239383067343837e-11 0.000000000000000e+00 -1.000000000000000e+00
zras   = -4.049229007652144e-11 9.999999403953552e-01 0.000000000000000e+00
cras   = 3.000251770019531e+00 -6.240119934082031e+00 1.845062255859375e+01
dst volume info
valid = 1  # volume info valid
filename = /opt/freesurfer/average/RB_all_2020-01-02.gca
volume = 256 256 256
voxelsize = 1.000000000000000e+00 1.000000000000000e+00 1.000000000000000e+00
xras   = -1.000000000000000e+00 0.000000000000000e+00 0.000000000000000e+00
yras   = 0.000000000000000e+00 0.000000000000000e+00 -1.000000000000000e+00
zras   = 0.000000000000000e+00 1.000000000000000e+00 0.000000000000000e+00
cras   = 0.000000000000000e+00 0.000000000000000e+00 0.000000000000000e+00
