type      = 0 # LINEAR_VOX_TO_VOX
nxforms   = 1
mean      = 0.0000 0.0000 0.0000
sigma     = 1.0000
1 4 4
9.270696640014648e-01 4.877617117017508e-03 1.795167848467827e-02 3.223846435546875e+00 
-1.505511440336704e-02 9.809472560882568e-01 6.984183192253113e-02 -2.843067932128906e+01 
-1.172370836138725e-02 -9.146721661090851e-02 9.372840523719788e-01 6.333480834960938e+00 
0.000000000000000e+00 0.000000000000000e+00 0.000000000000000e+00 1.000000000000000e+00 
src volume info
valid = 1  # volume info valid
filename = /out/sourcedata/freesurfer/sub-v2s13x29108_ses-1/mri/orig.mgz
volume = 256 256 256
voxelsize = 8.984374403953552e-01 8.984374403953552e-01 8.984374403953552e-01
xras   = -9.999998807907104e-01 -2.429537300507878e-11 3.239383067343837e-11
yras   = -3.239383067343837e-11 0.000000000000000e+00 -1.000000000000000e+00
zras   = -4.049229007652144e-11 9.999999403953552e-01 0.000000000000000e+00
cras   = 3.000251770019531e+00 -6.240119934082031e+00 1.845062255859375e+01
dst volume info
valid = 1  # volume info valid
filename = /opt/freesurfer/average/mni305.cor.mgz
volume = 256 256 256
voxelsize = 1.000000000000000e+00 1.000000000000000e+00 1.000000000000000e+00
xras   = -1.000000000000000e+00 0.000000000000000e+00 0.000000000000000e+00
yras   = 0.000000000000000e+00 0.000000000000000e+00 -1.000000000000000e+00
zras   = 0.000000000000000e+00 1.000000000000000e+00 0.000000000000000e+00
cras   = 0.000000000000000e+00 0.000000000000000e+00 0.000000000000000e+00
subject fsaverage
fscale 0.100000
