# transform file /out/sourcedata/freesurfer/sub-v2s13x29107_ses-1/mri/transforms/cc_up.lta
# created by oesteban on Wed Mar 11 05:28:37 2026

type      = 0 # LINEAR_VOX_TO_VOX
nxforms   = 1
mean      = 129.0000 141.0000 128.0000
sigma     = 10000.0000
1 4 4
9.973232746124268e-01 1.633784919977188e-02 -7.126884162425995e-02 4.186176300048828e+00 
-1.629629172384739e-02 9.998664855957031e-01 1.164535060524940e-03 1.199102783203125e+01 
7.127835601568222e-02 -1.164153079491470e-10 9.974564313888550e-01 -3.953325986862183e+00 
0.000000000000000e+00 0.000000000000000e+00 0.000000000000000e+00 1.000000000000000e+00 
src volume info
valid = 1  # volume info valid
filename = /out/sourcedata/freesurfer/sub-v2s13x29107_ses-1/mri/norm.mgz
volume = 256 256 256
voxelsize = 8.984375000000000e-01 8.984375000000000e-01 8.984375000000000e-01
xras   = -1.000000000000000e+00 -4.535135877947738e-10 0.000000000000000e+00
yras   = -2.591506176319314e-10 0.000000000000000e+00 -9.999999403953552e-01
zras   = -1.554903761302739e-09 1.000000000000000e+00 3.317127905688722e-08
cras   = 3.347297668457031e+00 -2.784233093261719e+00 2.426083374023438e+01
dst volume info
valid = 1  # volume info valid
filename = /out/sourcedata/freesurfer/sub-v2s13x29107_ses-1/mri/norm.mgz
volume = 256 256 256
voxelsize = 8.984375000000000e-01 8.984375000000000e-01 8.984375000000000e-01
xras   = -1.000000000000000e+00 -4.535135877947738e-10 0.000000000000000e+00
yras   = -2.591506176319314e-10 0.000000000000000e+00 -9.999999403953552e-01
zras   = -1.554903761302739e-09 1.000000000000000e+00 3.317127905688722e-08
cras   = 3.347297668457031e+00 -2.784233093261719e+00 2.426083374023438e+01
