type      = 0 # LINEAR_VOX_TO_VOX
nxforms   = 1
mean      = 0.0000 0.0000 0.0000
sigma     = 1.0000
1 4 4
9.809607267379761e-01 1.466699223965406e-02 -5.732929706573486e-02 5.114929199218750e+00 
-4.993515554815531e-03 9.990767836570740e-01 1.454156786203384e-01 -3.352487182617188e+01 
1.961468718945980e-02 -1.404446363449097e-01 9.920663833618164e-01 -4.894409179687500e-01 
0.000000000000000e+00 0.000000000000000e+00 0.000000000000000e+00 1.000000000000000e+00 
src volume info
valid = 1  # volume info valid
filename = /out/sourcedata/freesurfer/sub-v2s13x29107_ses-1/mri/orig.mgz
volume = 256 256 256
voxelsize = 8.984375000000000e-01 8.984375000000000e-01 8.984375000000000e-01
xras   = -1.000000000000000e+00 -4.535135877947738e-10 0.000000000000000e+00
yras   = -2.591506176319314e-10 0.000000000000000e+00 -9.999999403953552e-01
zras   = -1.554903761302739e-09 1.000000000000000e+00 3.317127905688722e-08
cras   = 3.347297668457031e+00 -2.784233093261719e+00 2.426083374023438e+01
dst volume info
valid = 1  # volume info valid
filename = /opt/freesurfer/average/mni305.cor.mgz
volume = 256 256 256
voxelsize = 1.000000000000000e+00 1.000000000000000e+00 1.000000000000000e+00
xras   = -1.000000000000000e+00 0.000000000000000e+00 0.000000000000000e+00
yras   = 0.000000000000000e+00 0.000000000000000e+00 -1.000000000000000e+00
zras   = 0.000000000000000e+00 1.000000000000000e+00 0.000000000000000e+00
cras   = 0.000000000000000e+00 0.000000000000000e+00 0.000000000000000e+00
subject fsaverage
fscale 0.100000
