type      = 1 # LINEAR_RAS_TO_RAS
nxforms   = 1
mean      = 0.0000 0.0000 0.0000
sigma     = 1.0000
1 4 4
1.091851949691772e+00 6.380999833345413e-02 1.632500067353249e-02 -1.090278983116150e+00 
-2.183200046420097e-02 1.104212999343872e+00 1.563210040330887e-01 -1.761619567871094e+01 
-5.557999946177006e-03 -1.618539988994598e-01 1.112015962600708e+00 -1.174148559570312e+01 
0.000000000000000e+00 0.000000000000000e+00 0.000000000000000e+00 1.000000000000000e+00 
src volume info
valid = 1  # volume info valid
filename = /out/sourcedata/freesurfer/sub-v2s13x29107_ses-1/mri/orig_nu.mgz
volume = 256 256 256
voxelsize = 8.984375000000000e-01 8.984375000000000e-01 8.984375000000000e-01
xras   = -1.000000000000000e+00 -4.535135877947738e-10 0.000000000000000e+00
yras   = -2.591506176319314e-10 0.000000000000000e+00 -9.999999403953552e-01
zras   = -1.554903761302739e-09 1.000000000000000e+00 3.317127905688722e-08
cras   = 3.347297668457031e+00 -2.784233093261719e+00 2.426083374023438e+01
dst volume info
valid = 1  # volume info valid
filename = /opt/freesurfer/average/mni305.cor.mgz
volume = 256 256 256
voxelsize = 1.000000000000000e+00 1.000000000000000e+00 1.000000000000000e+00
xras   = -1.000000000000000e+00 0.000000000000000e+00 0.000000000000000e+00
yras   = 0.000000000000000e+00 0.000000000000000e+00 -1.000000000000000e+00
zras   = 0.000000000000000e+00 1.000000000000000e+00 0.000000000000000e+00
cras   = 0.000000000000000e+00 0.000000000000000e+00 0.000000000000000e+00
subject fsaverage
fscale 0.100000
