# transform file transforms/talairach.lta
# created by oesteban on Wed Mar 11 03:51:59 2026

type      = 0 # LINEAR_VOX_TO_VOX
nxforms   = 1
mean      = 130.0000 142.0000 128.0000
sigma     = 10000.0000
1 4 4
9.276210069656372e-01 2.506588026881218e-02 -6.478999555110931e-02 1.078245258331299e+01 
-1.595948636531830e-02 9.871318936347961e-01 1.157480776309967e-01 -2.702441596984863e+01 
3.970978781580925e-02 -1.038846820592880e-01 9.145563244819641e-01 3.195524454116821e+00 
0.000000000000000e+00 0.000000000000000e+00 0.000000000000000e+00 1.000000000000000e+00 
src volume info
valid = 1  # volume info valid
filename = nu.mgz
volume = 256 256 256
voxelsize = 8.984375000000000e-01 8.984375000000000e-01 8.984375000000000e-01
xras   = -1.000000000000000e+00 -4.535135877947738e-10 0.000000000000000e+00
yras   = -2.591506176319314e-10 0.000000000000000e+00 -9.999999403953552e-01
zras   = -1.554903761302739e-09 1.000000000000000e+00 3.317127905688722e-08
cras   = 3.347297668457031e+00 -2.784233093261719e+00 2.426083374023438e+01
dst volume info
valid = 1  # volume info valid
filename = /opt/freesurfer/average/RB_all_2020-01-02.gca
volume = 256 256 256
voxelsize = 1.000000000000000e+00 1.000000000000000e+00 1.000000000000000e+00
xras   = -1.000000000000000e+00 0.000000000000000e+00 0.000000000000000e+00
yras   = 0.000000000000000e+00 0.000000000000000e+00 -1.000000000000000e+00
zras   = 0.000000000000000e+00 1.000000000000000e+00 0.000000000000000e+00
cras   = 0.000000000000000e+00 0.000000000000000e+00 0.000000000000000e+00
