#Insight Transform File V1.0
#Transform 0
Transform: AffineTransform_float_3_3
Parameters: 0.999995 0.00284464 -0.000921877 -0.00284318 0.999993 0.00229032 0.000928156 -0.00228788 0.999997 0.0158136 -0.15244 0.329246
FixedParameters: 0 0 0

#Transform 1
Transform: AffineTransform_float_3_3
Parameters: 0.999996 0.00257532 -0.00159266 -0.00257148 0.999994 0.00239759 0.00159835 -0.00239389 0.999996 0.0405101 -0.174721 0.353593
FixedParameters: 0 0 0

#Transform 2
Transform: AffineTransform_float_3_3
Parameters: 0.999996 0.00256929 -0.00164308 -0.00256616 0.999995 0.00175445 0.00164729 -0.00175055 0.999997 0.0366901 -0.10111 0.337297
FixedParameters: 0 0 0

#Transform 3
Transform: AffineTransform_float_3_3
Parameters: 0.999996 0.00257323 -0.00161074 -0.00256939 0.999995 0.00203487 0.00161542 -0.00203111 0.999997 0.0358008 -0.145617 0.330072
FixedParameters: 0 0 0

#Transform 4
Transform: AffineTransform_float_3_3
Parameters: 0.999995 0.0027273 -0.00114553 -0.00272547 0.999994 0.00196766 0.00115049 -0.0019652 0.999997 0.0106799 -0.103959 0.343443
FixedParameters: 0 0 0

#Transform 5
Transform: AffineTransform_float_3_3
Parameters: 0.999996 0.00263109 -0.00114477 -0.00262799 0.999993 0.00256179 0.0011515 -0.00255833 0.999996 0.00772569 -0.168235 0.308485
FixedParameters: 0 0 0

#Transform 6
Transform: AffineTransform_float_3_3
Parameters: 0.999996 0.00265416 -0.000962635 -0.00265153 0.999994 0.00223713 0.000968627 -0.0022346 0.999997 -0.00111476 -0.0692808 0.315507
FixedParameters: 0 0 0

#Transform 7
Transform: AffineTransform_float_3_3
Parameters: 0.999996 0.00268847 -0.000691549 -0.00268646 0.999995 0.00194457 0.000696012 -0.00194271 0.999998 -0.0125993 -0.0969186 0.263291
FixedParameters: 0 0 0

#Transform 8
Transform: AffineTransform_float_3_3
Parameters: 0.999997 0.00223622 -0.000753782 -0.00223471 0.999996 0.00194575 0.000758608 -0.00194403 0.999998 0.00287573 -0.0431328 0.288471
FixedParameters: 0 0 0

#Transform 9
Transform: AffineTransform_float_3_3
Parameters: 0.999997 0.00230783 -0.000600527 -0.00230606 0.999996 0.00194278 0.000604514 -0.00194067 0.999998 -0.00518216 -0.0323795 0.218314
FixedParameters: 0 0 0

#Transform 10
Transform: AffineTransform_float_3_3
Parameters: 0.999998 0.00221513 -0.000286584 -0.00221449 0.999995 0.00193879 0.000291195 -0.00193795 0.999998 -0.0166343 -0.0805931 0.241289
FixedParameters: 0 0 0

#Transform 11
Transform: AffineTransform_float_3_3
Parameters: 0.999997 0.00217846 -0.000153249 -0.00217823 0.999993 0.00301342 0.000159423 -0.00301312 0.999996 -0.0242993 -0.124419 0.14484
FixedParameters: 0 0 0

#Transform 12
Transform: AffineTransform_float_3_3
Parameters: 0.999997 0.00195644 0.0013973 -0.00196066 0.999993 0.00344095 -0.00139048 -0.00344364 0.999993 -0.143109 0.072435 -0.0770545
FixedParameters: 0 0 0

#Transform 13
Transform: AffineTransform_float_3_3
Parameters: 0.999997 0.00102708 0.0018986 -0.0010343 0.999993 0.00367985 -0.00189483 -0.00368126 0.999992 -0.117979 -0.176733 0.0460519
FixedParameters: 0 0 0

#Transform 14
Transform: AffineTransform_float_3_3
Parameters: 0.999999 0.000401992 0.00178474 -0.000407453 0.999996 0.00295003 -0.00178297 -0.00295024 0.999994 -0.0555082 -0.243354 0.0813635
FixedParameters: 0 0 0

#Transform 15
Transform: AffineTransform_float_3_3
Parameters: 0.999999 0.000293724 0.000902541 -0.000296182 0.999997 0.00244749 -0.000902343 -0.002448 0.999996 -0.0310957 -0.149124 0.0547985
FixedParameters: 0 0 0

#Transform 16
Transform: AffineTransform_float_3_3
Parameters: 1 -0.000116249 0.00108966 0.000112487 0.999995 0.00315304 -0.00109076 -0.00315253 0.999995 -0.0319467 -0.166103 0.109599
FixedParameters: 0 0 0

#Transform 17
Transform: AffineTransform_float_3_3
Parameters: 0.999999 0.000348263 0.00133809 -0.000351723 0.999997 0.0023829 -0.00133779 -0.00238356 0.999997 -0.0492408 -0.043459 0.0551661
FixedParameters: 0 0 0

#Transform 18
Transform: AffineTransform_float_3_3
Parameters: 0.999999 0.000306564 0.00100683 -0.000309656 0.999997 0.00250878 -0.00100653 -0.00250913 0.999997 -0.0312807 -0.0972837 0.0824038
FixedParameters: 0 0 0

#Transform 19
Transform: AffineTransform_float_3_3
Parameters: 0.999999 0.000293701 0.000903295 -0.00029624 0.999997 0.00249061 -0.000903068 -0.00249087 0.999997 -0.0327441 -0.0760949 0.0589302
FixedParameters: 0 0 0

#Transform 20
Transform: AffineTransform_float_3_3
Parameters: 1 6.51418e-07 0.000345844 -3.3116e-07 1 -0.000463009 -0.000345845 0.000463009 1 -0.0210176 0.0195934 -0.00203108
FixedParameters: 0 0 0

#Transform 21
Transform: AffineTransform_float_3_3
Parameters: 1 -0.000156173 0.000492946 0.000157094 1 7.16828e-05 -0.000493094 -7.15258e-05 1 -0.00364283 -0.0501792 0.0653204
FixedParameters: 0 0 0

#Transform 22
Transform: AffineTransform_float_3_3
Parameters: 0.999999 -0.000105389 0.000895362 0.000105981 1 0.00022279 -0.000895535 -0.000222598 0.999999 -0.025803 -0.013107 0.0188493
FixedParameters: 0 0 0

#Transform 23
Transform: AffineTransform_float_3_3
Parameters: 1 -0.000137744 0.000647081 0.000138013 1 0.00055811 -0.000647361 -0.000557929 0.999999 -0.0202476 -0.0791526 0.038976
FixedParameters: 0 0 0

#Transform 24
Transform: AffineTransform_float_3_3
Parameters: 0.999999 -9.65867e-05 0.000965459 9.70751e-05 1 0.000260587 -0.000965636 -0.000260397 0.999999 -0.0269489 0.015577 0.0153891
FixedParameters: 0 0 0

#Transform 25
Transform: AffineTransform_float_3_3
Parameters: 0.999999 -0.000128035 0.00072201 0.000128345 1 0.00047181 -0.000722257 -0.000471623 0.999999 -0.026734 -0.0461226 0.04581
FixedParameters: 0 0 0

#Transform 26
Transform: AffineTransform_float_3_3
Parameters: 0.999999 8.78284e-05 0.00100394 -8.72903e-05 1 0.000225667 -0.00100403 -0.00022584 0.999999 -0.0476252 -0.00853772 0.0340828
FixedParameters: 0 0 0

#Transform 27
Transform: AffineTransform_float_3_3
Parameters: 1 0.000133439 0.000518546 -0.000133933 1 0.000476042 -0.000518418 -0.00047618 1 -0.035118 -0.0489359 0.0397003
FixedParameters: 0 0 0

#Transform 28
Transform: AffineTransform_float_3_3
Parameters: 0.999999 -0.000109218 0.000861661 0.000110118 1 5.03611e-05 -0.000861816 -5.11375e-05 0.999999 -0.0477505 -0.000464637 0.0152943
FixedParameters: 0 0 0

#Transform 29
Transform: AffineTransform_float_3_3
Parameters: 1 -0.000149412 0.000566978 0.00014906 0.999999 0.00121458 -0.000567467 -0.00121441 0.999999 -0.0268487 -0.0915719 0.0604518
FixedParameters: 0 0 0

#Transform 30
Transform: AffineTransform_float_3_3
Parameters: 1 9.5136e-05 0.000539117 -9.59848e-05 1 -0.00013237 -0.000539016 0.000132264 1 -0.0372045 0.0352537 0.0315771
FixedParameters: 0 0 0

#Transform 31
Transform: AffineTransform_float_3_3
Parameters: 1 1.45346e-07 0.000520035 -3.78427e-07 1 0.0002241 -0.000520035 -0.0002241 1 -0.0395872 -0.0441891 0.0120673
FixedParameters: 0 0 0

#Transform 32
Transform: AffineTransform_float_3_3
Parameters: 1 -0.000150699 0.000545526 0.000151167 1 0.000595858 -0.000544841 -0.000595708 0.999999 -0.0353668 -0.0905783 0.0554511
FixedParameters: 0 0 0

#Transform 33
Transform: AffineTransform_float_3_3
Parameters: 0.999999 -0.000106444 0.000889032 0.000106872 1 0.000316913 -0.000889225 -0.000316721 0.999999 -0.0647158 0.00525377 -0.00791067
FixedParameters: 0 0 0

#Transform 34
Transform: AffineTransform_float_3_3
Parameters: 0.999999 0.000232562 0.000726838 -0.000232184 1 0.000422319 -0.000726768 -0.000422654 0.999999 -0.0565421 0.00368648 0.0198077
FixedParameters: 0 0 0

#Transform 35
Transform: AffineTransform_float_3_3
Parameters: 1 -8.34683e-05 0.0010679 8.39629e-05 1 0.000216937 -0.00106806 -0.000216505 1 -0.0724054 -0.0558942 0.0186581
FixedParameters: 0 0 0

#Transform 36
Transform: AffineTransform_float_3_3
Parameters: 1 -0.000142053 0.000615911 0.000142298 0.999999 0.000708667 -0.000615247 -0.000708507 0.999999 -0.0400569 -0.0974556 0.0312495
FixedParameters: 0 0 0

#Transform 37
Transform: AffineTransform_float_3_3
Parameters: 1 -6.63982e-05 0.00119707 6.73666e-05 1 -4.32988e-06 -0.00119719 4.74305e-06 1 -0.065086 0.025898 0.00189174
FixedParameters: 0 0 0

#Transform 38
Transform: AffineTransform_float_3_3
Parameters: 0.999999 -0.000106116 0.000893697 0.000106491 1 0.000415847 -0.00089292 -0.000415672 0.999999 -0.052997 -0.0746301 0.00338097
FixedParameters: 0 0 0

#Transform 39
Transform: AffineTransform_float_3_3
Parameters: 0.999999 -0.000286922 0.00128287 0.000286392 1 0.000191614 -0.00128299 -0.000191596 0.999999 -0.055469 -0.0413842 0.00923824
FixedParameters: 0 0 0

#Transform 40
Transform: AffineTransform_float_3_3
Parameters: 0.999999 -0.000497319 0.00136888 0.000495609 1 0.00103152 -0.00136906 -0.00103115 0.999998 -0.0549154 -0.0734135 -0.0120883
FixedParameters: 0 0 0

#Transform 41
Transform: AffineTransform_float_3_3
Parameters: 0.999998 -0.000417923 0.00196067 0.000418824 1 -0.00024746 -0.00196047 0.000248634 0.999998 -0.0729001 0.0675864 -0.0213668
FixedParameters: 0 0 0

#Transform 42
Transform: AffineTransform_float_3_3
Parameters: 0.999999 -0.000541536 0.00144682 0.000540909 0.999999 0.000590368 -0.00144661 -0.000589534 0.999999 -0.0435778 -0.111425 -0.0049175
FixedParameters: 0 0 0

#Transform 43
Transform: AffineTransform_float_3_3
Parameters: 0.999998 -0.000405084 0.00207832 0.000404804 1 0.000319615 -0.00207772 -0.000318413 0.999998 -0.0825608 0.0531792 -0.0551604
FixedParameters: 0 0 0

#Transform 44
Transform: AffineTransform_float_3_3
Parameters: 0.999999 -0.000594523 0.00165948 0.000593356 1 0.000975993 -0.00165991 -0.000974751 0.999998 -0.066405 -0.117235 -0.0247693
FixedParameters: 0 0 0

#Transform 45
Transform: AffineTransform_float_3_3
Parameters: 0.999998 -0.000462019 0.00163547 0.000461344 0.999999 0.000537062 -0.00163512 -0.000536284 0.999998 -0.0874794 -0.0336068 -0.0406006
FixedParameters: 0 0 0

#Transform 46
Transform: AffineTransform_float_3_3
Parameters: 0.999998 -0.000402909 0.00163372 0.000402134 1 0.000882022 -0.0016337 -0.000881436 0.999999 -0.0732167 -0.11973 -0.0419762
FixedParameters: 0 0 0

#Transform 47
Transform: AffineTransform_float_3_3
Parameters: 0.999998 -0.000410488 0.00162969 0.000409672 0.999999 0.000582061 -0.00162931 -0.000581456 0.999998 -0.0838164 -0.0420344 -0.0390982
FixedParameters: 0 0 0

#Transform 48
Transform: AffineTransform_float_3_3
Parameters: 0.999999 -0.000483704 0.00147179 0.000482358 1 0.000835754 -0.00147175 -0.000835315 0.999998 -0.0751077 -0.091694 -0.0294716
FixedParameters: 0 0 0

#Transform 49
Transform: AffineTransform_float_3_3
Parameters: 0.999999 -0.000384874 0.00179511 0.00038439 1 0.000115165 -0.00179521 -0.000114502 0.999998 -0.0933416 -0.00923654 -0.0203249
FixedParameters: 0 0 0

#Transform 50
Transform: AffineTransform_float_3_3
Parameters: 0.999998 0.000585011 0.00162709 -0.000586877 0.999999 0.00118416 -0.00162594 -0.00118485 0.999998 -0.0350548 -0.058527 0.0515576
FixedParameters: 0 0 0

#Transform 51
Transform: AffineTransform_float_3_3
Parameters: 0.999999 -0.000442865 0.00177807 0.000441999 1 0.000223592 -0.00177828 -0.000222736 0.999998 -0.0609557 0.0221274 -0.0250812
FixedParameters: 0 0 0

#Transform 52
Transform: AffineTransform_float_3_3
Parameters: 0.999999 -2.63191e-05 0.00143805 2.58822e-05 0.999999 0.000829594 -0.00143834 -0.000829264 0.999998 -0.0627595 -0.117009 0.0179923
FixedParameters: 0 0 0

#Transform 53
Transform: AffineTransform_float_3_3
Parameters: 0.999999 -0.000213139 0.0017788 0.000212052 1 0.000564256 -0.00177917 -0.000563964 0.999999 -0.0844994 -0.053125 -0.0530094
FixedParameters: 0 0 0

#Transform 54
Transform: AffineTransform_float_3_3
Parameters: 0.999998 -0.000435754 0.00184279 0.00043483 0.999999 0.000533679 -0.00184241 -0.000533524 0.999999 -0.0640018 -0.0459551 -0.00522454
FixedParameters: 0 0 0

#Transform 55
Transform: AffineTransform_float_3_3
Parameters: 0.999998 -0.000435754 0.00184279 0.00043483 0.999999 0.000533679 -0.00184241 -0.000533524 0.999999 -0.077295 -0.0018706 -0.0417134
FixedParameters: 0 0 0

#Transform 56
Transform: AffineTransform_float_3_3
Parameters: 0.999998 -0.000352564 0.00189294 0.000350607 1 0.00103058 -0.00189393 -0.00102996 0.999997 -0.080761 -0.063959 0.00616512
FixedParameters: 0 0 0

#Transform 57
Transform: AffineTransform_float_3_3
Parameters: 0.999999 -0.000355273 0.00183119 0.000354674 1 0.000449667 -0.00183066 -0.000448849 0.999999 -0.091265 0.0139249 -0.0342109
FixedParameters: 0 0 0

#Transform 58
Transform: AffineTransform_float_3_3
Parameters: 0.999999 -0.000338231 0.00183858 0.000336543 1 0.00102246 -0.00183854 -0.00102195 0.999998 -0.0862587 -0.128732 -0.00558555
FixedParameters: 0 0 0

#Transform 59
Transform: AffineTransform_float_3_3
Parameters: 0.999997 -0.000424483 0.00217086 0.000424258 1 3.60719e-05 -0.0021709 -3.46964e-05 0.999997 -0.10432 0.0518404 -0.0245628
FixedParameters: 0 0 0

#Transform 60
Transform: AffineTransform_float_3_3
Parameters: 0.999998 -0.000565655 0.00189086 0.000563602 0.999999 0.00135327 -0.00189179 -0.00135161 0.999998 -0.0903 -0.0782874 -0.0136054
FixedParameters: 0 0 0

#Transform 61
Transform: AffineTransform_float_3_3
Parameters: 0.999998 -0.000418173 0.00201251 0.000417055 0.999999 0.000506775 -0.00201307 -0.000505558 0.999998 -0.092935 0.0532789 -0.0179488
FixedParameters: 0 0 0

#Transform 62
Transform: AffineTransform_float_3_3
Parameters: 0.999998 -0.000430915 0.00194108 0.000428101 0.999998 0.00151414 -0.00194177 -0.00151295 0.999997 -0.0888605 -0.0927743 -0.0270934
FixedParameters: 0 0 0

#Transform 63
Transform: AffineTransform_float_3_3
Parameters: 0.999998 -0.000426189 0.00196975 0.000423362 0.999999 0.00121161 -0.00197104 -0.0012104 0.999998 -0.0927676 0.0039895 -0.000974369
FixedParameters: 0 0 0

#Transform 64
Transform: AffineTransform_float_3_3
Parameters: 0.999997 -0.000848274 0.00197258 0.000845472 0.999999 0.00152649 -0.00197359 -0.00152485 0.999997 -0.0757019 -0.0481308 -0.0223315
FixedParameters: 0 0 0

#Transform 65
Transform: AffineTransform_float_3_3
Parameters: 0.999998 -0.000927756 0.00213501 0.000925307 0.999999 0.00128902 -0.00213683 -0.00128772 0.999997 -0.0816966 0.0266773 -0.0264646
FixedParameters: 0 0 0

#Transform 66
Transform: AffineTransform_float_3_3
Parameters: 0.999996 -0.000892255 0.00242674 0.000888697 0.999998 0.00159334 -0.00242814 -0.00159144 0.999996 -0.0751403 -0.0826992 -0.0362564
FixedParameters: 0 0 0

#Transform 67
Transform: AffineTransform_float_3_3
Parameters: 0.999998 -0.00120618 0.00199079 0.0011997 0.999993 0.00359817 -0.00199441 -0.0035954 0.999991 -0.0560084 -0.114338 0.0569778
FixedParameters: 0 0 0

#Transform 68
Transform: AffineTransform_float_3_3
Parameters: 0.999998 -0.000796222 0.0018877 0.000794995 1 0.000610632 -0.00188784 -0.000609328 0.999998 -0.0834908 -0.08542 0.0274501
FixedParameters: 0 0 0

#Transform 69
Transform: AffineTransform_float_3_3
Parameters: 0.999997 -0.000559939 0.00235697 0.000557178 0.999999 0.000990471 -0.00235835 -0.000989267 0.999997 -0.0905227 -0.101554 -0.00288687
FixedParameters: 0 0 0

#Transform 70
Transform: AffineTransform_float_3_3
Parameters: 0.999996 -0.00086411 0.00262453 0.000862793 0.999999 0.00082192 -0.00262536 -0.000818831 0.999996 -0.0858194 -0.0522859 -0.00587995
FixedParameters: 0 0 0

#Transform 71
Transform: AffineTransform_float_3_3
Parameters: 0.999997 -0.000905602 0.00231655 0.000902976 0.999999 0.00146901 -0.00231776 -0.00146653 0.999996 -0.0581183 -0.131447 -0.039735
FixedParameters: 0 0 0

#Transform 72
Transform: AffineTransform_float_3_3
Parameters: 0.999996 -0.000865691 0.00264173 0.000861875 0.999998 0.0016939 -0.00264334 -0.00169151 0.999995 -0.0820935 -0.0768774 -0.0354547
FixedParameters: 0 0 0

#Transform 73
Transform: AffineTransform_float_3_3
Parameters: 0.999996 -0.00105746 0.00270765 0.00105333 0.999999 0.00134426 -0.00270893 -0.00134194 0.999995 -0.0808921 -0.0539351 -0.0681873
FixedParameters: 0 0 0

#Transform 74
Transform: AffineTransform_float_3_3
Parameters: 0.999996 -0.000883552 0.0024886 0.000880909 0.999999 0.00137028 -0.00248958 -0.00136832 0.999996 -0.0670821 -0.0322912 -0.0128899
FixedParameters: 0 0 0

#Transform 75
Transform: AffineTransform_float_3_3
Parameters: 0.999995 -0.000810798 0.00304261 0.000809358 0.999999 0.000722186 -0.00304322 -0.000720136 0.999996 -0.0918878 0.0376565 -0.0305565
FixedParameters: 0 0 0

#Transform 76
Transform: AffineTransform_float_3_3
Parameters: 0.999996 -0.000786838 0.00274138 0.000784084 0.999999 0.00104794 -0.00274245 -0.0010458 0.999996 -0.0693626 -0.0728285 -0.0312794
FixedParameters: 0 0 0

#Transform 77
Transform: AffineTransform_float_3_3
Parameters: 0.999995 -0.000915367 0.00324682 0.000909719 0.999998 0.00182736 -0.00324798 -0.00182434 0.999994 -0.078425 -0.0929561 -0.0422852
FixedParameters: 0 0 0

#Transform 78
Transform: AffineTransform_float_3_3
Parameters: 0.999993 -0.00117596 0.00338387 0.00117104 0.999998 0.00134706 -0.00338462 -0.001343 0.999993 -0.0781421 -0.0513123 -0.0833555
FixedParameters: 0 0 0

#Transform 79
Transform: AffineTransform_float_3_3
Parameters: 0.999994 -0.00122328 0.00304268 0.00121575 0.999997 0.00228968 -0.00304512 -0.00228639 0.999993 -0.0525765 -0.108132 -0.0676616
FixedParameters: 0 0 0

#Transform 80
Transform: AffineTransform_float_3_3
Parameters: 0.999992 -0.00114121 0.0036884 0.0011336 0.999997 0.00202127 -0.00368999 -0.00201749 0.999991 -0.0875465 -0.0350607 -0.0554789
FixedParameters: 0 0 0

#Transform 81
Transform: AffineTransform_float_3_3
Parameters: 0.999994 -0.00108519 0.00327544 0.00107478 0.999995 0.00286964 -0.00327873 -0.00286548 0.99999 -0.0694666 -0.135267 -0.0674835
FixedParameters: 0 0 0

#Transform 82
Transform: AffineTransform_float_3_3
Parameters: 0.999992 -0.0011438 0.00366746 0.00113632 0.999997 0.00201462 -0.00366904 -0.00201086 0.999991 -0.0865165 -0.0117929 -0.0786072
FixedParameters: 0 0 0

#Transform 83
Transform: AffineTransform_float_3_3
Parameters: 0.999994 -0.00100356 0.00328122 0.000994835 0.999996 0.00260223 -0.00328352 -0.00259956 0.999991 -0.078401 -0.131927 -0.0753073
FixedParameters: 0 0 0

#Transform 84
Transform: AffineTransform_float_3_3
Parameters: 0.999993 -0.00116025 0.0035286 0.00115349 0.999998 0.00183375 -0.00353069 -0.00182945 0.999992 -0.0818617 -0.000296221 -0.0911494
FixedParameters: 0 0 0

#Transform 85
Transform: AffineTransform_float_3_3
Parameters: 0.999996 -0.000755004 0.00295148 0.000747442 0.999997 0.0025126 -0.00295322 -0.00251131 0.999992 -0.0716186 -0.101129 -0.0866545
FixedParameters: 0 0 0

#Transform 86
Transform: AffineTransform_float_3_3
Parameters: 0.999994 -0.000779597 0.00336804 0.00076685 0.999992 0.00391215 -0.00337083 -0.00390987 0.999987 -0.0974574 -0.0924566 0.0837654
FixedParameters: 0 0 0

#Transform 87
Transform: AffineTransform_float_3_3
Parameters: 0.999995 -0.0008092 0.00316898 0.000793572 0.999987 0.00497066 -0.00317295 -0.00496851 0.999983 -0.0846994 -0.181838 0.0017425
FixedParameters: 0 0 0

#Transform 88
Transform: AffineTransform_float_3_3
Parameters: 0.999992 -0.00116795 0.00370373 0.00115501 0.999993 0.00343531 -0.00370834 -0.00343131 0.999987 -0.0916483 -0.0041116 -0.0409225
FixedParameters: 0 0 0

#Transform 89
Transform: AffineTransform_float_3_3
Parameters: 0.999994 -0.00151925 0.00335356 0.00150518 0.99999 0.00418506 -0.00336001 -0.00418006 0.999986 -0.0977643 -0.12843 -0.0322399
FixedParameters: 0 0 0

#Transform 90
Transform: AffineTransform_float_3_3
Parameters: 0.999994 -0.00123193 0.00322363 0.00121854 0.999989 0.00438708 -0.00322927 -0.00438334 0.999985 -0.0861305 -0.10319 -0.0823695
FixedParameters: 0 0 0

#Transform 91
Transform: AffineTransform_float_3_3
Parameters: 0.999993 -0.00117863 0.00364454 0.00116362 0.999991 0.00407824 -0.00364997 -0.0040736 0.999985 -0.101274 -0.110854 -0.0792091
FixedParameters: 0 0 0

#Transform 92
Transform: AffineTransform_float_3_3
Parameters: 0.999993 -0.00121069 0.00339958 0.00119626 0.99999 0.0044652 -0.00340535 -0.00446118 0.999984 -0.083181 -0.0687902 -0.100833
FixedParameters: 0 0 0

#Transform 93
Transform: AffineTransform_float_3_3
Parameters: 0.999993 -0.00134837 0.00358566 0.00133523 0.999992 0.00374082 -0.00359147 -0.00373607 0.999987 -0.0941988 -0.0506666 -0.0905557
FixedParameters: 0 0 0

#Transform 94
Transform: AffineTransform_float_3_3
Parameters: 0.999993 -0.00134892 0.00354705 0.00133143 0.999987 0.00489057 -0.00355334 -0.00488598 0.999982 -0.0804402 -0.153526 -0.112264
FixedParameters: 0 0 0

#Transform 95
Transform: AffineTransform_float_3_3
Parameters: 0.999991 -0.00113111 0.00409309 0.0011088 0.999984 0.00543128 -0.00409908 -0.00542748 0.999977 -0.149829 0.0296448 -0.13965
FixedParameters: 0 0 0

#Transform 96
Transform: AffineTransform_float_3_3
Parameters: 0.99999 -0.000568348 0.00453116 0.000531504 0.999967 0.00810622 -0.00453564 -0.00810388 0.999957 -0.182143 -0.0859223 -0.0929736
FixedParameters: 0 0 0

#Transform 97
Transform: AffineTransform_float_3_3
Parameters: 0.99999 -0.0013436 0.004371 0.00130791 0.999965 0.00826227 -0.00438143 -0.00825588 0.999956 -0.158451 -0.295883 0.0195811
FixedParameters: 0 0 0

#Transform 98
Transform: AffineTransform_float_3_3
Parameters: 0.999992 -0.00224934 0.00357652 0.0022225 0.99997 0.00738166 -0.00359272 -0.00737315 0.999967 -0.117817 -0.17057 -0.010404
FixedParameters: 0 0 0

#Transform 99
Transform: AffineTransform_float_3_3
Parameters: 0.999992 -0.00232636 0.0031658 0.00229949 0.99996 0.00863594 -0.00318512 -0.00862934 0.999957 -0.103555 -0.198133 0.100551
FixedParameters: 0 0 0

#Transform 100
Transform: AffineTransform_float_3_3
Parameters: 0.999991 -0.00126468 0.00395708 0.00122742 0.999954 0.00951938 -0.00396847 -0.00951426 0.999946 -0.162599 -0.1531 0.126848
FixedParameters: 0 0 0

#Transform 101
Transform: AffineTransform_float_3_3
Parameters: 0.999992 -0.00245006 0.00298511 0.00242817 0.999969 0.00738089 -0.00300281 -0.00737337 0.999968 -0.094495 -0.0598694 0.0675442
FixedParameters: 0 0 0

#Transform 102
Transform: AffineTransform_float_3_3
Parameters: 0.999992 -0.00239153 0.00348601 0.00236516 0.999968 0.00767746 -0.00350486 -0.00766862 0.999965 -0.132751 -0.052622 0.106253
FixedParameters: 0 0 0

#Transform 103
Transform: AffineTransform_float_3_3
Parameters: 0.999991 -0.00211057 0.0035813 0.00208175 0.999966 0.00794711 -0.00359807 -0.00793958 0.999962 -0.154433 -0.132715 0.116863
FixedParameters: 0 0 0

#Transform 104
Transform: AffineTransform_float_3_3
Parameters: 0.999992 -0.00215397 0.00332338 0.0021265 0.999965 0.00807003 -0.00334111 -0.00806257 0.999962 -0.158154 -0.143881 0.134985
FixedParameters: 0 0 0

#Transform 105
Transform: AffineTransform_float_3_3
Parameters: 0.999991 -0.0022327 0.00347042 0.00220625 0.999969 0.00756408 -0.00348719 -0.00755641 0.999966 -0.158653 -0.0101844 0.0864668
FixedParameters: 0 0 0

#Transform 106
Transform: AffineTransform_float_3_3
Parameters: 0.999993 -0.00173651 0.0032256 0.00171196 0.99997 0.00762097 -0.0032389 -0.0076156 0.999965 -0.131879 -0.0802928 0.226015
FixedParameters: 0 0 0

#Transform 107
Transform: AffineTransform_float_3_3
Parameters: 0.999994 -0.00315713 0.00159992 0.00314846 0.999978 0.00576181 -0.00161837 -0.0057571 0.999982 -0.0187008 0.0135205 0.185603
FixedParameters: 0 0 0

#Transform 108
Transform: AffineTransform_float_3_3
Parameters: 0.999994 -0.00336502 -0.000381464 0.00336775 0.999967 0.00751465 0.000356555 -0.00751593 0.999972 0.0412458 -0.126464 0.271677
FixedParameters: 0 0 0

#Transform 109
Transform: AffineTransform_float_3_3
Parameters: 0.999995 -0.00317854 0.000308745 0.00317566 0.999957 0.00869415 -0.000336985 -0.00869285 0.999962 0.0457058 -0.141737 0.269425
FixedParameters: 0 0 0

#Transform 110
Transform: AffineTransform_float_3_3
Parameters: 0.999996 -0.00265455 0.00127964 0.00264373 0.999956 0.00902196 -0.00130375 -0.00901943 0.999958 0.0162709 -0.158113 0.268108
FixedParameters: 0 0 0

#Transform 111
Transform: AffineTransform_float_3_3
Parameters: 0.999996 -0.00263902 0.0012179 0.00262728 0.99995 0.00954599 -0.00124334 -0.00954262 0.999954 0.0174817 -0.203012 0.233667
FixedParameters: 0 0 0

#Transform 112
Transform: AffineTransform_float_3_3
Parameters: 0.999998 -0.00181372 0.00111778 0.001805 0.999968 0.00782925 -0.00113206 -0.00782785 0.999969 -0.00270954 -0.15254 0.320892
FixedParameters: 0 0 0

#Transform 113
Transform: AffineTransform_float_3_3
Parameters: 0.999997 -0.00202375 0.00128404 0.00201392 0.999972 0.00717194 -0.00129893 -0.0071694 0.999973 -0.00551593 -0.0656527 0.314369
FixedParameters: 0 0 0

#Transform 114
Transform: AffineTransform_float_3_3
Parameters: 0.999997 -0.00205349 0.00137777 0.00204223 0.999965 0.0081457 -0.00139437 -0.00814372 0.999966 0.00294941 -0.175786 0.322202
FixedParameters: 0 0 0

#Transform 115
Transform: AffineTransform_float_3_3
Parameters: 0.999997 -0.00154658 0.00184535 0.00153326 0.999971 0.00750373 -0.00185715 -0.00750112 0.999971 -0.0184185 -0.0765546 0.244734
FixedParameters: 0 0 0

#Transform 116
Transform: AffineTransform_float_3_3
Parameters: 0.999998 -0.00155378 0.00180729 0.00153955 0.999964 0.00830941 -0.00181981 -0.00830596 0.999964 -0.018164 -0.17018 0.255913
FixedParameters: 0 0 0

#Transform 117
Transform: AffineTransform_float_3_3
Parameters: 0.999997 -0.00123056 0.00221797 0.00121268 0.999966 0.00817432 -0.00222813 -0.0081717 0.999965 -0.0483875 -0.129882 0.280953
FixedParameters: 0 0 0

#Transform 118
Transform: AffineTransform_float_3_3
Parameters: 0.999998 -0.000906482 0.00216708 0.000890208 0.999972 0.00740635 -0.00217327 -0.007404 0.999971 -0.0390569 -0.0985722 0.171782
FixedParameters: 0 0 0

#Transform 119
Transform: AffineTransform_float_3_3
Parameters: 0.999996 -0.00197368 0.0021105 0.00195951 0.999977 0.00653037 -0.00212277 -0.0065264 0.999976 -0.0353828 -0.149982 0.072909
FixedParameters: 0 0 0

#Transform 120
Transform: AffineTransform_float_3_3
Parameters: 0.999994 -0.00203836 0.00271364 0.00201697 0.999969 0.00761365 -0.0027289 -0.00760772 0.999967 -0.0401203 -0.222493 0.0711451
FixedParameters: 0 0 0

#Transform 121
Transform: AffineTransform_float_3_3
Parameters: 0.999993 -0.00245104 0.00277271 0.00242873 0.999962 0.00828799 -0.00279299 -0.00828178 0.999962 -0.052842 -0.252243 0.0904776
FixedParameters: 0 0 0

#Transform 122
Transform: AffineTransform_float_3_3
Parameters: 0.999994 -0.00128923 0.00311186 0.00125788 0.99995 0.0098946 -0.00312471 -0.0098912 0.999946 -0.0872354 -0.13993 0.132574
FixedParameters: 0 0 0

#Transform 123
Transform: AffineTransform_float_3_3
Parameters: 0.999997 -0.000847369 0.00236605 0.000826384 0.99996 0.00894302 -0.00237355 -0.00894086 0.999957 -0.0707046 -0.21211 0.0739685
FixedParameters: 0 0 0

#Transform 124
Transform: AffineTransform_float_3_3
Parameters: 0.999995 -0.00124778 0.00271265 0.00122363 0.999958 0.00901871 -0.00272392 -0.00901554 0.999956 -0.0692936 -0.276427 0.0512946
FixedParameters: 0 0 0

#Transform 125
Transform: AffineTransform_float_3_3
Parameters: 0.999996 -0.00152267 0.00225345 0.00150178 0.999955 0.00933064 -0.00226816 -0.00932765 0.999954 -0.0678759 -0.293345 0.0555947
FixedParameters: 0 0 0

#Transform 126
Transform: AffineTransform_float_3_3
Parameters: 0.99999 -0.00435833 0.00108015 0.00435046 0.999969 0.0065752 -0.00110798 -0.00657062 0.999978 -0.00782148 -0.136904 0.0666313
FixedParameters: 0 0 0

#Transform 127
Transform: AffineTransform_float_3_3
Parameters: 0.999991 -0.00415523 0.000734342 0.00414899 0.999953 0.00867181 -0.000770818 -0.00866818 0.999962 -0.0169059 -0.132066 0.292641
FixedParameters: 0 0 0

#Transform 128
Transform: AffineTransform_float_3_3
Parameters: 0.999993 -0.00377329 0.000105078 0.00377168 0.999935 0.0107771 -0.000145998 -0.0107767 0.999942 0.00105333 -0.247146 0.355201
FixedParameters: 0 0 0

#Transform 129
Transform: AffineTransform_float_3_3
Parameters: 0.999995 -0.00330997 0.00048683 0.00330413 0.999917 0.012499 -0.00052879 -0.0124979 0.999922 -0.0304694 -0.326244 0.378917
FixedParameters: 0 0 0

#Transform 130
Transform: AffineTransform_float_3_3
Parameters: 0.999995 -0.00327767 0.000760068 0.00326797 0.999917 0.0125072 -0.000801619 -0.0125053 0.999921 -0.0391385 -0.294112 0.401898
FixedParameters: 0 0 0

#Transform 131
Transform: AffineTransform_float_3_3
Parameters: 0.999994 -0.00338959 0.00032358 0.00338513 0.999911 0.0128465 -0.000366531 -0.0128452 0.999918 -0.0200544 -0.272066 0.319782
FixedParameters: 0 0 0

#Transform 132
Transform: AffineTransform_float_3_3
Parameters: 0.999993 -0.00350415 0.000951219 0.00349171 0.999911 0.0128847 -0.000996339 -0.0128814 0.999916 -0.0489671 -0.270254 0.39138
FixedParameters: 0 0 0

#Transform 133
Transform: AffineTransform_float_3_3
Parameters: 0.999995 -0.00279155 0.0011754 0.00277673 0.999916 0.012643 -0.00121022 -0.0126399 0.999919 -0.0690875 -0.294105 0.339074
FixedParameters: 0 0 0

#Transform 134
Transform: AffineTransform_float_3_3
Parameters: 0.999996 -0.00265968 0.0011145 0.00264447 0.999911 0.0130958 -0.00114923 -0.0130923 0.999913 -0.0655229 -0.283341 0.31525
FixedParameters: 0 0 0

#Transform 135
Transform: AffineTransform_float_3_3
Parameters: 0.999996 -0.00249911 0.00138818 0.00248251 0.999923 0.0121336 -0.00141837 -0.0121298 0.999925 -0.0780165 -0.214811 0.339708
FixedParameters: 0 0 0

#Transform 136
Transform: AffineTransform_float_3_3
Parameters: 0.999996 -0.00259068 0.000588017 0.00258347 0.999919 0.0124584 -0.000619944 -0.0124566 0.999923 -0.0313673 -0.284155 0.231062
FixedParameters: 0 0 0

#Transform 137
Transform: AffineTransform_float_3_3
Parameters: 0.999995 -0.00301418 0.00103976 0.00300188 0.999933 0.01121 -0.0010742 -0.0112074 0.999937 -0.040863 -0.147391 0.177712
FixedParameters: 0 0 0

#Transform 138
Transform: AffineTransform_float_3_3
Parameters: 0.999997 -0.00254367 0.00101701 0.00252939 0.999907 0.0133922 -0.00105109 -0.0133892 0.99991 -0.0444361 -0.319373 0.270919
FixedParameters: 0 0 0

#Transform 139
Transform: AffineTransform_float_3_3
Parameters: 0.999998 -0.00195339 0.000693532 0.00194416 0.999915 0.0128825 -0.000719415 -0.0128816 0.999917 -0.0427411 -0.29899 0.304294
FixedParameters: 0 0 0

#Transform 140
Transform: AffineTransform_float_3_3
Parameters: 0.999997 -0.00235988 0.000630939 0.00234904 0.999862 0.016467 -0.000670045 -0.0164654 0.999864 -0.0265599 -0.39591 0.453478
FixedParameters: 0 0 0

#Transform 141
Transform: AffineTransform_float_3_3
Parameters: 0.999996 -0.00228045 0.001411 0.0022528 0.999816 0.0190506 -0.00145382 -0.0190476 0.999817 -0.05517 -0.386832 0.702763
FixedParameters: 0 0 0

#Transform 142
Transform: AffineTransform_float_3_3
Parameters: 0.999997 -0.00204235 0.00141045 0.00200748 0.999707 0.024135 -0.00145917 -0.0241324 0.999708 -0.10579 -0.578404 1.12753
FixedParameters: 0 0 0

#Transform 143
Transform: AffineTransform_float_3_3
Parameters: 1 -0.000724398 0.00117034 0.000694501 0.999684 0.0251154 -0.00118744 -0.025115 0.999684 -0.126898 -0.519654 1.23388
FixedParameters: 0 0 0

#Transform 144
Transform: AffineTransform_float_3_3
Parameters: 0.999999 0.000192322 0.0012262 -0.000223923 0.999678 0.0253726 -0.00122139 -0.0253727 0.999678 -0.151503 -0.625359 1.18211
FixedParameters: 0 0 0

#Transform 145
Transform: AffineTransform_float_3_3
Parameters: 0.999998 -0.000474965 -0.00177244 0.000487362 0.999979 0.00659181 0.0017696 -0.00659236 0.999976 -0.0269377 -0.0369144 0.255873
FixedParameters: 0 0 0

#Transform 146
Transform: AffineTransform_float_3_3
Parameters: 1 -0.000627382 0.000295103 0.000624287 0.999962 0.00866756 -0.000300031 -0.00866729 0.999963 -0.0797794 -0.117402 0.287872
FixedParameters: 0 0 0

#Transform 147
Transform: AffineTransform_float_3_3
Parameters: 1 -0.000180521 0.000420917 0.000175615 0.999938 0.0111855 -0.000422228 -0.0111854 0.999938 -0.0629445 -0.264887 0.359303
FixedParameters: 0 0 0

#Transform 148
Transform: AffineTransform_float_3_3
Parameters: 0.999999 -0.000702633 0.000360966 0.000698451 0.999927 0.012122 -0.000369209 -0.0121216 0.999927 -0.0123731 -0.313879 0.39977
FixedParameters: 0 0 0

#Transform 149
Transform: AffineTransform_float_3_3
Parameters: 1 -0.000154497 0.000644904 0.000147426 0.999937 0.0111537 -0.000646968 -0.0111535 0.999937 -0.0745323 -0.216565 0.261648
FixedParameters: 0 0 0

#Transform 150
Transform: AffineTransform_float_3_3
Parameters: 1 0.000115823 0.000777153 -0.000124891 0.99993 0.0118823 -0.000775232 -0.0118825 0.999929 -0.0780964 -0.261278 0.239733
FixedParameters: 0 0 0

#Transform 151
Transform: AffineTransform_float_3_3
Parameters: 1 0.00052784 0.00117971 -0.00054057 0.999939 0.0110826 -0.00117439 -0.0110838 0.999938 -0.0789597 -0.20482 0.19373
FixedParameters: 0 0 0

#Transform 152
Transform: AffineTransform_float_3_3
Parameters: 0.999999 0.000445923 0.00153443 -0.000463365 0.999934 0.0114777 -0.00152902 -0.0114777 0.999933 -0.0764663 -0.268665 0.107168
FixedParameters: 0 0 0

#Transform 153
Transform: AffineTransform_float_3_3
Parameters: 0.999996 0.000591696 0.00287805 -0.00062304 0.99994 0.0109168 -0.00287057 -0.0109182 0.999936 -0.141958 -0.120832 0.119375
FixedParameters: 0 0 0

#Transform 154
Transform: AffineTransform_float_3_3
Parameters: 0.999997 0.000763751 0.00249572 -0.000793701 0.999926 0.0121192 -0.00248649 -0.0121212 0.999924 -0.109522 -0.349916 0.200774
FixedParameters: 0 0 0

#Transform 155
Transform: AffineTransform_float_3_3
Parameters: 0.999997 0.000830774 0.00248418 -0.000860556 0.999929 0.0119031 -0.00247455 -0.0119056 0.999926 -0.119955 -0.234691 0.156411
FixedParameters: 0 0 0

#Transform 156
Transform: AffineTransform_float_3_3
Parameters: 0.999996 0.000838426 0.00256247 -0.000869609 0.999925 0.0122228 -0.00255234 -0.0122243 0.999922 -0.102911 -0.30983 0.10165
FixedParameters: 0 0 0

#Transform 157
Transform: AffineTransform_float_3_3
Parameters: 0.999996 0.000701665 0.00278796 -0.000734397 0.999928 0.0119012 -0.0027789 -0.0119031 0.999925 -0.129894 -0.239643 0.0877991
FixedParameters: 0 0 0

#Transform 158
Transform: AffineTransform_float_3_3
Parameters: 0.999996 0.000490063 0.00271183 -0.000519493 0.999941 0.0108699 -0.00270639 -0.0108708 0.999937 -0.116833 -0.270741 0.00784103
FixedParameters: 0 0 0

#Transform 159
Transform: AffineTransform_float_3_3
Parameters: 0.999996 0.000871055 0.00283562 -0.000905348 0.999928 0.0119419 -0.00282442 -0.0119447 0.999925 -0.134683 -0.303143 0.204982
FixedParameters: 0 0 0

#Transform 160
Transform: AffineTransform_float_3_3
Parameters: 0.999997 0.000459901 0.00248866 -0.000484066 0.999953 0.00970464 -0.00248439 -0.00970543 0.999949 -0.086836 -0.214071 -0.00845314
FixedParameters: 0 0 0

#Transform 161
Transform: AffineTransform_float_3_3
Parameters: 0.999997 0.000527802 0.00250232 -0.000555159 0.99994 0.0109435 -0.00249676 -0.0109454 0.999937 -0.0882199 -0.24956 0.0300258
FixedParameters: 0 0 0

#Transform 162
Transform: AffineTransform_float_3_3
Parameters: 0.999995 0.000895333 0.00300148 -0.000928423 0.99994 0.0108386 -0.00299157 -0.0108409 0.999936 -0.132954 -0.21304 0.115521
FixedParameters: 0 0 0

#Transform 163
Transform: AffineTransform_float_3_3
Parameters: 0.999995 0.000897998 0.00305807 -0.000934176 0.999932 0.0116607 -0.00304794 -0.0116631 0.999927 -0.126218 -0.266168 0.0546636
FixedParameters: 0 0 0

#Transform 164
Transform: AffineTransform_float_3_3
Parameters: 0.999995 0.000544633 0.003093 -0.000580082 0.999932 0.0116713 -0.00308631 -0.0116736 0.999927 -0.0943786 -0.251263 0.00377184
FixedParameters: 0 0 0

#Transform 165
Transform: AffineTransform_float_3_3
Parameters: 0.999994 0.00084115 0.00324858 -0.000879187 0.999928 0.0119286 -0.00323783 -0.0119318 0.999924 -0.11873 -0.249695 0.17395
FixedParameters: 0 0 0

#Transform 166
Transform: AffineTransform_float_3_3
Parameters: 0.999995 0.000338459 0.00317705 -0.000374468 0.999938 0.0111354 -0.0031733 -0.0111366 0.999933 -0.0990648 -0.222616 -0.00702799
FixedParameters: 0 0 0

#Transform 167
Transform: AffineTransform_float_3_3
Parameters: 0.999994 0.000125507 0.00358382 -0.000166122 0.999935 0.0114022 -0.00358249 -0.0114029 0.999928 -0.0977026 -0.213885 -0.05374
FixedParameters: 0 0 0

#Transform 168
Transform: AffineTransform_float_3_3
Parameters: 0.999991 -0.000185609 0.00417538 0.00014225 0.999947 0.0103564 -0.00417705 -0.0103553 0.999937 -0.104816 -0.250332 -0.215411
FixedParameters: 0 0 0

#Transform 169
Transform: AffineTransform_float_3_3
Parameters: 0.999993 2.8574e-05 0.00363784 -6.63314e-05 0.999944 0.0105357 -0.0036376 -0.0105364 0.999938 -0.0805547 -0.270073 -0.0317353
FixedParameters: 0 0 0

#Transform 170
Transform: AffineTransform_float_3_3
Parameters: 0.999992 7.05011e-05 0.00392111 -0.000105154 0.999961 0.00893151 -0.00391989 -0.00893139 0.999953 -0.0898158 -0.197545 -0.131725
FixedParameters: 0 0 0

#Transform 171
Transform: AffineTransform_float_3_3
Parameters: 0.999992 9.15127e-05 0.00413108 -0.000131202 0.999954 0.00958689 -0.00412982 -0.00958796 0.999945 -0.0966546 -0.201085 -0.202099
FixedParameters: 0 0 0

#Transform 172
Transform: AffineTransform_float_3_3
Parameters: 0.99999 0.000291654 0.0043795 -0.000335931 0.999949 0.010122 -0.00437661 -0.0101234 0.999939 -0.0974124 -0.24065 -0.180227
FixedParameters: 0 0 0

#Transform 173
Transform: AffineTransform_float_3_3
Parameters: 0.999989 0.000334648 0.00461632 -0.00037689 0.999958 0.0091266 -0.00461302 -0.00912827 0.999947 -0.107821 -0.1946 -0.246054
FixedParameters: 0 0 0

#Transform 174
Transform: AffineTransform_float_3_3
Parameters: 0.99999 0.000121252 0.00438296 -0.000162616 0.999955 0.00956252 -0.00438149 -0.00956365 0.999944 -0.0967311 -0.227155 -0.249844
FixedParameters: 0 0 0

#Transform 175
Transform: AffineTransform_float_3_3
Parameters: 0.999989 0.000155863 0.00463999 -0.00019702 0.999961 0.00886102 -0.00463894 -0.00886107 0.99995 -0.109677 -0.190665 -0.272669
FixedParameters: 0 0 0

#Transform 176
Transform: AffineTransform_float_3_3
Parameters: 0.999991 0.000639841 0.00414083 -0.0006787 0.999955 0.00950941 -0.00413421 -0.00951274 0.999946 -0.0877614 -0.213701 -0.262798
FixedParameters: 0 0 0

#Transform 177
Transform: AffineTransform_float_3_3
Parameters: 0.999989 0.000358226 0.00466297 -0.000398086 0.999962 0.0086586 -0.00465949 -0.00866052 0.999951 -0.110487 -0.16752 -0.288691
FixedParameters: 0 0 0

#Transform 178
Transform: AffineTransform_float_3_3
Parameters: 0.99999 0.000145186 0.00457767 -0.000187813 0.999956 0.00939125 -0.0045759 -0.00939217 0.999946 -0.108468 -0.301591 -0.290342
FixedParameters: 0 0 0

#Transform 179
Transform: AffineTransform_float_3_3
Parameters: 0.999989 0.000160547 0.00469443 -0.000203065 0.999958 0.00913622 -0.00469244 -0.0091361 0.999947 -0.11784 -0.19495 -0.270271
FixedParameters: 0 0 0

#Transform 180
Transform: AffineTransform_float_3_3
Parameters: 0.999988 0.000124332 0.00491473 -0.000170381 0.999956 0.00940763 -0.0049127 -0.00940822 0.999943 -0.133203 -0.194583 -0.305413
FixedParameters: 0 0 0

#Transform 181
Transform: AffineTransform_float_3_3
Parameters: 0.999988 0.000180351 0.00489114 -0.000227432 0.999953 0.00965378 -0.00488906 -0.0096549 0.999941 -0.129224 -0.188232 -0.198935
FixedParameters: 0 0 0

#Transform 182
Transform: AffineTransform_float_3_3
Parameters: 0.999992 7.72603e-05 0.00412365 -0.000126125 0.999929 0.0119184 -0.00412226 -0.0119194 0.99992 -0.118898 -0.306845 -0.0745505
FixedParameters: 0 0 0

#Transform 183
Transform: AffineTransform_float_3_3
Parameters: 0.999985 -6.0029e-05 0.00555774 -3.04718e-05 0.999868 0.0162258 -0.00555716 -0.016226 0.999853 -0.15672 -0.195783 -0.236377
FixedParameters: 0 0 0

#Transform 184
Transform: AffineTransform_float_3_3
Parameters: 0.999983 -0.000191476 0.00583571 7.97974e-05 0.999817 0.0191572 -0.00583845 -0.019156 0.999799 -0.186939 -0.205126 -0.343121
FixedParameters: 0 0 0

#Transform 185
Transform: AffineTransform_float_3_3
Parameters: 0.999983 -0.00122939 0.00576401 0.00113419 0.999864 0.0165061 -0.00578361 -0.0164994 0.999847 -0.129353 -0.439467 -0.256791
FixedParameters: 0 0 0

#Transform 186
Transform: AffineTransform_float_3_3
Parameters: 0.999986 -0.00185648 0.00497767 0.00177259 0.999857 0.0168223 -0.00500778 -0.0168136 0.999846 -0.0878006 -0.415555 -0.311205
FixedParameters: 0 0 0

#Transform 187
Transform: AffineTransform_float_3_3
