# transform file /out/sourcedata/freesurfer/sub-v2s13x29126_ses-1/mri/transforms/cc_up.lta
# created by oesteban on Wed Mar 11 06:36:47 2026

type      = 0 # LINEAR_VOX_TO_VOX
nxforms   = 1
mean      = 130.0000 132.0000 119.0000
sigma     = 10000.0000
1 4 4
9.988123774528503e-01 4.419521987438202e-02 -2.051171660423279e-02 -3.822357654571533e+00 
-4.418590664863586e-02 9.990229606628418e-01 9.074064437299967e-04 2.276729011535645e+01 
2.053177729249001e-02 5.820766785236131e-11 9.997892379760742e-01 1.344370722770691e+00 
0.000000000000000e+00 0.000000000000000e+00 0.000000000000000e+00 1.000000000000000e+00 
src volume info
valid = 1  # volume info valid
filename = /out/sourcedata/freesurfer/sub-v2s13x29126_ses-1/mri/norm.mgz
volume = 256 256 256
voxelsize = 8.984375000000000e-01 8.984375000000000e-01 8.984375000000000e-01
xras   = -9.999999403953552e-01 4.089720784250517e-10 -9.718148508142121e-11
yras   = -3.239382720399142e-11 8.292819764221804e-09 -1.000000000000000e+00
zras   = 6.073843095144582e-10 1.000000119209290e+00 8.292819764221804e-09
cras   = 1.798187255859375e+00 2.185394287109375e+00 3.160593414306641e+01
dst volume info
valid = 1  # volume info valid
filename = /out/sourcedata/freesurfer/sub-v2s13x29126_ses-1/mri/norm.mgz
volume = 256 256 256
voxelsize = 8.984375000000000e-01 8.984375000000000e-01 8.984375000000000e-01
xras   = -9.999999403953552e-01 4.089720784250517e-10 -9.718148508142121e-11
yras   = -3.239382720399142e-11 8.292819764221804e-09 -1.000000000000000e+00
zras   = 6.073843095144582e-10 1.000000119209290e+00 8.292819764221804e-09
cras   = 1.798187255859375e+00 2.185394287109375e+00 3.160593414306641e+01
