# transform file transforms/talairach.lta
# created by oesteban on Wed Mar 11 04:58:46 2026

type      = 0 # LINEAR_VOX_TO_VOX
nxforms   = 1
mean      = 130.0000 132.0000 119.0000
sigma     = 10000.0000
1 4 4
9.299300909042358e-01 3.361426293849945e-02 -2.198070846498013e-02 3.612527370452881e+00 
-2.994376607239246e-02 1.031298875808716e+00 1.563541777431965e-02 -1.151757240295410e+01 
2.342225611209869e-02 -1.719132624566555e-02 8.990827798843384e-01 7.724949121475220e-01 
0.000000000000000e+00 0.000000000000000e+00 0.000000000000000e+00 1.000000000000000e+00 
src volume info
valid = 1  # volume info valid
filename = nu.mgz
volume = 256 256 256
voxelsize = 8.984375000000000e-01 8.984375000000000e-01 8.984375000000000e-01
xras   = -9.999999403953552e-01 4.089720784250517e-10 -9.718148508142121e-11
yras   = -3.239382720399142e-11 8.292819764221804e-09 -1.000000000000000e+00
zras   = 6.073843095144582e-10 1.000000119209290e+00 8.292819764221804e-09
cras   = 1.798187255859375e+00 2.185394287109375e+00 3.160593414306641e+01
dst volume info
valid = 1  # volume info valid
filename = /opt/freesurfer/average/RB_all_2020-01-02.gca
volume = 256 256 256
voxelsize = 1.000000000000000e+00 1.000000000000000e+00 1.000000000000000e+00
xras   = -1.000000000000000e+00 0.000000000000000e+00 0.000000000000000e+00
yras   = 0.000000000000000e+00 0.000000000000000e+00 -1.000000000000000e+00
zras   = 0.000000000000000e+00 1.000000000000000e+00 0.000000000000000e+00
cras   = 0.000000000000000e+00 0.000000000000000e+00 0.000000000000000e+00
