type      = 0 # LINEAR_VOX_TO_VOX
nxforms   = 1
mean      = 0.0000 0.0000 0.0000
sigma     = 1.0000
1 4 4
9.789267182350159e-01 3.536609187722206e-02 -1.285304967314005e-02 -2.578491210937500e+00 
-3.329339623451233e-02 9.712729454040527e-01 1.973417587578297e-02 -4.636810302734375e+00 
2.141605317592621e-02 -6.925514340400696e-02 9.451114535331726e-01 6.572341918945312e-01 
0.000000000000000e+00 0.000000000000000e+00 0.000000000000000e+00 1.000000000000000e+00 
src volume info
valid = 1  # volume info valid
filename = /out/sourcedata/freesurfer/sub-v2s13x29126_ses-1/mri/orig.mgz
volume = 256 256 256
voxelsize = 8.984375000000000e-01 8.984375000000000e-01 8.984375000000000e-01
xras   = -9.999999403953552e-01 4.089720784250517e-10 -9.718148508142121e-11
yras   = -3.239382720399142e-11 8.292819764221804e-09 -1.000000000000000e+00
zras   = 6.073843095144582e-10 1.000000119209290e+00 8.292819764221804e-09
cras   = 1.798187255859375e+00 2.185394287109375e+00 3.160593414306641e+01
dst volume info
valid = 1  # volume info valid
filename = /opt/freesurfer/average/mni305.cor.mgz
volume = 256 256 256
voxelsize = 1.000000000000000e+00 1.000000000000000e+00 1.000000000000000e+00
xras   = -1.000000000000000e+00 0.000000000000000e+00 0.000000000000000e+00
yras   = 0.000000000000000e+00 0.000000000000000e+00 -1.000000000000000e+00
zras   = 0.000000000000000e+00 1.000000000000000e+00 0.000000000000000e+00
cras   = 0.000000000000000e+00 0.000000000000000e+00 0.000000000000000e+00
subject fsaverage
fscale 0.100000
