type      = 1 # LINEAR_RAS_TO_RAS
nxforms   = 1
mean      = 0.0000 0.0000 0.0000
sigma     = 1.0000
1 4 4
1.089588046073914e+00 1.430600043386221e-02 3.936399891972542e-02 -8.404690027236938e-01 
-2.383700013160706e-02 1.051949977874756e+00 7.708399742841721e-02 -1.718428039550781e+01 
-3.705700114369392e-02 -2.196500077843666e-02 1.081068992614746e+00 -2.400408935546875e+01 
0.000000000000000e+00 0.000000000000000e+00 0.000000000000000e+00 1.000000000000000e+00 
src volume info
valid = 1  # volume info valid
filename = /out/sourcedata/freesurfer/sub-v2s13x29126_ses-1/mri/orig_nu.mgz
volume = 256 256 256
voxelsize = 8.984375000000000e-01 8.984375000000000e-01 8.984375000000000e-01
xras   = -9.999999403953552e-01 4.089720784250517e-10 -9.718148508142121e-11
yras   = -3.239382720399142e-11 8.292819764221804e-09 -1.000000000000000e+00
zras   = 6.073843095144582e-10 1.000000119209290e+00 8.292819764221804e-09
cras   = 1.798187255859375e+00 2.185394287109375e+00 3.160593414306641e+01
dst volume info
valid = 1  # volume info valid
filename = /opt/freesurfer/average/mni305.cor.mgz
volume = 256 256 256
voxelsize = 1.000000000000000e+00 1.000000000000000e+00 1.000000000000000e+00
xras   = -1.000000000000000e+00 0.000000000000000e+00 0.000000000000000e+00
yras   = 0.000000000000000e+00 0.000000000000000e+00 -1.000000000000000e+00
zras   = 0.000000000000000e+00 1.000000000000000e+00 0.000000000000000e+00
cras   = 0.000000000000000e+00 0.000000000000000e+00 0.000000000000000e+00
subject fsaverage
fscale 0.100000
