# transform file /out/sourcedata/freesurfer/sub-v2s13x29103_ses-1/mri/transforms/cc_up.lta
# created by oesteban on Wed Mar 11 04:57:37 2026

type      = 0 # LINEAR_VOX_TO_VOX
nxforms   = 1
mean      = 129.0000 140.0000 120.0000
sigma     = 10000.0000
1 4 4
9.995055198669434e-01 1.873877272009850e-02 -2.525088563561440e-02 -4.644388258457184e-01 
-1.873279549181461e-02 9.998244643211365e-01 4.732537199743092e-04 1.238696193695068e+01 
2.525532059371471e-02 -2.910383045673370e-11 9.996809959411621e-01 1.077348232269287e+01 
0.000000000000000e+00 0.000000000000000e+00 0.000000000000000e+00 1.000000000000000e+00 
src volume info
valid = 1  # volume info valid
filename = /out/sourcedata/freesurfer/sub-v2s13x29103_ses-1/mri/norm.mgz
volume = 256 256 256
voxelsize = 8.984375000000000e-01 8.984375000000000e-01 8.984375000000000e-01
xras   = -9.999998807907104e-01 -4.859074254071061e-11 3.239382720399142e-11
yras   = 0.000000000000000e+00 0.000000000000000e+00 -9.999999403953552e-01
zras   = -3.239382720399142e-11 9.999999403953552e-01 -1.658563952844361e-08
cras   = 4.377517700195312e-01 2.309318542480469e+00 1.232160186767578e+01
dst volume info
valid = 1  # volume info valid
filename = /out/sourcedata/freesurfer/sub-v2s13x29103_ses-1/mri/norm.mgz
volume = 256 256 256
voxelsize = 8.984375000000000e-01 8.984375000000000e-01 8.984375000000000e-01
xras   = -9.999998807907104e-01 -4.859074254071061e-11 3.239382720399142e-11
yras   = 0.000000000000000e+00 0.000000000000000e+00 -9.999999403953552e-01
zras   = -3.239382720399142e-11 9.999999403953552e-01 -1.658563952844361e-08
cras   = 4.377517700195312e-01 2.309318542480469e+00 1.232160186767578e+01
