type      = 0 # LINEAR_VOX_TO_VOX
nxforms   = 1
mean      = 0.0000 0.0000 0.0000
sigma     = 1.0000
1 4 4
9.919126629829407e-01 1.615300588309765e-02 -2.101535163819790e-02 2.026824951171875e-01 
1.402550656348467e-02 1.000097513198853e+00 2.710407786071301e-02 -2.185569763183594e+01 
7.328913360834122e-02 -5.111480131745338e-02 9.789994359016418e-01 -9.972412109375000e+00 
0.000000000000000e+00 0.000000000000000e+00 0.000000000000000e+00 1.000000000000000e+00 
src volume info
valid = 1  # volume info valid
filename = /out/sourcedata/freesurfer/sub-v2s13x29103_ses-1/mri/orig.mgz
volume = 256 256 256
voxelsize = 8.984375000000000e-01 8.984375000000000e-01 8.984375000000000e-01
xras   = -9.999998807907104e-01 -4.859074254071061e-11 3.239382720399142e-11
yras   = 0.000000000000000e+00 0.000000000000000e+00 -9.999999403953552e-01
zras   = -3.239382720399142e-11 9.999999403953552e-01 -1.658563952844361e-08
cras   = 4.377517700195312e-01 2.309318542480469e+00 1.232160186767578e+01
dst volume info
valid = 1  # volume info valid
filename = /opt/freesurfer/average/mni305.cor.mgz
volume = 256 256 256
voxelsize = 1.000000000000000e+00 1.000000000000000e+00 1.000000000000000e+00
xras   = -1.000000000000000e+00 0.000000000000000e+00 0.000000000000000e+00
yras   = 0.000000000000000e+00 0.000000000000000e+00 -1.000000000000000e+00
zras   = 0.000000000000000e+00 1.000000000000000e+00 0.000000000000000e+00
cras   = 0.000000000000000e+00 0.000000000000000e+00 0.000000000000000e+00
subject fsaverage
fscale 0.100000
