# transform file transforms/talairach.lta
# created by oesteban on Wed Mar 11 03:33:25 2026

type      = 0 # LINEAR_VOX_TO_VOX
nxforms   = 1
mean      = 130.0000 141.0000 120.0000
sigma     = 10000.0000
1 4 4
9.129285812377930e-01 1.545926183462143e-02 -3.049246966838837e-02 1.064358520507812e+01 
-1.322738174349070e-02 1.009710788726807e+00 2.307692542672157e-02 -1.904842948913574e+01 
2.812376245856285e-02 -2.409834228456020e-02 8.967139124870300e-01 3.157742261886597e+00 
0.000000000000000e+00 0.000000000000000e+00 0.000000000000000e+00 1.000000000000000e+00 
src volume info
valid = 1  # volume info valid
filename = nu.mgz
volume = 256 256 256
voxelsize = 8.984375000000000e-01 8.984375000000000e-01 8.984375000000000e-01
xras   = -9.999998807907104e-01 -4.859074254071061e-11 3.239382720399142e-11
yras   = 0.000000000000000e+00 0.000000000000000e+00 -9.999999403953552e-01
zras   = -3.239382720399142e-11 9.999999403953552e-01 -1.658563952844361e-08
cras   = 4.377517700195312e-01 2.309318542480469e+00 1.232160186767578e+01
dst volume info
valid = 1  # volume info valid
filename = /opt/freesurfer/average/RB_all_2020-01-02.gca
volume = 256 256 256
voxelsize = 1.000000000000000e+00 1.000000000000000e+00 1.000000000000000e+00
xras   = -1.000000000000000e+00 0.000000000000000e+00 0.000000000000000e+00
yras   = 0.000000000000000e+00 0.000000000000000e+00 -1.000000000000000e+00
zras   = 0.000000000000000e+00 1.000000000000000e+00 0.000000000000000e+00
cras   = 0.000000000000000e+00 0.000000000000000e+00 0.000000000000000e+00
