#Insight Transform File V1.0
#Transform 0
Transform: AffineTransform_float_3_3
Parameters: 0.999998 0.00127918 -0.00149151 -0.00127166 0.999986 0.00507424 0.00149731 -0.00507229 0.999986 0.00481284 -0.00827277 0.122153
FixedParameters: 0 0 0

#Transform 1
Transform: AffineTransform_float_3_3
Parameters: 0.999997 0.0012788 -0.00233813 -0.00127257 0.999996 0.00270317 0.00234173 -0.00269985 0.999994 -0.01314 0.137362 -0.0351577
FixedParameters: 0 0 0

#Transform 2
Transform: AffineTransform_float_3_3
Parameters: 0.999999 0.000839445 -0.00096689 -0.000834379 0.999991 0.00429745 0.000970455 -0.00429676 0.999991 -0.0196422 0.0283312 0.0573836
FixedParameters: 0 0 0

#Transform 3
Transform: AffineTransform_float_3_3
Parameters: 1 -0.000159112 -0.000101359 0.000159663 0.999997 0.00241514 0.000100591 -0.00241517 0.999997 0.035404 0.0260718 0.0678812
FixedParameters: 0 0 0

#Transform 4
Transform: AffineTransform_float_3_3
Parameters: 1 0.000180856 0.000451279 -0.000181802 1 0.00107128 -0.00045089 -0.00107145 1 0.0380976 0.0971588 0.0234147
FixedParameters: 0 0 0

#Transform 5
Transform: AffineTransform_float_3_3
Parameters: 1 0.0004864 0.000299934 -0.000486147 1 0.00107288 -0.000299999 -0.00107316 1 0.0121593 0.0709783 0.00349987
FixedParameters: 0 0 0

#Transform 6
Transform: AffineTransform_float_3_3
Parameters: 0.999999 0.000753438 -0.000155292 -0.000753306 0.999999 0.000422948 0.000155929 -0.000422713 1 0.0076307 0.0800237 -0.0037874
FixedParameters: 0 0 0

#Transform 7
Transform: AffineTransform_float_3_3
Parameters: 0.999999 0.000747514 -0.000209362 -0.000747464 0.999999 0.000119535 0.00020954 -0.000119221 1 -0.000267841 0.0648887 -0.0249014
FixedParameters: 0 0 0

#Transform 8
Transform: AffineTransform_float_3_3
Parameters: 0.999999 0.00130126 -0.00061006 -0.00130074 0.999999 0.000428426 0.000611162 -0.000428042 1 -0.00594289 0.0929136 0.0243635
FixedParameters: 0 0 0

#Transform 9
Transform: AffineTransform_float_3_3
Parameters: 0.999999 0.00130778 -0.000554444 -0.00130742 0.999999 0.000427775 0.000554556 -0.000427519 1 -0.0228902 0.129224 0.0032672
FixedParameters: 0 0 0

#Transform 10
Transform: AffineTransform_float_3_3
Parameters: 0.999999 0.00133038 -0.0003578 -0.00132995 0.999999 0.000761476 0.000358829 -0.000760744 0.999999 -0.0203537 0.0109968 0.00281073
FixedParameters: 0 0 0

#Transform 11
Transform: AffineTransform_float_3_3
Parameters: 0.999999 0.00126722 -0.000896366 -0.00126634 0.999999 0.00116782 0.000897441 -0.00116673 0.999999 -0.0164396 0.0106538 0.0346124
FixedParameters: 0 0 0

#Transform 12
Transform: AffineTransform_float_3_3
Parameters: 0.999999 0.000759249 -0.00103506 -0.000758777 0.999999 0.000239856 0.00103541 -0.000239257 0.999999 -0.0027229 0.0796929 0.0232116
FixedParameters: 0 0 0

#Transform 13
Transform: AffineTransform_float_3_3
Parameters: 0.999999 0.000659002 -0.00120321 -0.000658592 1 0.000179703 0.00120345 -0.000177886 1 0.000797137 0.0654987 0.0219562
FixedParameters: 0 0 0

#Transform 14
Transform: AffineTransform_float_3_3
Parameters: 0.999999 0.000890033 -5.76605e-05 -0.000890043 0.999999 0.00156085 5.84508e-05 -0.00156096 0.999999 -0.00690822 0.0586674 0.0411586
FixedParameters: 0 0 0

#Transform 15
Transform: AffineTransform_float_3_3
Parameters: 0.999999 0.000860303 -0.000361295 -0.000860987 0.999995 -0.00295599 0.000359059 0.00295538 0.999995 0.00388065 0.0843307 -0.051669
FixedParameters: 0 0 0

#Transform 16
Transform: AffineTransform_float_3_3
Parameters: 0.999998 0.000232168 0.00164144 -0.000229869 0.999998 -0.00160742 -0.00164182 0.00160712 0.999998 -0.00712588 0.0983809 -0.090519
FixedParameters: 0 0 0

#Transform 17
Transform: AffineTransform_float_3_3
Parameters: 1 1.81149e-05 0.000922726 -1.96555e-05 0.999998 0.00198641 -0.000921891 -0.00198645 0.999997 -0.00142487 0.169568 -0.0698208
FixedParameters: 0 0 0

#Transform 18
Transform: AffineTransform_float_3_3
Parameters: 1 -7.48726e-05 -0.000641704 7.56102e-05 1 0.000574702 0.000641618 -0.000574798 0.999999 0.020135 0.0739146 0.00654533
FixedParameters: 0 0 0

#Transform 19
Transform: AffineTransform_float_3_3
Parameters: 0.999999 -0.000889567 -0.000378912 0.000888906 1 -0.000746715 0.000379243 0.000745819 0.999999 0.0276968 0.166585 -0.0396154
FixedParameters: 0 0 0

#Transform 20
Transform: AffineTransform_float_3_3
Parameters: 1 -0.000352045 -8.16481e-05 0.000352058 1 8.17513e-05 8.15905e-05 -8.18088e-05 1 0.0154178 0.0258662 0.0113611
FixedParameters: 0 0 0

#Transform 21
Transform: AffineTransform_float_3_3
Parameters: 0.999996 -0.000202548 -0.00306696 0.000203674 1 0.000524136 0.00306699 -0.000524225 0.999995 0.080734 0.202307 -0.0378408
FixedParameters: 0 0 0

#Transform 22
Transform: AffineTransform_float_3_3
Parameters: 0.999999 0.000332898 -0.00103877 -0.000333269 1 0.000299462 0.00103909 -0.000298539 1 0.0120952 -0.0426587 -0.0397685
FixedParameters: 0 0 0

#Transform 23
Transform: AffineTransform_float_3_3
Parameters: 1 -0.000472282 0.00018187 0.000472448 1 -0.000454955 -0.00018144 0.000455127 1 0.0142501 0.0809466 -0.175735
FixedParameters: 0 0 0

#Transform 24
Transform: AffineTransform_float_3_3
Parameters: 0.999999 -0.000476216 0.000670441 0.000476728 1 -0.000381848 -0.000670076 0.000382487 0.999999 0.00737664 0.076464 -0.102875
FixedParameters: 0 0 0

#Transform 25
Transform: AffineTransform_float_3_3
Parameters: 0.999999 -0.000994478 0.000816024 0.000995296 1 -0.000501123 -0.000815028 0.000502514 0.999999 0.0289849 0.0460967 -0.0099833
FixedParameters: 0 0 0

#Transform 26
Transform: AffineTransform_float_3_3
Parameters: 1 -0.000747789 0.000783077 0.000749077 1 -0.000898837 -0.000782734 0.000899047 1 0.0261664 0.0461238 -0.0584694
FixedParameters: 0 0 0

#Transform 27
Transform: AffineTransform_float_3_3
Parameters: 1 -0.000770898 0.000702318 0.000771734 1 -0.000680144 -0.000702275 0.000680033 0.999999 0.0278941 0.0726193 -0.0737101
FixedParameters: 0 0 0

#Transform 28
Transform: AffineTransform_float_3_3
Parameters: 0.999999 -0.000112248 0.00144323 0.000114373 0.999999 -0.00176099 -0.00144248 0.00176155 0.999998 -0.00184502 0.0781305 -0.0875781
FixedParameters: 0 0 0

#Transform 29
Transform: AffineTransform_float_3_3
Parameters: 0.999999 -0.000389784 0.00145519 0.000391835 0.999999 -0.00176077 -0.00145445 0.00176215 0.999998 0.012198 0.0782182 -0.0876364
FixedParameters: 0 0 0

#Transform 30
Transform: AffineTransform_float_3_3
Parameters: 0.999999 -0.000400101 0.00141707 0.000399325 1 0.00026574 -0.00141729 -0.000265348 0.999999 0.0131012 0.0518767 0.00668583
FixedParameters: 0 0 0

#Transform 31
Transform: AffineTransform_float_3_3
Parameters: 0.999998 -0.000378478 0.00157572 0.000379687 0.999999 -0.00074294 -0.00157604 0.000743403 0.999998 -0.0037817 0.120051 -0.0416976
FixedParameters: 0 0 0

#Transform 32
Transform: AffineTransform_float_3_3
Parameters: 0.999999 -0.000464757 0.000872265 0.000463805 0.999999 0.000611184 -0.000871849 -0.000611358 0.999999 0.0211875 0.0227266 0.00136232
FixedParameters: 0 0 0

#Transform 33
Transform: AffineTransform_float_3_3
Parameters: 0.999998 -0.000386966 0.0015411 0.000385779 1 0.000744379 -0.00154081 -0.000744171 0.999998 -0.0148676 0.0406761 0.0896176
FixedParameters: 0 0 0

#Transform 34
Transform: AffineTransform_float_3_3
Parameters: 0.999994 -0.00140032 0.0031619 0.00138595 0.999989 0.00447637 -0.00316799 -0.00447202 0.999985 -0.00940101 -0.0950099 0.0941989
FixedParameters: 0 0 0

#Transform 35
Transform: AffineTransform_float_3_3
Parameters: 0.999997 -0.000568649 0.00208902 0.000569454 1 -0.000701766 -0.002089 0.000702438 0.999997 -0.00874526 0.171817 -0.0835023
FixedParameters: 0 0 0

#Transform 36
Transform: AffineTransform_float_3_3
Parameters: 0.999994 8.35304e-05 0.00367261 -8.77654e-05 1 0.00109992 -0.00367288 -0.00110013 0.999992 0.0205064 0.0853472 -0.159975
FixedParameters: 0 0 0

#Transform 37
Transform: AffineTransform_float_3_3
Parameters: 0.999994 -0.00109236 0.00306981 0.00108018 0.999993 0.00370342 -0.00307409 -0.00369998 0.999988 0.0590533 0.0363652 -0.245895
FixedParameters: 0 0 0

#Transform 38
Transform: AffineTransform_float_3_3
Parameters: 0.999995 0.000186493 -0.00303481 -0.000258089 0.999716 -0.0238314 0.00302954 0.0238314 0.999711 0.0508292 0.191519 -1.10102
FixedParameters: 0 0 0

#Transform 39
Transform: AffineTransform_float_3_3
Parameters: 0.999996 0.000379177 0.00254005 -0.000373884 0.999998 -0.00202331 -0.00254098 0.00202208 0.999994 -0.0646777 -0.0184642 0.00031591
FixedParameters: 0 0 0

#Transform 40
Transform: AffineTransform_float_3_3
Parameters: 0.999997 -0.000400119 0.00242654 0.000404323 0.999998 -0.00194232 -0.00242639 0.00194303 0.999996 -0.0571862 -0.00422715 0.112158
FixedParameters: 0 0 0

#Transform 41
Transform: AffineTransform_float_3_3
Parameters: 0.999997 0.000247873 0.00240095 -0.000244967 1 -0.00102855 -0.00240123 0.00102686 0.999996 -0.077131 0.120936 0.108141
FixedParameters: 0 0 0

#Transform 42
Transform: AffineTransform_float_3_3
Parameters: 0.999996 -2.66307e-05 0.00289965 2.47321e-05 0.999999 0.00065514 -0.00289992 -0.000655035 0.999995 -0.0723665 0.0320221 0.102769
FixedParameters: 0 0 0

#Transform 43
Transform: AffineTransform_float_3_3
Parameters: 0.999987 -0.00142396 0.00476784 0.00142749 0.999999 -0.000728449 -0.00476746 0.000735394 0.999989 -0.0665339 -0.0253403 -0.0796208
FixedParameters: 0 0 0

#Transform 44
Transform: AffineTransform_float_3_3
Parameters: 0.999989 -0.00179424 0.00442273 0.00180324 0.999996 -0.00211014 -0.00441913 0.00211775 0.999988 -0.027564 0.000370628 0.0647319
FixedParameters: 0 0 0

#Transform 45
Transform: AffineTransform_float_3_3
Parameters: 0.999993 -0.00129665 0.00350214 0.00130417 0.999997 -0.00198705 -0.0034993 0.00199127 0.999991 -0.0209717 0.0454047 0.0520446
FixedParameters: 0 0 0

#Transform 46
Transform: AffineTransform_float_3_3
Parameters: 0.999994 -0.000709374 0.0034002 0.000714071 0.999999 -0.00161388 -0.00339921 0.00161601 0.999993 -0.0687647 0.0351528 0.097769
FixedParameters: 0 0 0

#Transform 47
Transform: AffineTransform_float_3_3
Parameters: 0.999996 -0.000836249 0.00275177 0.000841208 0.999998 -0.00203048 -0.00274967 0.00203289 0.999995 -0.0578388 0.0449541 0.0975047
FixedParameters: 0 0 0

#Transform 48
Transform: AffineTransform_float_3_3
Parameters: 0.999995 -0.000910077 0.00317986 0.000914322 0.999999 -0.00134224 -0.00317896 0.00134509 0.999994 -0.0439081 0.14117 0.109371
FixedParameters: 0 0 0

#Transform 49
Transform: AffineTransform_float_3_3
Parameters: 0.999992 -0.00155966 0.00370484 0.00156605 0.999997 -0.00174386 -0.00370271 0.00174982 0.999992 -0.0245038 0.126506 0.104932
FixedParameters: 0 0 0

#Transform 50
Transform: AffineTransform_float_3_3
Parameters: 0.999968 -0.00171757 0.0078031 0.00176533 0.99998 -0.00605767 -0.00779275 0.00607153 0.999951 0.0167205 -0.0710506 -0.0678596
FixedParameters: 0 0 0

#Transform 51
Transform: AffineTransform_float_3_3
Parameters: 0.999957 -0.00402302 0.00828026 0.00412019 0.999923 -0.0117138 -0.00823304 0.0117468 0.999898 0.0191558 -0.000988952 -0.137702
FixedParameters: 0 0 0

#Transform 52
Transform: AffineTransform_float_3_3
Parameters: 0.999983 -0.00230083 0.00544319 0.00234027 0.999971 -0.00720804 -0.00542637 0.00722094 0.999959 -0.0166252 0.0829177 0.0115711
FixedParameters: 0 0 0

#Transform 53
Transform: AffineTransform_float_3_3
Parameters: 0.999983 -0.00176653 0.00538537 0.00180866 0.999967 -0.00786117 -0.00537042 0.00787143 0.999954 -0.0268887 0.0812193 0.0289084
FixedParameters: 0 0 0

#Transform 54
Transform: AffineTransform_float_3_3
Parameters: 0.999985 -0.00131699 0.00528595 0.00134735 0.999982 -0.00580747 -0.00527796 0.00581468 0.999969 -0.03161 0.0228659 0.0398233
FixedParameters: 0 0 0

#Transform 55
Transform: AffineTransform_float_3_3
Parameters: 0.999986 -0.00199775 0.00488539 0.00203051 0.999975 -0.00669004 -0.00487179 0.00669905 0.999966 -0.0172194 0.0303433 0.0338246
FixedParameters: 0 0 0

#Transform 56
Transform: AffineTransform_float_3_3
Parameters: 0.999984 -0.00225606 0.0052058 0.0022804 0.999987 -0.00468141 -0.00519488 0.00469335 0.999976 -0.00534837 0.0428371 0.11636
FixedParameters: 0 0 0

#Transform 57
Transform: AffineTransform_float_3_3
Parameters: 0.999988 -0.00177114 0.00459242 0.00178684 0.999992 -0.00344263 -0.00458643 0.00345093 0.999983 -0.0363071 0.00420432 0.1182
FixedParameters: 0 0 0

#Transform 58
Transform: AffineTransform_float_3_3
Parameters: 0.999989 -0.00147594 0.00451278 0.00149642 0.999988 -0.00458815 -0.00450581 0.00459472 0.99998 -0.0286171 0.0178939 0.0867503
FixedParameters: 0 0 0

#Transform 59
Transform: AffineTransform_float_3_3
Parameters: 0.999986 -0.00178886 0.00503724 0.00181706 0.999983 -0.00550923 -0.00502732 0.00551887 0.999972 -0.0216604 0.0442273 0.0684287
FixedParameters: 0 0 0

#Transform 60
Transform: AffineTransform_float_3_3
Parameters: 0.999987 -0.00238015 0.0043447 0.00240142 0.999985 -0.00491632 -0.00433283 0.00492742 0.999978 -0.00383233 0.0774614 0.123443
FixedParameters: 0 0 0

#Transform 61
Transform: AffineTransform_float_3_3
Parameters: 0.999986 -0.00171133 0.00500618 0.0017322 0.999989 -0.0041923 -0.00499941 0.004201 0.999979 -0.0220408 0.0561913 0.0937918
FixedParameters: 0 0 0

#Transform 62
Transform: AffineTransform_float_3_3
Parameters: 0.999992 -0.00048643 0.00394122 0.00050307 0.999991 -0.00430789 -0.00393896 0.00430955 0.999983 -0.00414019 0.0307067 0.0475283
FixedParameters: 0 0 0

#Transform 63
Transform: AffineTransform_float_3_3
Parameters: 0.99999 -0.00231256 0.00388092 0.00232072 0.999995 -0.00204887 -0.00387664 0.00205787 0.999991 0.0378593 0.0253125 0.121625
FixedParameters: 0 0 0

#Transform 64
Transform: AffineTransform_float_3_3
Parameters: 0.999989 -0.00168679 0.00452479 0.00168099 0.999997 0.00144073 -0.00452656 -0.00143363 0.999989 -0.033252 0.158749 0.277154
FixedParameters: 0 0 0

#Transform 65
Transform: AffineTransform_float_3_3
Parameters: 0.999965 -0.00834859 0.000230652 0.00832283 0.998397 0.0559798 -0.000697974 -0.0559758 0.998432 0.119625 -0.0347749 2.62214
FixedParameters: 0 0 0

#Transform 66
Transform: AffineTransform_float_3_3
Parameters: 0.999956 -0.00940654 -0.000491454 0.00941681 0.997089 0.0756624 -0.000221431 -0.0756644 0.997133 -0.0412493 -0.11028 4.02718
FixedParameters: 0 0 0

#Transform 67
Transform: AffineTransform_float_3_3
Parameters: 0.999952 -0.00751196 -0.00629358 0.00791568 0.997736 0.066785 0.0057773 -0.0668305 0.997748 -0.0530614 0.399128 3.81881
FixedParameters: 0 0 0

#Transform 68
Transform: AffineTransform_float_3_3
Parameters: 0.999977 -0.00600515 -0.0032664 0.00620815 0.997792 0.0661185 0.00286287 -0.0661372 0.997806 -0.136363 0.325251 3.86003
FixedParameters: 0 0 0

#Transform 69
Transform: AffineTransform_float_3_3
Parameters: 0.999992 -0.000671549 -0.00406386 0.000864953 0.998862 0.0476898 0.00402659 -0.047693 0.998854 -0.0526483 0.37605 1.58158
FixedParameters: 0 0 0

#Transform 70
Transform: AffineTransform_float_3_3
Parameters: 0.999998 0.000106581 -0.00216071 -3.62497e-05 0.999462 0.0328131 0.0021633 -0.032813 0.999459 -0.158823 0.218987 1.39087
FixedParameters: 0 0 0

#Transform 71
Transform: AffineTransform_float_3_3
Parameters: 0.999995 0.00054314 -0.0030398 -0.000414776 0.999112 0.0421388 0.00306064 -0.0421371 0.999108 -0.176924 0.00797807 1.48826
FixedParameters: 0 0 0

#Transform 72
Transform: AffineTransform_float_3_3
Parameters: 0.999991 0.0010222 -0.00400077 -0.000883189 0.9994 0.0346424 0.00403452 -0.0346393 0.999392 -0.185295 0.035947 1.32327
FixedParameters: 0 0 0

#Transform 73
Transform: AffineTransform_float_3_3
Parameters: 0.999995 0.00153738 -0.00300816 -0.00146114 0.999681 0.0252097 0.00304627 -0.0252054 0.999678 -0.238977 -0.00390834 1.36228
FixedParameters: 0 0 0

#Transform 74
Transform: AffineTransform_float_3_3
Parameters: 0.999991 0.00251348 -0.00357404 -0.00241399 0.99962 0.0274746 0.00364248 -0.0274663 0.999616 -0.236638 0.020321 1.40603
FixedParameters: 0 0 0

#Transform 75
Transform: AffineTransform_float_3_3
Parameters: 0.999993 0.00260479 -0.00252712 -0.00254104 0.999683 0.0250468 0.00259193 -0.0250399 0.999683 -0.249648 0.116655 1.22161
FixedParameters: 0 0 0

#Transform 76
Transform: AffineTransform_float_3_3
Parameters: 0.999996 0.00190705 -0.00212424 -0.00184935 0.999643 0.0266479 0.00217463 -0.0266441 0.999643 -0.231988 0.00905093 1.29054
FixedParameters: 0 0 0

#Transform 77
Transform: AffineTransform_float_3_3
Parameters: 0.999996 0.0018246 -0.00199623 -0.00177319 0.99967 0.0256049 0.00204202 -0.0256011 0.99967 -0.247872 0.056021 1.25606
FixedParameters: 0 0 0

#Transform 78
Transform: AffineTransform_float_3_3
Parameters: 0.999996 0.00112059 -0.00236905 -0.00105874 0.999673 0.0255627 0.00239648 -0.0255606 0.99967 -0.200868 0.121516 1.30361
FixedParameters: 0 0 0

#Transform 79
Transform: AffineTransform_float_3_3
Parameters: 0.999988 0.000699071 -0.00487512 -0.000526772 0.999372 0.035428 0.00489648 -0.0354258 0.99936 -0.142524 -0.0872372 1.54737
FixedParameters: 0 0 0

#Transform 80
Transform: AffineTransform_float_3_3
Parameters: 0.999986 0.00100712 -0.00510245 -0.00083005 0.999402 0.0345484 0.00513499 -0.0345443 0.99939 -0.131006 0.0154527 1.41544
FixedParameters: 0 0 0

#Transform 81
Transform: AffineTransform_float_3_3
Parameters: 0.999991 0.00133612 -0.00411085 -0.0011802 0.999288 0.0377073 0.00415864 -0.0377013 0.99928 -0.176008 -0.035792 1.49771
FixedParameters: 0 0 0

#Transform 82
Transform: AffineTransform_float_3_3
Parameters: 0.999989 0.00115985 -0.00459398 -0.00099194 0.999336 0.0364093 0.00463355 -0.0364041 0.999327 -0.137326 -0.0166279 1.39866
FixedParameters: 0 0 0

#Transform 83
Transform: AffineTransform_float_3_3
Parameters: 0.999989 -0.000153626 -0.00457173 0.000339085 0.999172 0.0406665 0.00456187 -0.0406678 0.999163 -0.0620955 -0.00801264 1.4477
FixedParameters: 0 0 0

#Transform 84
Transform: AffineTransform_float_3_3
Parameters: 0.999966 -0.00209087 -0.00797032 0.00244313 0.99901 0.0444207 0.00786951 -0.0444385 0.998981 0.0799378 -0.00154082 1.04826
FixedParameters: 0 0 0

#Transform 85
Transform: AffineTransform_float_3_3
Parameters: 0.999985 -0.00081714 -0.00543562 0.00102601 0.999259 0.0384856 0.00539938 -0.03849 0.999244 -0.0228412 -0.0120704 1.13499
FixedParameters: 0 0 0

#Transform 86
Transform: AffineTransform_float_3_3
Parameters: 0.999974 -0.00236665 -0.0067591 0.00262785 0.999241 0.0388406 0.00666135 -0.0388574 0.999222 0.0893101 -0.111542 1.14967
FixedParameters: 0 0 0

#Transform 87
Transform: AffineTransform_float_3_3
Parameters: 0.999979 -0.000970241 -0.00642551 0.0011755 0.999486 0.0320105 0.00639148 -0.0320181 0.999467 0.0747817 0.108046 0.839169
FixedParameters: 0 0 0

#Transform 88
Transform: AffineTransform_float_3_3
Parameters: 0.999967 -0.000510207 -0.00808519 0.000805365 0.999334 0.0364854 0.00806057 -0.0364908 0.999302 -0.0106951 0.0868044 1.14424
FixedParameters: 0 0 0

#Transform 89
Transform: AffineTransform_float_3_3
Parameters: 0.999982 -0.000540756 -0.00599863 0.0008028 0.999039 0.0438294 0.00596938 -0.0438328 0.999021 -0.0155776 -0.0488034 1.26921
FixedParameters: 0 0 0

#Transform 90
Transform: AffineTransform_float_3_3
Parameters: 0.999985 -6.39638e-05 -0.0054704 0.000259254 0.999364 0.0356624 0.00546446 -0.0356632 0.999349 -0.0434954 -0.0556356 1.18268
FixedParameters: 0 0 0

#Transform 91
Transform: AffineTransform_float_3_3
Parameters: 0.999996 -0.0021058 -0.00153485 0.00217674 0.998857 0.047749 0.00143256 -0.0477525 0.998858 -0.0215945 -0.21206 1.39291
FixedParameters: 0 0 0

#Transform 92
Transform: AffineTransform_float_3_3
Parameters: 0.999985 -0.00177742 -0.00530192 0.00204295 0.998723 0.0504909 0.0052053 -0.0505012 0.998711 0.0283945 -0.044429 1.21287
FixedParameters: 0 0 0

#Transform 93
Transform: AffineTransform_float_3_3
Parameters: 0.999992 -0.00079893 -0.00375304 0.000964393 0.999018 0.044291 0.00371333 -0.0442949 0.999012 0.0585179 -0.0139298 1.27091
FixedParameters: 0 0 0

#Transform 94
Transform: AffineTransform_float_3_3
Parameters: 0.999993 0.000147426 -0.003795 3.07923e-05 0.998906 0.0467638 0.00379726 -0.0467631 0.998899 -0.0232286 -0.072478 1.25787
FixedParameters: 0 0 0

#Transform 95
Transform: AffineTransform_float_3_3
Parameters: 0.999999 0.000751764 -0.000727159 -0.000708915 0.998373 0.0570101 0.000767886 -0.0570093 0.998374 -0.101659 -0.0809014 1.33946
FixedParameters: 0 0 0

#Transform 96
Transform: AffineTransform_float_3_3
Parameters: 0.999996 0.00100871 -0.00272998 -0.000877334 0.998866 0.0476031 0.00277401 -0.0476004 0.998863 -0.110175 -0.0941689 1.36919
FixedParameters: 0 0 0

#Transform 97
Transform: AffineTransform_float_3_3
Parameters: 0.999995 0.000841542 -0.00315494 -0.000694019 0.998918 0.0465183 0.00319052 -0.0465158 0.998912 -0.0526445 -0.0900421 1.26636
FixedParameters: 0 0 0

#Transform 98
Transform: AffineTransform_float_3_3
Parameters: 0.999996 -0.00191897 -0.001879 0.00198742 0.999313 0.0369981 0.00180586 -0.0370017 0.999314 0.0329052 -0.132274 1.23364
FixedParameters: 0 0 0

#Transform 99
Transform: AffineTransform_float_3_3
Parameters: 0.999995 -0.00133918 0.00258875 0.00125661 0.999498 0.0316744 -0.00262994 -0.0316707 0.999495 -0.0712936 -0.129012 0.998349
FixedParameters: 0 0 0

#Transform 100
Transform: AffineTransform_float_3_3
Parameters: 0.999996 -0.00209088 0.00219604 0.00202085 0.999501 0.0315151 -0.00226003 -0.0315107 0.999501 0.0305716 0.0479817 0.9285
FixedParameters: 0 0 0

#Transform 101
Transform: AffineTransform_float_3_3
Parameters: 0.999994 -0.00134814 0.00315386 0.00126778 0.999674 0.0254682 -0.00318683 -0.0254634 0.999671 -0.0946284 -0.0737869 1.16642
FixedParameters: 0 0 0

#Transform 102
Transform: AffineTransform_float_3_3
Parameters: 0.999993 -0.000876437 0.00361698 0.000800632 0.999781 0.0209415 -0.00363426 -0.0209383 0.999775 -0.114299 0.0748084 1.03906
FixedParameters: 0 0 0

#Transform 103
Transform: AffineTransform_float_3_3
Parameters: 0.999989 -0.000501484 0.00450573 0.000417692 0.999829 0.0184726 -0.00451488 -0.0184705 0.999819 -0.144866 -0.0596119 1.01673
FixedParameters: 0 0 0

#Transform 104
Transform: AffineTransform_float_3_3
Parameters: 0.999992 -0.000290473 0.00392674 0.000221381 0.999843 0.0177114 -0.00393153 -0.017711 0.999835 -0.158995 -0.00776287 1.03273
FixedParameters: 0 0 0

#Transform 105
Transform: AffineTransform_float_3_3
Parameters: 0.999993 -0.000635345 0.00383591 0.0005673 0.999846 0.0175475 -0.00384633 -0.0175455 0.999839 -0.157316 -0.0298098 0.96652
FixedParameters: 0 0 0

#Transform 106
Transform: AffineTransform_float_3_3
Parameters: 0.999989 -0.000829612 0.00457067 0.000753948 0.999863 0.0165432 -0.00458327 -0.0165392 0.999853 -0.0871764 -0.0121873 0.895885
FixedParameters: 0 0 0

#Transform 107
Transform: AffineTransform_float_3_3
Parameters: 0.999926 -0.00205508 0.011975 0.00214846 0.999967 -0.00783344 -0.0119584 0.00785866 0.999898 -0.0220449 0.0838154 0.0615527
FixedParameters: 0 0 0

#Transform 108
Transform: AffineTransform_float_3_3
Parameters: 0.999971 -0.0007288 0.00758845 0.000725834 0.999999 0.000361996 -0.00758838 -0.000356378 0.999971 -0.111081 -0.0206243 0.465755
FixedParameters: 0 0 0

#Transform 109
Transform: AffineTransform_float_3_3
Parameters: 0.999965 -0.00343786 0.00764648 0.00340172 0.999984 0.00470648 -0.00766296 -0.00468074 0.99996 0.0240675 -0.0293637 0.770323
FixedParameters: 0 0 0

#Transform 110
Transform: AffineTransform_float_3_3
Parameters: 0.999992 -0.00100119 0.00371053 0.000983681 0.999989 0.00446934 -0.00371522 -0.00446573 0.999983 -0.121459 -0.108005 0.90109
FixedParameters: 0 0 0

#Transform 111
Transform: AffineTransform_float_3_3
Parameters: 0.999989 -0.000369035 0.004689 0.000346327 0.999988 0.00490984 -0.00469123 -0.00490807 0.999977 -0.168266 -0.00250532 1.00149
FixedParameters: 0 0 0

#Transform 112
Transform: AffineTransform_float_3_3
Parameters: 0.999998 0.00205641 -0.00020355 -0.00205582 0.999995 0.00263789 0.000209425 -0.00263768 0.999996 -0.196424 0.00693658 0.694356
FixedParameters: 0 0 0

#Transform 113
Transform: AffineTransform_float_3_3
Parameters: 0.999992 0.00282019 -0.00261516 -0.0028164 0.999995 0.00141647 0.00261843 -0.00140894 0.999996 -0.204252 0.14465 0.572187
FixedParameters: 0 0 0

#Transform 114
Transform: AffineTransform_float_3_3
Parameters: 0.999997 0.00172033 -0.00132821 -0.00171403 0.999988 0.00454787 0.00133545 -0.00454539 0.999989 -0.173011 0.0481915 0.766486
FixedParameters: 0 0 0

#Transform 115
Transform: AffineTransform_float_3_3
Parameters: 0.999999 0.00100171 -0.00114827 -0.000996008 0.999985 0.00525379 0.00115351 -0.00525241 0.999985 -0.168148 0.0609813 0.793499
FixedParameters: 0 0 0

#Transform 116
Transform: AffineTransform_float_3_3
Parameters: 0.999999 0.00121478 -0.000868422 -0.00121189 0.999994 0.00302067 0.000872003 -0.00301949 0.999995 -0.17492 0.0667009 0.647147
FixedParameters: 0 0 0

#Transform 117
Transform: AffineTransform_float_3_3
Parameters: 0.999999 0.00134062 0.000232739 -0.00134144 0.999994 0.00312766 -0.000228439 -0.00312847 0.999995 -0.171732 -0.0158825 0.507127
FixedParameters: 0 0 0

#Transform 118
Transform: AffineTransform_float_3_3
Parameters: 0.999999 -0.000484993 0.0018187 0.000476401 0.999989 0.00469115 -0.00182116 -0.00468993 0.999988 -0.0593024 -0.0607166 0.251137
FixedParameters: 0 0 0

#Transform 119
Transform: AffineTransform_float_3_3
Parameters: 1 0.00039423 0.000313208 -0.000395017 0.999996 0.00279485 -0.00031211 -0.00279508 0.999996 -0.0848547 0.0179287 0.501142
FixedParameters: 0 0 0

#Transform 120
Transform: AffineTransform_float_3_3
Parameters: 1 -0.000251201 0.000480675 0.000248321 0.999984 0.00564831 -0.000481736 -0.00564809 0.999984 -0.0798293 -0.0106889 0.526967
FixedParameters: 0 0 0

#Transform 121
Transform: AffineTransform_float_3_3
Parameters: 0.999997 -0.00162737 -0.00195934 0.00167128 0.999749 0.022343 0.00192263 -0.0223464 0.999748 0.0660193 -0.0183229 0.962353
FixedParameters: 0 0 0

#Transform 122
Transform: AffineTransform_float_3_3
Parameters: 0.999999 -0.000457474 0.00182218 0.00043348 0.999911 0.0133524 -0.00182767 -0.0133516 0.999909 -0.0294224 -0.0631001 0.706297
FixedParameters: 0 0 0

#Transform 123
Transform: AffineTransform_float_3_3
Parameters: 1 -0.000481143 0.00119324 0.000462878 0.999891 0.0147797 -0.00120084 -0.0147796 0.99989 0.00506245 0.0464878 0.536915
FixedParameters: 0 0 0

#Transform 124
Transform: AffineTransform_float_3_3
Parameters: 0.999999 0.000484196 0.000743845 -0.000495147 0.999885 0.0151919 -0.000737031 -0.0151925 0.999885 -0.0682223 -0.111974 0.709673
FixedParameters: 0 0 0

#Transform 125
Transform: AffineTransform_float_3_3
Parameters: 1 -0.000483943 -2.48821e-05 0.000484179 0.999908 0.0135738 1.80917e-05 -0.0135739 0.999908 0.0103676 -0.0922795 0.667394
FixedParameters: 0 0 0

#Transform 126
Transform: AffineTransform_float_3_3
Parameters: 0.999999 -0.000748585 0.000397267 0.00074739 0.999994 0.00334511 -0.000399406 -0.00334455 0.999995 -0.00736002 0.0554329 0.435232
FixedParameters: 0 0 0

#Transform 127
Transform: AffineTransform_float_3_3
Parameters: 0.999983 -0.00245801 -0.0051513 0.00255747 0.999809 0.0193847 0.00510261 -0.0193979 0.999799 0.108455 -0.0325145 0.84652
FixedParameters: 0 0 0

#Transform 128
Transform: AffineTransform_float_3_3
Parameters: 0.999999 -0.000883576 -0.00108358 0.000899902 0.999885 0.015102 0.00106997 -0.0151029 0.999886 -0.00793625 -0.05355 0.783107
FixedParameters: 0 0 0

#Transform 129
Transform: AffineTransform_float_3_3
Parameters: 0.999997 -0.000991028 -0.00211942 0.00101978 0.99991 0.0134077 0.00210507 -0.0134106 0.999908 0.0259136 -0.0583676 0.728161
FixedParameters: 0 0 0

#Transform 130
Transform: AffineTransform_float_3_3
Parameters: 0.999998 -0.000366653 -0.0022014 0.000392072 0.999931 0.0117581 0.00219678 -0.0117592 0.999929 0.0129357 -0.0634699 0.714181
FixedParameters: 0 0 0

#Transform 131
Transform: AffineTransform_float_3_3
Parameters: 0.999999 0.000560903 -0.000475617 -0.000553675 0.999904 0.0138062 0.000482928 -0.0138056 0.999904 -0.0085611 0.0162442 0.63316
FixedParameters: 0 0 0

#Transform 132
Transform: AffineTransform_float_3_3
Parameters: 0.999999 -0.00125463 0.00146602 0.00122512 0.999794 0.020254 -0.00149105 -0.0202526 0.999794 0.012036 -0.141319 1.03099
FixedParameters: 0 0 0

#Transform 133
Transform: AffineTransform_float_3_3
Parameters: 0.999998 -0.00031831 0.00192876 0.000289084 0.999886 0.0151082 -0.00193298 -0.0151078 0.999884 -0.00100409 -0.0137533 0.645214
FixedParameters: 0 0 0

#Transform 134
Transform: AffineTransform_float_3_3
Parameters: 0.999991 0.00270359 0.00347245 -0.00271111 0.999994 0.0021283 -0.0034667 -0.00213734 0.999991 -0.00219752 0.00469327 0.260724
FixedParameters: 0 0 0

#Transform 135
Transform: AffineTransform_float_3_3
Parameters: 0.999951 -0.000661753 0.00985044 0.000484897 0.999838 0.0179963 -0.00986046 -0.0179905 0.999789 0.076506 0.0233988 0.304275
FixedParameters: 0 0 0

#Transform 136
Transform: AffineTransform_float_3_3
Parameters: 0.999995 0.00112772 0.00293545 -0.00114078 0.99999 0.00436485 -0.002931 -0.00436857 0.999986 0.147488 0.014632 0.0887591
FixedParameters: 0 0 0

#Transform 137
Transform: AffineTransform_float_3_3
Parameters: 0.999991 0.00316895 0.00283347 -0.0031752 0.999993 0.00202218 -0.00282718 -0.00203108 0.999994 0.023763 0.0502895 0.201877
FixedParameters: 0 0 0

#Transform 138
Transform: AffineTransform_float_3_3
Parameters: 0.999976 0.00573258 -0.00390908 -0.00569828 0.999946 0.00860259 0.00395869 -0.00857958 0.999955 -0.103606 0.0530151 0.392282
FixedParameters: 0 0 0

#Transform 139
Transform: AffineTransform_float_3_3
Parameters: 0.999959 0.00910994 0.00045139 -0.00911586 0.999836 0.0156345 -0.000308689 -0.0156375 0.999878 -0.276771 -0.0563065 0.59504
FixedParameters: 0 0 0

#Transform 140
Transform: AffineTransform_float_3_3
Parameters: 0.999984 -0.00471981 -0.00321242 0.00474156 0.999967 0.00669198 0.00318091 -0.00670769 0.999972 0.393673 -0.0243851 0.224689
FixedParameters: 0 0 0

#Transform 141
Transform: AffineTransform_float_3_3
Parameters: 0.999943 0.0106103 -0.00130881 -0.0106017 0.999923 0.00639589 0.00137674 -0.00638089 0.999978 -0.347585 0.0826339 0.106075
FixedParameters: 0 0 0

#Transform 142
Transform: AffineTransform_float_3_3
Parameters: 0.999966 -0.00660473 0.00495815 0.00651632 0.999824 0.0176115 -0.00507344 -0.0175781 0.999833 0.47397 -0.0794514 0.156069
FixedParameters: 0 0 0

#Transform 143
Transform: AffineTransform_float_3_3
Parameters: 0.99993 0.00918114 0.00739799 -0.00929258 0.999842 0.015149 -0.00725846 -0.015217 0.999858 -0.295535 0.0236299 0.197178
FixedParameters: 0 0 0

#Transform 144
Transform: AffineTransform_float_3_3
Parameters: 0.999972 -0.00624643 -0.004049 0.00631937 0.999813 0.0182419 0.00393461 -0.018267 0.999826 0.545334 -0.0628033 0.086824
FixedParameters: 0 0 0

#Transform 145
Transform: AffineTransform_float_3_3
Parameters: 0.999986 0.00405756 0.00331637 -0.00412533 0.999777 0.0207134 -0.00323156 -0.020727 0.999779 -0.0681791 -0.0674179 0.435092
FixedParameters: 0 0 0

#Transform 146
Transform: AffineTransform_float_3_3
Parameters: 0.999994 0.0023675 0.00246891 -0.00241325 0.999819 0.0188913 -0.00242376 -0.0188965 0.999818 -0.0175751 -0.128763 0.51989
FixedParameters: 0 0 0

#Transform 147
Transform: AffineTransform_float_3_3
Parameters: 0.999998 0.00103023 0.00190315 -0.00105746 0.999895 0.0144554 -0.00188796 -0.0144568 0.999894 -0.0475164 -0.045336 0.536582
FixedParameters: 0 0 0

#Transform 148
Transform: AffineTransform_float_3_3
Parameters: 0.999998 0.00201816 -0.000961161 -0.00199989 0.999827 0.0184507 0.000998604 -0.0184488 0.999829 -0.110356 0.0106346 0.505056
FixedParameters: 0 0 0

#Transform 149
Transform: AffineTransform_float_3_3
Parameters: 0.999996 0.00279496 0.000268146 -0.00280051 0.99976 0.0217625 -0.000207646 -0.0217632 0.999763 -0.161121 -0.00890366 0.398601
FixedParameters: 0 0 0

#Transform 150
Transform: AffineTransform_float_3_3
Parameters: 0.999997 0.0026954 -0.000238085 -0.00268754 0.999663 0.0258446 0.000307433 -0.0258443 0.999666 -0.144409 0.00735477 0.487103
FixedParameters: 0 0 0

#Transform 151
Transform: AffineTransform_float_3_3
Parameters: 0.999996 0.00274458 -0.000712049 -0.00272727 0.999732 0.0230127 0.000775271 -0.0230108 0.999735 -0.14781 0.00553294 0.45343
FixedParameters: 0 0 0

#Transform 152
Transform: AffineTransform_float_3_3
Parameters: 0.999995 0.00297467 -0.000802987 -0.00295191 0.999643 0.0265804 0.000881565 -0.0265776 0.999646 -0.124474 -0.0652597 0.609879
FixedParameters: 0 0 0

#Transform 153
Transform: AffineTransform_float_3_3
Parameters: 0.999994 0.0030215 -0.00113851 -0.00299705 0.999773 0.0211265 0.00120175 -0.0211228 0.999776 -0.120316 0.0206103 0.584043
FixedParameters: 0 0 0

#Transform 154
Transform: AffineTransform_float_3_3
Parameters: 0.999988 0.000935984 -0.00492571 -0.000828483 0.99976 0.0218702 0.00494443 -0.0218663 0.999749 -0.0266252 0.0519388 0.522764
FixedParameters: 0 0 0

#Transform 155
Transform: AffineTransform_float_3_3
Parameters: 0.999995 0.00258187 -0.0018163 -0.00254785 0.99982 0.0187958 0.00186495 -0.0187911 0.999822 -0.116652 -0.0738421 0.668643
FixedParameters: 0 0 0

#Transform 156
Transform: AffineTransform_float_3_3
Parameters: 0.999995 0.00228574 -0.00198896 -0.00224787 0.999811 0.0192724 0.00203214 -0.0192679 0.999812 -0.100133 0.00620498 0.701942
FixedParameters: 0 0 0

#Transform 157
Transform: AffineTransform_float_3_3
Parameters: 0.999931 -0.000889875 -0.0117282 0.00116563 0.999721 0.0235703 0.011704 -0.0235828 0.999653 0.172918 -0.0266049 0.737204
FixedParameters: 0 0 0

#Transform 158
Transform: AffineTransform_float_3_3
Parameters: 0.999987 0.00272778 -0.00408742 -0.00268719 0.999948 0.00989187 0.00411451 -0.00988059 0.999943 -0.0726075 -0.0630789 0.42587
FixedParameters: 0 0 0

#Transform 159
Transform: AffineTransform_float_3_3
Parameters: 0.999989 0.00267431 -0.00378972 -0.00262942 0.999927 0.0117659 0.00382117 -0.0117565 0.999924 -0.0970392 0.053037 0.476361
FixedParameters: 0 0 0

#Transform 160
Transform: AffineTransform_float_3_3
Parameters: 0.999996 0.00198138 -0.00191789 -0.00195776 0.999921 0.0124423 0.00194276 -0.0124385 0.999921 -0.0809071 0.00510215 0.4119
FixedParameters: 0 0 0

#Transform 161
Transform: AffineTransform_float_3_3
Parameters: 0.999997 0.00214156 -0.000431578 -0.0021382 0.99996 0.00877242 0.000450612 -0.0087708 0.999962 -0.0871183 0.0963339 0.375955
FixedParameters: 0 0 0

#Transform 162
Transform: AffineTransform_float_3_3
Parameters: 0.999996 0.00252533 -0.000372088 -0.00252023 0.999926 0.0119031 0.000401607 -0.0119025 0.999929 -0.0979918 0.0321326 0.467074
FixedParameters: 0 0 0

#Transform 163
Transform: AffineTransform_float_3_3
Parameters: 0.999998 0.00166532 -0.000316194 -0.00166138 0.999927 0.0120159 0.000335682 -0.012016 0.999928 -0.0700835 0.0315205 0.459277
FixedParameters: 0 0 0

#Transform 164
Transform: AffineTransform_float_3_3
Parameters: 0.999998 0.0017934 0.00121602 -0.00182261 0.999698 0.0245121 -0.0011712 -0.0245143 0.999698 0.346045 -0.00867975 0.304779
FixedParameters: 0 0 0

#Transform 165
Transform: AffineTransform_float_3_3
Parameters: 0.999981 -0.00082587 0.00609291 0.000611172 0.999381 0.0351827 -0.00611767 -0.0351776 0.999362 0.417909 -0.119584 -0.511315
FixedParameters: 0 0 0

#Transform 166
Transform: AffineTransform_float_3_3
Parameters: 0.999971 -0.00185806 0.00733002 0.00164592 0.999582 0.0288671 -0.00738061 -0.0288548 0.999557 0.281836 -0.2352 -0.878479
FixedParameters: 0 0 0

#Transform 167
Transform: AffineTransform_float_3_3
Parameters: 0.999994 -0.00110701 0.00330409 0.00109545 0.999993 0.00349138 -0.00330813 -0.00348808 0.999988 0.0699951 0.263582 -0.0220554
FixedParameters: 0 0 0

#Transform 168
Transform: AffineTransform_float_3_3
Parameters: 0.999997 -0.000323458 0.00251026 0.000306413 0.999977 0.00675807 -0.00251141 -0.00675681 0.999974 -0.014069 -0.0839065 0.377116
FixedParameters: 0 0 0

#Transform 169
Transform: AffineTransform_float_3_3
Parameters: 0.999998 0.00099648 0.00180088 -0.00101276 0.99996 0.00891319 -0.00179275 -0.00891452 0.999958 -0.0702945 -0.0655512 0.595221
FixedParameters: 0 0 0

#Transform 170
Transform: AffineTransform_float_3_3
Parameters: 0.999997 0.00113428 0.00189826 -0.00114323 0.999988 0.00464569 -0.00189267 -0.00464755 0.999988 -0.0726189 0.153616 0.188984
FixedParameters: 0 0 0

#Transform 171
Transform: AffineTransform_float_3_3
Parameters: 0.999995 0.00221482 -0.0023566 -0.0022125 0.999997 0.00118252 0.00236013 -0.00117715 0.999997 -0.056524 0.00436141 0.339583
FixedParameters: 0 0 0

#Transform 172
Transform: AffineTransform_float_3_3
Parameters: 0.999999 0.000625803 0.00171347 -0.000646683 0.999926 0.0121489 -0.00170627 -0.0121508 0.999924 -0.0695346 0.0317857 0.58066
FixedParameters: 0 0 0

#Transform 173
Transform: AffineTransform_float_3_3
Parameters: 0.999999 0.000767897 0.00120752 -0.00078301 0.999913 0.0132094 -0.0011978 -0.0132112 0.999912 -0.0386524 -0.021218 0.581562
FixedParameters: 0 0 0

#Transform 174
Transform: AffineTransform_float_3_3
Parameters: 1 0.000124187 0.00011392 -0.000125503 0.999958 0.00909333 -0.000112624 -0.00909334 0.999958 -0.066664 0.0470821 0.412828
FixedParameters: 0 0 0

#Transform 175
Transform: AffineTransform_float_3_3
Parameters: 0.999987 0.00144696 -0.00491785 -0.00132254 0.999681 0.0252258 0.00495283 -0.0252192 0.999669 -0.0216399 -0.119324 0.759336
FixedParameters: 0 0 0

#Transform 176
Transform: AffineTransform_float_3_3
Parameters: 0.999978 -0.00361563 -0.00555459 0.00381449 0.999335 0.0362672 0.00541924 -0.0362874 0.999327 0.162076 -0.15368 0.865758
FixedParameters: 0 0 0

#Transform 177
Transform: AffineTransform_float_3_3
Parameters: 0.999994 0.00024417 -0.00340234 -0.000156666 0.999666 0.0258408 0.00340694 -0.0258397 0.999661 -0.0582011 -0.162864 1.56917
FixedParameters: 0 0 0

#Transform 178
Transform: AffineTransform_float_3_3
Parameters: 0.999984 0.00267891 -0.00484938 -0.00258366 0.999808 0.0194088 0.00490049 -0.0193958 0.999799 -0.101213 -0.0826294 1.71491
FixedParameters: 0 0 0

#Transform 179
Transform: AffineTransform_float_3_3
Parameters: 0.999989 0.00437938 0.00168683 -0.004435 0.99939 0.0346427 -0.00153413 -0.0346503 0.999398 -0.196292 -0.139234 1.83008
FixedParameters: 0 0 0

#Transform 180
Transform: AffineTransform_float_3_3
Parameters: 0.999999 0.000883502 -0.0010627 -0.000853468 0.999622 0.0275041 0.0010868 -0.0275039 0.999621 0.0319731 0.170872 0.8905
FixedParameters: 0 0 0

#Transform 181
Transform: AffineTransform_float_3_3
Parameters: 0.999999 0.000821841 7.43959e-06 -0.000821674 0.999803 0.0197964 8.54016e-06 -0.0197962 0.999804 0.065689 0.0104672 0.50658
FixedParameters: 0 0 0

#Transform 182
Transform: AffineTransform_float_3_3
Parameters: 0.999999 0.000483497 0.00181823 -0.000509613 0.999895 0.0145101 -0.00181065 -0.0145106 0.999893 -0.0556812 0.0895888 0.296458
FixedParameters: 0 0 0

#Transform 183
Transform: AffineTransform_float_3_3
Parameters: 0.999994 0.00286656 0.00193713 -0.00300434 0.997143 0.0754771 -0.00171568 -0.0754823 0.997146 -0.0751067 -0.270134 1.82521
FixedParameters: 0 0 0

#Transform 184
Transform: AffineTransform_float_3_3
Parameters: 0.999989 0.000704489 0.00482742 -0.00104692 0.997441 0.0714868 -0.00476418 -0.0714908 0.997429 -0.0558601 -0.316327 1.40374
FixedParameters: 0 0 0

#Transform 185
Transform: AffineTransform_float_3_3
Parameters: 1 -4.08681e-05 0.000783211 1.12426e-05 0.999262 0.0384129 -0.000784637 -0.0384128 0.999261 -0.0361457 -0.113749 1.10275
FixedParameters: 0 0 0

#Transform 186
Transform: AffineTransform_float_3_3
Parameters: 0.999996 -3.44732e-05 0.00286375 -5.65612e-05 0.999494 0.031785 -0.00286322 -0.0317854 0.99949 -0.043524 -0.0775818 0.9823
FixedParameters: 0 0 0

#Transform 187
Transform: AffineTransform_float_3_3
Parameters: 0.999999 0.000392589 0.00161851 -0.000454857 0.999256 0.0385709 -0.00160199 -0.0385718 0.999255 -0.0689743 -0.153296 1.3254
FixedParameters: 0 0 0

#Transform 188
Transform: AffineTransform_float_3_3
Parameters: 0.999995 0.00068868 -0.00306216 -0.000603149 0.999611 0.0278776 0.00308016 -0.0278752 0.999607 -0.108008 -0.0982594 1.37149
FixedParameters: 0 0 0

#Transform 189
