# transform file /out/sourcedata/freesurfer/sub-v2s13x29114_ses-1/mri/transforms/cc_up.lta
# created by oesteban on Wed Mar 11 05:45:01 2026

type      = 0 # LINEAR_VOX_TO_VOX
nxforms   = 1
mean      = 128.0000 139.0000 125.0000
sigma     = 10000.0000
1 4 4
9.980551004409790e-01 1.650759764015675e-02 -6.011256203055382e-02 5.332671165466309e+00 
-1.647773757576942e-02 9.998637437820435e-01 9.924492333084345e-04 1.700982475280762e+01 
6.012075394392014e-02 0.000000000000000e+00 9.981911182403564e-01 5.056818127632141e-01 
0.000000000000000e+00 0.000000000000000e+00 0.000000000000000e+00 1.000000000000000e+00 
src volume info
valid = 1  # volume info valid
filename = /out/sourcedata/freesurfer/sub-v2s13x29114_ses-1/mri/norm.mgz
volume = 256 256 256
voxelsize = 8.984375000000000e-01 8.984375000000000e-01 8.984375000000000e-01
xras   = -1.000000119209290e+00 -4.778089590651291e-10 0.000000000000000e+00
yras   = -1.295753088159657e-10 -8.292819764221804e-09 -9.999999403953552e-01
zras   = -5.587935669737476e-10 1.000000000000000e+00 0.000000000000000e+00
cras   = 1.319206237792969e+00 -5.220329284667969e+00 1.157936859130859e+01
dst volume info
valid = 1  # volume info valid
filename = /out/sourcedata/freesurfer/sub-v2s13x29114_ses-1/mri/norm.mgz
volume = 256 256 256
voxelsize = 8.984375000000000e-01 8.984375000000000e-01 8.984375000000000e-01
xras   = -1.000000119209290e+00 -4.778089590651291e-10 0.000000000000000e+00
yras   = -1.295753088159657e-10 -8.292819764221804e-09 -9.999999403953552e-01
zras   = -5.587935669737476e-10 1.000000000000000e+00 0.000000000000000e+00
cras   = 1.319206237792969e+00 -5.220329284667969e+00 1.157936859130859e+01
