type      = 0 # LINEAR_VOX_TO_VOX
nxforms   = 1
mean      = 0.0000 0.0000 0.0000
sigma     = 1.0000
1 4 4
9.872031807899475e-01 -1.386288437061012e-03 -5.219742283225060e-02 7.150161743164062e+00 
1.782320439815521e-02 1.047330975532532e+00 1.719905883073807e-01 -4.030581665039062e+01 
5.654766410589218e-02 -1.659378260374069e-01 1.041323184967041e+00 -3.603729248046875e+00 
0.000000000000000e+00 0.000000000000000e+00 0.000000000000000e+00 1.000000000000000e+00 
src volume info
valid = 1  # volume info valid
filename = /out/sourcedata/freesurfer/sub-v2s13x29114_ses-1/mri/orig.mgz
volume = 256 256 256
voxelsize = 8.984375000000000e-01 8.984375000000000e-01 8.984375000000000e-01
xras   = -1.000000119209290e+00 -4.778089590651291e-10 0.000000000000000e+00
yras   = -1.295753088159657e-10 -8.292819764221804e-09 -9.999999403953552e-01
zras   = -5.587935669737476e-10 1.000000000000000e+00 0.000000000000000e+00
cras   = 1.319206237792969e+00 -5.220329284667969e+00 1.157936859130859e+01
dst volume info
valid = 1  # volume info valid
filename = /opt/freesurfer/average/mni305.cor.mgz
volume = 256 256 256
voxelsize = 1.000000000000000e+00 1.000000000000000e+00 1.000000000000000e+00
xras   = -1.000000000000000e+00 0.000000000000000e+00 0.000000000000000e+00
yras   = 0.000000000000000e+00 0.000000000000000e+00 -1.000000000000000e+00
zras   = 0.000000000000000e+00 1.000000000000000e+00 0.000000000000000e+00
cras   = 0.000000000000000e+00 0.000000000000000e+00 0.000000000000000e+00
subject fsaverage
fscale 0.100000
