type      = 1 # LINEAR_RAS_TO_RAS
nxforms   = 1
mean      = 0.0000 0.0000 0.0000
sigma     = 1.0000
1 4 4
1.098799943923950e+00 5.809799954295158e-02 -1.542999991215765e-03 2.181549966335297e-01 
-6.294000148773193e-02 1.159037947654724e+00 1.846960037946701e-01 -8.321380615234375e+00 
1.983799971640110e-02 -1.914329975843430e-01 1.165724992752075e+00 -4.572600841522217e+00 
0.000000000000000e+00 0.000000000000000e+00 0.000000000000000e+00 1.000000000000000e+00 
src volume info
valid = 1  # volume info valid
filename = /out/sourcedata/freesurfer/sub-v2s13x29114_ses-1/mri/orig_nu.mgz
volume = 256 256 256
voxelsize = 8.984375000000000e-01 8.984375000000000e-01 8.984375000000000e-01
xras   = -1.000000119209290e+00 -4.778089590651291e-10 0.000000000000000e+00
yras   = -1.295753088159657e-10 -8.292819764221804e-09 -9.999999403953552e-01
zras   = -5.587935669737476e-10 1.000000000000000e+00 0.000000000000000e+00
cras   = 1.319206237792969e+00 -5.220329284667969e+00 1.157936859130859e+01
dst volume info
valid = 1  # volume info valid
filename = /opt/freesurfer/average/mni305.cor.mgz
volume = 256 256 256
voxelsize = 1.000000000000000e+00 1.000000000000000e+00 1.000000000000000e+00
xras   = -1.000000000000000e+00 0.000000000000000e+00 0.000000000000000e+00
yras   = 0.000000000000000e+00 0.000000000000000e+00 -1.000000000000000e+00
zras   = 0.000000000000000e+00 1.000000000000000e+00 0.000000000000000e+00
cras   = 0.000000000000000e+00 0.000000000000000e+00 0.000000000000000e+00
subject fsaverage
fscale 0.100000
