# transform file transforms/talairach.lta
# created by oesteban on Wed Mar 11 04:12:16 2026

type      = 0 # LINEAR_VOX_TO_VOX
nxforms   = 1
mean      = 128.0000 138.0000 125.0000
sigma     = 10000.0000
1 4 4
9.134863615036011e-01 -1.884474232792854e-02 -4.552264139056206e-02 1.646506118774414e+01 
2.309836633503437e-02 9.980132579803467e-01 1.552903801202774e-01 -3.429070663452148e+01 
3.390609100461006e-02 -1.467346101999283e-01 9.336062669754028e-01 1.147671127319336e+01 
0.000000000000000e+00 0.000000000000000e+00 0.000000000000000e+00 1.000000000000000e+00 
src volume info
valid = 1  # volume info valid
filename = nu.mgz
volume = 256 256 256
voxelsize = 8.984375000000000e-01 8.984375000000000e-01 8.984375000000000e-01
xras   = -1.000000119209290e+00 -4.778089590651291e-10 0.000000000000000e+00
yras   = -1.295753088159657e-10 -8.292819764221804e-09 -9.999999403953552e-01
zras   = -5.587935669737476e-10 1.000000000000000e+00 0.000000000000000e+00
cras   = 1.319206237792969e+00 -5.220329284667969e+00 1.157936859130859e+01
dst volume info
valid = 1  # volume info valid
filename = /opt/freesurfer/average/RB_all_2020-01-02.gca
volume = 256 256 256
voxelsize = 1.000000000000000e+00 1.000000000000000e+00 1.000000000000000e+00
xras   = -1.000000000000000e+00 0.000000000000000e+00 0.000000000000000e+00
yras   = 0.000000000000000e+00 0.000000000000000e+00 -1.000000000000000e+00
zras   = 0.000000000000000e+00 1.000000000000000e+00 0.000000000000000e+00
cras   = 0.000000000000000e+00 0.000000000000000e+00 0.000000000000000e+00
