# transform file /out/sourcedata/freesurfer/sub-v2s13x29123_ses-1/mri/transforms/cc_up.lta
# created by oesteban on Wed Mar 11 06:16:04 2026

type      = 0 # LINEAR_VOX_TO_VOX
nxforms   = 1
mean      = 128.0000 143.0000 122.0000
sigma     = 10000.0000
1 4 4
9.977027773857117e-01 6.616320461034775e-02 -1.454699598252773e-02 -8.077839851379395e+00 
-6.615617871284485e-02 9.978088140487671e-01 9.645895916037261e-04 1.575739955902100e+01 
1.457894127815962e-02 -5.820766091346741e-11 9.998937249183655e-01 1.411664104461670e+01 
0.000000000000000e+00 0.000000000000000e+00 0.000000000000000e+00 1.000000000000000e+00 
src volume info
valid = 1  # volume info valid
filename = /out/sourcedata/freesurfer/sub-v2s13x29123_ses-1/mri/norm.mgz
volume = 256 256 256
voxelsize = 8.984375000000000e-01 8.984375000000000e-01 8.984375000000000e-01
xras   = -1.000000119209290e+00 4.373166828663955e-10 6.478765440798284e-11
yras   = 3.239382720399142e-11 0.000000000000000e+00 -1.000000119209290e+00
zras   = 6.478765440798284e-11 1.000000119209290e+00 -1.658563952844361e-08
cras   = 1.268356323242188e+00 1.393127441406250e-02 1.637388610839844e+01
dst volume info
valid = 1  # volume info valid
filename = /out/sourcedata/freesurfer/sub-v2s13x29123_ses-1/mri/norm.mgz
volume = 256 256 256
voxelsize = 8.984375000000000e-01 8.984375000000000e-01 8.984375000000000e-01
xras   = -1.000000119209290e+00 4.373166828663955e-10 6.478765440798284e-11
yras   = 3.239382720399142e-11 0.000000000000000e+00 -1.000000119209290e+00
zras   = 6.478765440798284e-11 1.000000119209290e+00 -1.658563952844361e-08
cras   = 1.268356323242188e+00 1.393127441406250e-02 1.637388610839844e+01
