# transform file transforms/talairach.lta
# created by oesteban on Wed Mar 11 04:49:46 2026

type      = 0 # LINEAR_VOX_TO_VOX
nxforms   = 1
mean      = 129.0000 144.0000 122.0000
sigma     = 10000.0000
1 4 4
8.959133625030518e-01 5.602344870567322e-02 -3.880705218762159e-03 3.155371427536011e+00 
-6.980197131633759e-02 9.803484678268433e-01 1.979175806045532e-01 -2.915322494506836e+01 
1.617205329239368e-02 -1.868741512298584e-01 8.801109790802002e-01 2.937666511535645e+01 
0.000000000000000e+00 0.000000000000000e+00 0.000000000000000e+00 1.000000000000000e+00 
src volume info
valid = 1  # volume info valid
filename = nu.mgz
volume = 256 256 256
voxelsize = 8.984375000000000e-01 8.984375000000000e-01 8.984375000000000e-01
xras   = -1.000000119209290e+00 4.373166828663955e-10 6.478765440798284e-11
yras   = 3.239382720399142e-11 0.000000000000000e+00 -1.000000119209290e+00
zras   = 6.478765440798284e-11 1.000000119209290e+00 -1.658563952844361e-08
cras   = 1.268356323242188e+00 1.393127441406250e-02 1.637388610839844e+01
dst volume info
valid = 1  # volume info valid
filename = /opt/freesurfer/average/RB_all_2020-01-02.gca
volume = 256 256 256
voxelsize = 1.000000000000000e+00 1.000000000000000e+00 1.000000000000000e+00
xras   = -1.000000000000000e+00 0.000000000000000e+00 0.000000000000000e+00
yras   = 0.000000000000000e+00 0.000000000000000e+00 -1.000000000000000e+00
zras   = 0.000000000000000e+00 1.000000000000000e+00 0.000000000000000e+00
cras   = 0.000000000000000e+00 0.000000000000000e+00 0.000000000000000e+00
