type      = 0 # LINEAR_VOX_TO_VOX
nxforms   = 1
mean      = 0.0000 0.0000 0.0000
sigma     = 1.0000
1 4 4
9.035892486572266e-01 5.243641510605812e-02 -1.252242270857096e-02 5.562171936035156e+00 
-6.594801694154739e-02 9.778577089309692e-01 1.914525777101517e-01 -2.771382141113281e+01 
2.051402628421783e-02 -2.541365325450897e-01 8.972947597503662e-01 3.528610229492188e+01 
0.000000000000000e+00 0.000000000000000e+00 0.000000000000000e+00 1.000000000000000e+00 
src volume info
valid = 1  # volume info valid
filename = /out/sourcedata/freesurfer/sub-v2s13x29123_ses-1/mri/orig.mgz
volume = 256 256 256
voxelsize = 8.984375000000000e-01 8.984375000000000e-01 8.984375000000000e-01
xras   = -1.000000119209290e+00 4.373166828663955e-10 6.478765440798284e-11
yras   = 3.239382720399142e-11 0.000000000000000e+00 -1.000000119209290e+00
zras   = 6.478765440798284e-11 1.000000119209290e+00 -1.658563952844361e-08
cras   = 1.268356323242188e+00 1.393127441406250e-02 1.637388610839844e+01
dst volume info
valid = 1  # volume info valid
filename = /opt/freesurfer/average/mni305.cor.mgz
volume = 256 256 256
voxelsize = 1.000000000000000e+00 1.000000000000000e+00 1.000000000000000e+00
xras   = -1.000000000000000e+00 0.000000000000000e+00 0.000000000000000e+00
yras   = 0.000000000000000e+00 0.000000000000000e+00 -1.000000000000000e+00
zras   = 0.000000000000000e+00 1.000000000000000e+00 0.000000000000000e+00
cras   = 0.000000000000000e+00 0.000000000000000e+00 0.000000000000000e+00
subject fsaverage
fscale 0.100000
