type      = 1 # LINEAR_RAS_TO_RAS
nxforms   = 1
mean      = 0.0000 0.0000 0.0000
sigma     = 1.0000
1 4 4
1.005733966827393e+00 1.393800042569637e-02 5.836400017142296e-02 -5.620499849319458e-01 
-2.283300086855888e-02 9.987279772758484e-01 2.828649878501892e-01 -1.238040161132812e+01 
-7.340300083160400e-02 -2.130949944257736e-01 1.088397979736328e+00 -3.241775989532471e+00 
0.000000000000000e+00 0.000000000000000e+00 0.000000000000000e+00 1.000000000000000e+00 
src volume info
valid = 1  # volume info valid
filename = /out/sourcedata/freesurfer/sub-v2s13x29123_ses-1/mri/orig_nu.mgz
volume = 256 256 256
voxelsize = 8.984375000000000e-01 8.984375000000000e-01 8.984375000000000e-01
xras   = -1.000000119209290e+00 4.373166828663955e-10 6.478765440798284e-11
yras   = 3.239382720399142e-11 0.000000000000000e+00 -1.000000119209290e+00
zras   = 6.478765440798284e-11 1.000000119209290e+00 -1.658563952844361e-08
cras   = 1.268356323242188e+00 1.393127441406250e-02 1.637388610839844e+01
dst volume info
valid = 1  # volume info valid
filename = /opt/freesurfer/average/mni305.cor.mgz
volume = 256 256 256
voxelsize = 1.000000000000000e+00 1.000000000000000e+00 1.000000000000000e+00
xras   = -1.000000000000000e+00 0.000000000000000e+00 0.000000000000000e+00
yras   = 0.000000000000000e+00 0.000000000000000e+00 -1.000000000000000e+00
zras   = 0.000000000000000e+00 1.000000000000000e+00 0.000000000000000e+00
cras   = 0.000000000000000e+00 0.000000000000000e+00 0.000000000000000e+00
subject fsaverage
fscale 0.100000
