#Insight Transform File V1.0
#Transform 0
Transform: AffineTransform_float_3_3
Parameters: 1 -0.00040734 0.000123421 0.000407541 0.999999 -0.000819663 -0.000122753 0.000819764 0.999999 0.021716 -0.0648909 -0.121962
FixedParameters: 0 0 0

#Transform 1
Transform: AffineTransform_float_3_3
Parameters: 1 -1.09922e-05 2.78856e-06 1.09945e-05 1 -0.000401019 -2.77974e-06 0.000401019 1 0.0382196 -0.0093421 -0.149054
FixedParameters: 0 0 0

#Transform 2
Transform: AffineTransform_float_3_3
Parameters: 1 0.000571392 0.000293007 -0.00057137 1 -3.7e-05 -0.00029305 3.66651e-05 1 0.0213722 0.00258224 -0.163549
FixedParameters: 0 0 0

#Transform 3
Transform: AffineTransform_float_3_3
Parameters: 1 -0.000164235 0.00055626 0.000164056 1 0.000158985 -0.000556313 -0.000159632 1 0.0228565 0.0172457 -0.113117
FixedParameters: 0 0 0

#Transform 4
Transform: AffineTransform_float_3_3
Parameters: 1 0.000234506 0.000435752 -0.000234273 0.999999 0.000829404 -0.000435655 -0.000829609 0.999999 0.0170023 0.0122464 -0.102975
FixedParameters: 0 0 0

#Transform 5
Transform: AffineTransform_float_3_3
Parameters: 1 -0.000358495 0.000328769 0.000358564 1 -0.000104903 -0.000328694 0.000105139 1 0.0140697 0.0764107 -0.109979
FixedParameters: 0 0 0

#Transform 6
Transform: AffineTransform_float_3_3
Parameters: 1 5.1692e-06 6.81823e-05 -5.24295e-06 1 0.000540885 -6.81767e-05 -0.000540886 1 0.0186204 0.0168742 -0.0814273
FixedParameters: 0 0 0

#Transform 7
Transform: AffineTransform_float_3_3
Parameters: 1 4.59319e-05 0.00040672 -4.62055e-05 1 0.000336311 -0.000406689 -0.000336349 1 0.0093252 0.0487554 -0.074184
FixedParameters: 0 0 0

#Transform 8
Transform: AffineTransform_float_3_3
Parameters: 1 0.000352162 0.000473432 -0.000352156 0.999999 0.0010057 -0.000473012 -0.00100547 1 0.0113843 0.00306799 -0.0992514
FixedParameters: 0 0 0

#Transform 9
Transform: AffineTransform_float_3_3
Parameters: 1 0.000582175 0.000400871 -0.00058184 0.999999 -0.000417247 -0.000401356 0.00041678 1 -0.00102645 0.0507829 -0.0607146
FixedParameters: 0 0 0

#Transform 10
Transform: AffineTransform_float_3_3
Parameters: 1 -4.70372e-05 8.22961e-05 4.70375e-05 1 -2.19996e-06 -8.22959e-05 2.2077e-06 1 0.00975626 0.0396613 -0.104352
FixedParameters: 0 0 0

#Transform 11
Transform: AffineTransform_float_3_3
Parameters: 1 5.05462e-05 0.000404167 -5.07567e-05 1 0.00026032 -0.000404141 -0.000260361 1 0.0163929 0.0328234 -0.0508579
FixedParameters: 0 0 0

#Transform 12
Transform: AffineTransform_float_3_3
Parameters: 1 -0.000259939 8.0365e-05 0.000259932 1 4.55632e-05 -8.03887e-05 -4.55214e-05 1 0.00134205 0.0328459 -0.0535627
FixedParameters: 0 0 0

#Transform 13
Transform: AffineTransform_float_3_3
Parameters: 1 3.24771e-05 0.000344859 -3.26567e-05 1 0.000260413 -0.000344842 -0.000260435 1 0.0130962 0.0403868 -0.0261448
FixedParameters: 0 0 0

#Transform 14
Transform: AffineTransform_float_3_3
Parameters: 1 7.98811e-05 0.000499616 -8.00307e-05 1 0.00014725 -0.000499593 -0.00014816 1 0.0125803 0.0727941 -0.0218739
FixedParameters: 0 0 0

#Transform 15
Transform: AffineTransform_float_3_3
Parameters: 1 -0.000159325 0.00057373 0.000157883 0.999999 0.00125988 -0.000574127 -0.0012597 0.999999 0.0324362 0.0123876 0.00940174
FixedParameters: 0 0 0

#Transform 16
Transform: AffineTransform_float_3_3
Parameters: 1 -0.000114241 0.000558745 0.000114112 1 0.000114928 -0.000558771 -0.000114801 1 0.0217394 0.0795959 -0.0293308
FixedParameters: 0 0 0

#Transform 17
Transform: AffineTransform_float_3_3
Parameters: 1 -0.000169823 0.000141047 0.00016973 1 0.000328567 -0.000141159 -0.00032852 1 0.00825953 0.000927803 -0.0398219
FixedParameters: 0 0 0

#Transform 18
Transform: AffineTransform_float_3_3
Parameters: 1 -0.000222777 0.000165375 0.000222716 1 0.000184473 -0.000165457 -0.000184399 1 -0.00758362 0.0722269 -0.0181226
FixedParameters: 0 0 0

#Transform 19
Transform: AffineTransform_float_3_3
Parameters: 1 6.05099e-06 9.54176e-05 -6.05573e-06 1 2.48364e-05 -9.54173e-05 -2.48376e-05 1 -0.0214129 0.0277322 -0.0177841
FixedParameters: 0 0 0

#Transform 20
Transform: AffineTransform_float_3_3
Parameters: 1 5.30164e-06 9.64456e-05 -5.41714e-06 1 0.000598835 -9.64391e-05 -0.000598836 1 0.0084108 -0.0109654 0.00134568
FixedParameters: 0 0 0

#Transform 21
Transform: AffineTransform_float_3_3
Parameters: 1 6.50082e-06 9.47993e-05 -6.44012e-06 1 -0.000320163 -9.48034e-05 0.000320162 1 0.0118026 0.0278823 -0.0223113
FixedParameters: 0 0 0

#Transform 22
Transform: AffineTransform_float_3_3
Parameters: 1 -1.32178e-05 3.36869e-05 1.31993e-05 1 0.000274925 -3.36941e-05 -0.000274924 1 0.012548 -0.00914626 -0.00329312
FixedParameters: 0 0 0

#Transform 23
Transform: AffineTransform_float_3_3
Parameters: 1 -0.00011609 -0.000303991 0.000116258 1 0.000275368 0.000303927 -0.000275438 1 0.00453796 0.0189431 0.0237764
FixedParameters: 0 0 0

#Transform 24
Transform: AffineTransform_float_3_3
Parameters: 1 -3.67509e-05 -4.39056e-05 3.67696e-05 1 0.000213033 4.38899e-05 -0.000213036 1 0.00688632 -0.00412669 0.012433
FixedParameters: 0 0 0

#Transform 25
Transform: AffineTransform_float_3_3
Parameters: 1 3.43856e-07 7.88342e-05 -4.03748e-07 1 0.00037986 -7.88339e-05 -0.000379861 1 -0.00324374 0.0696001 0.00869552
FixedParameters: 0 0 0

#Transform 26
Transform: AffineTransform_float_3_3
Parameters: 1 -2.23177e-05 1.36646e-06 2.23182e-05 1 -0.00015203 -1.35968e-06 0.00015203 1 -0.0094793 0.0417895 -0.0177663
FixedParameters: 0 0 0

#Transform 27
Transform: AffineTransform_float_3_3
Parameters: 1 0.000252008 0.000348316 -0.000251566 1 -0.000216406 -0.000347469 0.000216229 1 -0.00608525 -0.00596281 -0.0107156
FixedParameters: 0 0 0

#Transform 28
Transform: AffineTransform_float_3_3
Parameters: 1 9.9121e-05 0.000394016 -9.84088e-05 0.999999 -0.000903624 -0.000394194 0.000903547 0.999999 -0.010431 0.0212854 -0.0231803
FixedParameters: 0 0 0

#Transform 29
Transform: AffineTransform_float_3_3
Parameters: 1 1.90352e-05 0.000130558 -1.87247e-05 1 -0.00117522 -0.0001306 0.00117521 1 0.00259278 -0.0403985 0.00737838
FixedParameters: 0 0 0

#Transform 30
Transform: AffineTransform_float_3_3
Parameters: 1 -3.8606e-05 -5.50749e-05 3.85283e-05 1 -0.000704952 5.51293e-05 0.000704947 1 -0.003162 0.059317 0.0319483
FixedParameters: 0 0 0

#Transform 31
Transform: AffineTransform_float_3_3
Parameters: 1 2.85876e-05 0.000168966 -2.85767e-05 1 -3.22721e-05 -0.000168968 3.22624e-05 1 -0.00552747 0.026471 0.0100236
FixedParameters: 0 0 0

#Transform 32
Transform: AffineTransform_float_3_3
Parameters: 1 0.000208327 0.000327714 -0.000208722 1 0.000156599 -0.000328605 -0.000156734 1 0.000262854 0.0265853 0.012971
FixedParameters: 0 0 0

#Transform 33
Transform: AffineTransform_float_3_3
Parameters: 1 0.000108094 -0.000233085 -0.000108237 0.999999 -0.000929429 0.00023384 0.000929478 0.999999 -0.0215461 0.0582098 -0.0360313
FixedParameters: 0 0 0

#Transform 34
Transform: AffineTransform_float_3_3
Parameters: 1 0.000552016 4.51046e-05 -0.000551923 1 -0.00098472 -4.61922e-05 0.000984112 0.999999 -0.0190437 -0.0423476 0.0318431
FixedParameters: 0 0 0

#Transform 35
Transform: AffineTransform_float_3_3
Parameters: 0.999999 0.000735815 -0.000105066 -0.000735807 0.999999 -0.00137385 0.000104003 0.001374 0.999999 -0.0341616 0.0127212 0.0176225
FixedParameters: 0 0 0

#Transform 36
Transform: AffineTransform_float_3_3
Parameters: 1 0.00102456 -4.26827e-05 -0.00102504 0.999998 -0.00126765 4.22892e-05 0.00126773 0.999999 -0.0359964 -0.0155271 0.0166579
FixedParameters: 0 0 0

#Transform 37
Transform: AffineTransform_float_3_3
Parameters: 0.999999 0.00124047 -9.24414e-05 -0.00124117 0.999997 -0.00178823 9.02105e-05 0.00178845 0.999999 -0.0478486 0.0227818 -0.014159
FixedParameters: 0 0 0

#Transform 38
Transform: AffineTransform_float_3_3
Parameters: 0.999999 0.00121992 -0.000162926 -0.00122104 0.999996 -0.00233805 0.000159428 0.00233844 0.999998 -0.0520564 -0.00032221 -0.0304604
FixedParameters: 0 0 0

#Transform 39
Transform: AffineTransform_float_3_3
Parameters: 0.999999 0.00124517 -0.000321396 -0.00124561 0.999998 -0.00159781 0.000319329 0.00159804 0.999998 -0.0522723 -0.0138942 0.0297797
FixedParameters: 0 0 0

#Transform 40
Transform: AffineTransform_float_3_3
Parameters: 0.999999 0.00138684 -0.000213226 -0.00138804 0.999997 -0.00197994 0.000209939 0.00197996 0.999998 -0.0599263 -0.0076784 0.0554311
FixedParameters: 0 0 0

#Transform 41
Transform: AffineTransform_float_3_3
Parameters: 1 0.00119909 -0.000157019 -0.00119995 0.999996 -0.00252537 0.000154126 0.00252518 0.999997 -0.0575583 -0.0207426 -0.00368086
FixedParameters: 0 0 0

#Transform 42
Transform: AffineTransform_float_3_3
Parameters: 0.999999 0.00131803 -0.000307498 -0.00131827 0.999998 -0.00135774 0.00030583 0.00135799 0.999999 -0.0614632 -0.0126563 0.0370831
FixedParameters: 0 0 0

#Transform 43
Transform: AffineTransform_float_3_3
Parameters: 0.999999 0.00149135 -0.000246304 -0.00149255 0.999997 -0.00230877 0.00024258 0.00230976 0.999997 -0.0613176 -0.0183419 0.00683674
FixedParameters: 0 0 0

#Transform 44
Transform: AffineTransform_float_3_3
Parameters: 0.999999 0.00170263 -0.000556281 -0.00170368 0.999997 -0.00173257 0.000553243 0.00173334 0.999998 -0.064116 -0.0461619 0.0675489
FixedParameters: 0 0 0

#Transform 45
Transform: AffineTransform_float_3_3
Parameters: 0.999999 0.00177194 -0.000330976 -0.00177226 0.999996 -0.00182097 0.000327389 0.00182158 0.999999 -0.0648085 0.00793233 0.0515292
FixedParameters: 0 0 0

#Transform 46
Transform: AffineTransform_float_3_3
Parameters: 0.999999 0.00136369 -0.000205516 -0.00136382 0.999998 -0.00176908 0.000202605 0.0017699 0.999999 -0.0597157 -0.0049744 0.00974332
FixedParameters: 0 0 0

#Transform 47
Transform: AffineTransform_float_3_3
Parameters: 0.999999 0.00136358 -0.000205195 -0.00136367 0.999997 -0.00166699 0.000202561 0.00166699 0.999998 -0.0597462 -0.0239312 0.038661
FixedParameters: 0 0 0

#Transform 48
Transform: AffineTransform_float_3_3
Parameters: 0.999999 0.00129299 -0.000438089 -0.00129305 0.999997 -0.00216538 0.000435068 0.00216594 0.999997 -0.0612308 0.0007659 0.0132835
FixedParameters: 0 0 0

#Transform 49
Transform: AffineTransform_float_3_3
Parameters: 0.999999 0.00136359 -0.000205214 -0.00136368 0.999997 -0.00167299 0.000202564 0.00167299 0.999998 -0.0352787 -0.0198719 0.0521081
FixedParameters: 0 0 0

#Transform 50
Transform: AffineTransform_float_3_3
Parameters: 0.999998 0.00164543 -9.38095e-05 -0.00164525 0.999998 -0.000600972 9.27856e-05 0.000600719 1 -0.0576794 0.0440183 0.037131
FixedParameters: 0 0 0

#Transform 51
Transform: AffineTransform_float_3_3
Parameters: 0.999998 0.00171745 -6.35857e-05 -0.00171723 0.999999 -0.000617349 6.24188e-05 0.000617277 1 -0.0589952 -0.0256871 0.0139924
FixedParameters: 0 0 0

#Transform 52
Transform: AffineTransform_float_3_3
Parameters: 0.999998 0.00194409 -0.000132832 -0.00194396 0.999998 -0.000610717 0.000131409 0.000610113 1 -0.0640002 0.0157823 0.0218026
FixedParameters: 0 0 0

#Transform 53
Transform: AffineTransform_float_3_3
Parameters: 0.999998 0.00158992 -2.61986e-05 -0.00158939 0.999998 -0.00114436 2.44728e-05 0.00114471 0.999999 -0.0672836 -0.00834955 0.0230137
FixedParameters: 0 0 0

#Transform 54
Transform: AffineTransform_float_3_3
Parameters: 0.999999 0.00153076 -6.05059e-06 -0.00153144 0.999998 -0.00045441 5.9049e-06 0.000453869 1 -0.0590309 -0.0546008 0.0459807
FixedParameters: 0 0 0

#Transform 55
Transform: AffineTransform_float_3_3
Parameters: 0.999998 0.00165842 -4.62449e-05 -0.0016582 0.999999 -0.000844206 4.44008e-05 0.000844627 1 -0.0715764 0.00999802 0.0211973
FixedParameters: 0 0 0

#Transform 56
Transform: AffineTransform_float_3_3
Parameters: 0.999999 0.00170544 -6.10809e-05 -0.00170593 0.999998 -0.000988096 5.99116e-05 0.00098857 1 -0.0644314 0.00890692 0.0503242
FixedParameters: 0 0 0

#Transform 57
Transform: AffineTransform_float_3_3
Parameters: 0.999998 0.00206915 -0.000115408 -0.00206972 0.999997 -0.000843702 0.000114114 0.000843887 0.999999 -0.0717122 0.00836321 0.0501729
FixedParameters: 0 0 0

#Transform 58
Transform: AffineTransform_float_3_3
Parameters: 0.999998 0.00162135 -0.000213385 -0.00162122 0.999998 -0.0010706 0.000211825 0.00107073 1 -0.0623453 0.0437988 0.00811302
FixedParameters: 0 0 0

#Transform 59
Transform: AffineTransform_float_3_3
Parameters: 0.999999 0.00146181 0.000582669 -0.00146169 0.999999 -0.000108211 -0.000582984 0.000107337 1 -0.0556465 -0.00971214 0.0719902
FixedParameters: 0 0 0

#Transform 60
Transform: AffineTransform_float_3_3
Parameters: 0.999999 0.0014947 0.000138047 -0.00149381 0.999999 -0.00108302 -0.000139371 0.00108287 1 -0.0616047 -0.00663724 0.0231877
FixedParameters: 0 0 0

#Transform 61
Transform: AffineTransform_float_3_3
Parameters: 0.999999 0.00149044 0.000147869 -0.00148995 0.999999 -0.000664051 -0.000148894 0.000663878 0.999999 -0.0744915 0.0419806 0.00998569
FixedParameters: 0 0 0

#Transform 62
Transform: AffineTransform_float_3_3
Parameters: 0.999998 0.00163544 -3.44141e-05 -0.00163519 0.999998 -0.000641273 3.32702e-05 0.000641654 0.999999 -0.0814712 0.0331689 0.0168077
FixedParameters: 0 0 0

#Transform 63
Transform: AffineTransform_float_3_3
Parameters: 1 0.00117001 0.000205006 -0.00116976 0.999999 -0.00150456 -0.000206322 0.00150435 0.999998 -0.0574385 -0.00144719 0.0161617
FixedParameters: 0 0 0

#Transform 64
Transform: AffineTransform_float_3_3
Parameters: 0.999999 0.00134228 -0.000204818 -0.00134331 0.999998 -0.000883019 0.000203692 0.000883008 0.999999 -0.0597978 -0.0469575 0.0474403
FixedParameters: 0 0 0

#Transform 65
Transform: AffineTransform_float_3_3
Parameters: 1 0.00119805 -0.00023544 -0.00119815 0.999998 -0.00145714 0.000233861 0.00145714 0.999999 -0.0577875 0.0142797 0.0492574
FixedParameters: 0 0 0

#Transform 66
Transform: AffineTransform_float_3_3
Parameters: 0.999999 0.00149664 0.00010563 -0.00149579 0.999998 -0.00123883 -0.000107424 0.00123794 1 -0.0616646 -0.00412076 0.0478997
FixedParameters: 0 0 0

#Transform 67
Transform: AffineTransform_float_3_3
Parameters: 0.999998 0.00166187 0.000533185 -0.00166061 0.999997 -0.00152692 -0.000536049 0.00152597 0.999999 -0.0335243 0.0304435 -0.00755656
FixedParameters: 0 0 0

#Transform 68
Transform: AffineTransform_float_3_3
Parameters: 0.999999 0.00146595 0.000396906 -0.00146524 0.999996 -0.00218162 -0.000399842 0.00218127 0.999998 -0.02552 -0.00274123 -0.0651773
FixedParameters: 0 0 0

#Transform 69
Transform: AffineTransform_float_3_3
Parameters: 0.999998 0.00184933 0.000477367 -0.00184689 0.999989 -0.0043529 -0.000485572 0.00435138 0.999991 -0.0360374 -0.0154678 -0.0471681
FixedParameters: 0 0 0

#Transform 70
Transform: AffineTransform_float_3_3
Parameters: 0.999999 0.00153636 0.000885566 -0.00153384 0.999993 -0.00344019 -0.000890828 0.00343829 0.999994 -0.0317356 -0.0100284 -0.0179649
FixedParameters: 0 0 0

#Transform 71
Transform: AffineTransform_float_3_3
Parameters: 0.999998 0.00193317 0.000765637 -0.00193085 0.999995 -0.00261298 -0.000771023 0.00261111 0.999996 -0.0400091 -0.0102075 -0.00832527
FixedParameters: 0 0 0

#Transform 72
Transform: AffineTransform_float_3_3
Parameters: 0.999998 0.00183903 0.000458205 -0.0018369 0.999994 -0.00278791 -0.00046308 0.00278731 0.999996 -0.0359119 -0.0196407 -0.0419625
FixedParameters: 0 0 0

#Transform 73
Transform: AffineTransform_float_3_3
Parameters: 0.999999 0.00175265 0.000183641 -0.00175196 0.999996 -0.00205591 -0.000187685 0.00205552 0.999998 -0.0391926 -0.0577768 -0.042029
FixedParameters: 0 0 0

#Transform 74
Transform: AffineTransform_float_3_3
Parameters: 0.999998 0.00199425 0.000479763 -0.0019933 0.999996 -0.00205287 -0.000484491 0.00205204 0.999998 -0.0455113 -0.0133861 -0.0500967
FixedParameters: 0 0 0

#Transform 75
Transform: AffineTransform_float_3_3
Parameters: 0.999998 0.00204033 0.000292792 -0.00203963 0.999995 -0.00242432 -0.000298269 0.00242282 0.999997 -0.0387777 -0.0642648 -0.0446443
FixedParameters: 0 0 0

#Transform 76
Transform: AffineTransform_float_3_3
Parameters: 0.999997 0.00210821 0.000528634 -0.00210683 0.999994 -0.00261898 -0.000534007 0.00261783 0.999996 -0.039202 0.00931414 -0.00717768
FixedParameters: 0 0 0

#Transform 77
Transform: AffineTransform_float_3_3
Parameters: 0.999999 0.00173662 0.000381154 -0.00173623 0.999995 -0.00271263 -0.000385867 0.00271156 0.999996 -0.0345035 -0.0326831 0.00200865
FixedParameters: 0 0 0

#Transform 78
Transform: AffineTransform_float_3_3
Parameters: 0.999998 0.00198505 0.000308947 -0.00198425 0.999997 -0.0014145 -0.000311402 0.00141381 0.999999 -0.03752 0.042023 -0.0030331
FixedParameters: 0 0 0

#Transform 79
Transform: AffineTransform_float_3_3
Parameters: 0.999998 0.00152408 0.000534888 -0.00152346 0.999998 -0.0018153 -0.000537919 0.00181394 0.999998 -0.0272113 -0.00686891 0.0502975
FixedParameters: 0 0 0

#Transform 80
Transform: AffineTransform_float_3_3
Parameters: 0.999998 0.00159843 0.000476405 -0.00159713 0.999998 -0.00075477 -0.000476902 0.000754073 1 -0.0329028 -0.0574514 0.0471762
FixedParameters: 0 0 0

#Transform 81
Transform: AffineTransform_float_3_3
Parameters: 0.999999 0.00141359 0.000177436 -0.00141343 0.999998 -0.00148915 -0.00017944 0.00148808 0.999999 -0.0303561 0.0397762 -0.00435901
FixedParameters: 0 0 0

#Transform 82
Transform: AffineTransform_float_3_3
Parameters: 0.999999 0.00182218 6.55149e-05 -0.00182143 0.999997 -0.00124341 -6.81348e-05 0.00124343 0.999999 -0.0357574 -0.034347 0.0337689
FixedParameters: 0 0 0

#Transform 83
Transform: AffineTransform_float_3_3
Parameters: 0.999998 0.00165479 0.000507262 -0.00165424 0.999997 -0.00183621 -0.000510838 0.00183562 0.999998 -0.0333707 0.0277117 -0.00328055
FixedParameters: 0 0 0

#Transform 84
Transform: AffineTransform_float_3_3
Parameters: 0.999998 0.00193276 0.000422356 -0.00193139 0.999997 -0.00170561 -0.000425783 0.00170424 0.999999 -0.0196373 0.0106407 0.0141715
FixedParameters: 0 0 0

#Transform 85
Transform: AffineTransform_float_3_3
Parameters: 0.999998 0.00193297 0.000421871 -0.00193245 0.999996 -0.00183569 -0.000425512 0.00183515 0.999998 -0.0195497 0.0205049 0.0452872
FixedParameters: 0 0 0

#Transform 86
Transform: AffineTransform_float_3_3
Parameters: 0.999998 0.00181982 0.000457258 -0.00181869 0.999998 -0.00162491 -0.000460964 0.00162434 0.999999 -0.0102678 -0.0204969 0.00580751
FixedParameters: 0 0 0

#Transform 87
Transform: AffineTransform_float_3_3
Parameters: 0.999999 0.00168633 0.000497578 -0.00168553 0.999997 -0.00183615 -0.000500315 0.00183556 0.999998 -0.00812106 -0.00331587 0.0443823
FixedParameters: 0 0 0

#Transform 88
Transform: AffineTransform_float_3_3
Parameters: 0.999998 0.00157809 0.00030172 -0.00157705 0.999997 -0.00183548 -0.000304346 0.00183479 0.999998 -0.0121232 0.00324628 0.0226194
FixedParameters: 0 0 0

#Transform 89
Transform: AffineTransform_float_3_3
Parameters: 0.999999 0.00149605 0.00029182 -0.00149618 0.999997 -0.00203452 -0.000295408 0.00203391 0.999998 -0.0165551 0.0516088 0.0533425
FixedParameters: 0 0 0

#Transform 90
Transform: AffineTransform_float_3_3
Parameters: 0.999998 0.00176697 0.000293957 -0.00176671 0.999996 -0.00217329 -0.000298177 0.00217251 0.999998 -0.0244993 0.00290571 0.0312592
FixedParameters: 0 0 0

#Transform 91
Transform: AffineTransform_float_3_3
Parameters: 0.999998 0.00189152 0.000292287 -0.00189119 0.999997 -0.00119916 -0.000294619 0.00119832 0.999999 -0.0319775 -0.0070385 0.060221
FixedParameters: 0 0 0

#Transform 92
Transform: AffineTransform_float_3_3
Parameters: 0.999998 0.00159315 4.50819e-05 -0.00159273 0.999996 -0.0021566 -4.78326e-05 0.00215672 0.999997 -0.0410134 -0.0420046 -0.0498343
FixedParameters: 0 0 0

#Transform 93
Transform: AffineTransform_float_3_3
Parameters: 0.999996 0.0026602 -0.000993032 -0.00265991 0.999996 0.00121962 0.000995969 -0.00121738 0.999999 -0.0680533 -0.0789905 0.0460915
FixedParameters: 0 0 0

#Transform 94
Transform: AffineTransform_float_3_3
Parameters: 0.999997 0.00247167 -0.000196819 -0.0024716 0.999997 0.000184906 0.000197724 -0.000184775 1 -0.0410731 -0.0154702 0.0543981
FixedParameters: 0 0 0

#Transform 95
Transform: AffineTransform_float_3_3
Parameters: 0.999997 0.00247091 -0.000193617 -0.00247112 0.999996 0.000937093 0.000196326 -0.000935582 1 -0.0656889 0.0412749 0.106659
FixedParameters: 0 0 0

#Transform 96
Transform: AffineTransform_float_3_3
Parameters: 0.999997 0.00235842 -0.00056419 -0.00235802 0.999997 0.000866275 0.00056635 -0.000864449 0.999999 -0.0631271 0.0150563 0.0205399
FixedParameters: 0 0 0

#Transform 97
Transform: AffineTransform_float_3_3
Parameters: 0.999998 0.00181364 -0.000535453 -0.00181258 0.999996 0.00180185 0.000539114 -0.00180046 0.999999 -0.0601788 0.049265 -0.00791244
FixedParameters: 0 0 0

#Transform 98
Transform: AffineTransform_float_3_3
Parameters: 0.999998 0.00174071 -0.000777747 -0.00173993 0.999997 0.00148438 0.000781286 -0.00148361 0.999999 -0.0487005 0.139748 0.0529302
FixedParameters: 0 0 0

#Transform 99
Transform: AffineTransform_float_3_3
Parameters: 0.999998 0.00158631 -0.000518032 -0.00158659 0.999998 -0.000262616 0.000517194 0.0002637 1 -0.0383383 0.0238315 0.0888708
FixedParameters: 0 0 0

#Transform 100
Transform: AffineTransform_float_3_3
Parameters: 0.999999 0.00175932 -0.000570239 -0.00175941 0.999999 -8.341e-05 0.000569938 8.43e-05 1 -0.0463107 -0.0198499 0.0510803
FixedParameters: 0 0 0

#Transform 101
Transform: AffineTransform_float_3_3
Parameters: 0.999999 0.00177803 -0.000496783 -0.00177949 0.999995 -0.00267238 0.000491104 0.00267357 0.999997 -0.0322969 -0.0162125 0.00991904
FixedParameters: 0 0 0

#Transform 102
Transform: AffineTransform_float_3_3
Parameters: 0.999998 0.00232436 -0.000214509 -0.00232675 0.999926 -0.0119031 0.000186882 0.0119036 0.999929 -0.0443994 -0.124805 -0.108036
FixedParameters: 0 0 0

#Transform 103
Transform: AffineTransform_float_3_3
Parameters: 0.999997 0.00250175 0.000383521 -0.00249839 0.999968 -0.0075645 -0.000402686 0.00756388 0.999971 -0.0411187 -0.176704 -0.049109
FixedParameters: 0 0 0

#Transform 104
Transform: AffineTransform_float_3_3
Parameters: 0.999997 0.00220597 0.000860632 -0.00220011 0.999975 -0.00666127 -0.000874576 0.00665853 0.999977 -0.0291294 -0.0991721 -0.0346201
FixedParameters: 0 0 0

#Transform 105
Transform: AffineTransform_float_3_3
Parameters: 0.999998 0.00214037 0.000730122 -0.00213628 0.999981 -0.00575686 -0.000741849 0.00575562 0.999983 -0.0160217 -0.122271 -0.0038679
FixedParameters: 0 0 0

#Transform 106
Transform: AffineTransform_float_3_3
Parameters: 0.999997 0.00226584 0.00112854 -0.00225908 0.999979 -0.00616514 -0.00114266 0.00616248 0.999981 -0.0209545 -0.0796718 -0.0284806
FixedParameters: 0 0 0

#Transform 107
Transform: AffineTransform_float_3_3
Parameters: 0.999998 0.00215004 0.000746383 -0.00214485 0.999972 -0.00720585 -0.000761917 0.00720369 0.999974 -0.0161491 -0.10058 -0.0471132
FixedParameters: 0 0 0

#Transform 108
Transform: AffineTransform_float_3_3
Parameters: 0.999997 0.00221795 0.0009808 -0.00221247 0.999982 -0.00562883 -0.000993507 0.00562637 0.999984 -0.0171641 -0.103676 -0.085679
FixedParameters: 0 0 0

#Transform 109
Transform: AffineTransform_float_3_3
Parameters: 0.999998 0.00217794 0.000844075 -0.00217209 0.999977 -0.00639702 -0.000857749 0.00639579 0.99998 -0.0164761 -0.0973594 -0.0271267
FixedParameters: 0 0 0

#Transform 110
Transform: AffineTransform_float_3_3
Parameters: 0.999997 0.00226801 0.00113802 -0.00226164 0.99998 -0.00594726 -0.00115118 0.00594538 0.999981 -0.0177733 -0.159466 -0.00296905
FixedParameters: 0 0 0

#Transform 111
Transform: AffineTransform_float_3_3
Parameters: 0.999997 0.00219444 0.000908462 -0.00218938 0.999984 -0.00533054 -0.000919897 0.00532845 0.999985 -0.0166286 -0.0700774 -0.0307118
FixedParameters: 0 0 0

#Transform 112
Transform: AffineTransform_float_3_3
Parameters: 0.999998 0.00199335 0.000722982 -0.00199121 0.999995 -0.00263379 -0.000728767 0.00263199 0.999996 -0.00851147 0.0344575 -0.199754
FixedParameters: 0 0 0

#Transform 113
Transform: AffineTransform_float_3_3
Parameters: 0.999995 0.00256899 0.00213908 -0.00256114 0.99999 -0.00365183 -0.00214912 0.00364664 0.999991 0.0388765 0.0531125 -0.679988
FixedParameters: 0 0 0

#Transform 114
Transform: AffineTransform_float_3_3
Parameters: 0.999995 0.00236026 0.00208308 -0.00235147 0.999988 -0.0043596 -0.00209339 0.00435419 0.999988 0.0313059 -0.0493764 -0.580349
FixedParameters: 0 0 0

#Transform 115
Transform: AffineTransform_float_3_3
Parameters: 0.999995 0.00214941 0.00231148 -0.00213876 0.999986 -0.00480475 -0.00232221 0.00480036 0.999986 0.0443775 -0.0728612 -0.474361
FixedParameters: 0 0 0

#Transform 116
Transform: AffineTransform_float_3_3
Parameters: 0.999996 0.0021031 0.0021846 -0.00209583 0.999992 -0.00329247 -0.00219099 0.00328828 0.999992 0.0645266 -0.0583523 -0.473815
FixedParameters: 0 0 0

#Transform 117
Transform: AffineTransform_float_3_3
Parameters: 0.999995 0.00214128 0.00202355 -0.00213414 0.999991 -0.00351988 -0.00203116 0.00351621 0.999992 0.0639256 -0.0276356 -0.458218
FixedParameters: 0 0 0

#Transform 118
Transform: AffineTransform_float_3_3
Parameters: 0.999994 0.00219421 0.00246711 -0.00218463 0.999989 -0.00409741 -0.00247548 0.00409214 0.999989 0.0632406 -0.0467479 -0.505523
FixedParameters: 0 0 0

#Transform 119
Transform: AffineTransform_float_3_3
Parameters: 0.999996 0.00210077 0.00215359 -0.00209103 0.999986 -0.00487856 -0.00216323 0.00487311 0.999986 0.0542273 0.0294797 -0.52823
FixedParameters: 0 0 0

#Transform 120
Transform: AffineTransform_float_3_3
Parameters: 0.999996 0.00211446 0.00188026 -0.00210655 0.999989 -0.00416659 -0.00188916 0.00416306 0.99999 0.0497032 0.00534203 -0.526703
FixedParameters: 0 0 0

#Transform 121
Transform: AffineTransform_float_3_3
Parameters: 0.999996 0.00252875 0.0012323 -0.0025249 0.999991 -0.00342963 -0.00124088 0.00342669 0.999994 0.0185794 -0.0608155 -0.288279
FixedParameters: 0 0 0

#Transform 122
Transform: AffineTransform_float_3_3
Parameters: 0.999995 0.00254049 0.00181966 -0.00253258 0.999988 -0.0041427 -0.00183008 0.0041387 0.99999 0.0235949 0.0158131 -0.4143
FixedParameters: 0 0 0

#Transform 123
Transform: AffineTransform_float_3_3
Parameters: 0.999996 0.00242644 0.00147638 -0.00242264 0.999995 -0.00218137 -0.00148195 0.00217806 0.999997 0.0264881 -0.0501978 -0.175024
FixedParameters: 0 0 0

#Transform 124
Transform: AffineTransform_float_3_3
Parameters: 0.999997 0.00197195 0.00140605 -0.00196863 0.999994 -0.0027989 -0.00141148 0.00279639 0.999995 0.0245053 0.0499833 -0.264853
FixedParameters: 0 0 0

#Transform 125
Transform: AffineTransform_float_3_3
Parameters: 0.999997 0.00198889 0.00147673 -0.00198661 0.999997 -0.00154316 -0.00148007 0.00154032 0.999998 0.0194217 0.0117975 -0.227603
FixedParameters: 0 0 0

#Transform 126
Transform: AffineTransform_float_3_3
Parameters: 0.999997 0.00195487 0.00135893 -0.00195208 0.999996 -0.00210871 -0.00136312 0.00210644 0.999997 0.019981 0.0391923 -0.227082
FixedParameters: 0 0 0

#Transform 127
Transform: AffineTransform_float_3_3
Parameters: 0.999997 0.00197124 0.00140707 -0.00196801 0.999995 -0.0025269 -0.00141268 0.00252439 0.999996 0.0195798 0.00518184 -0.246726
FixedParameters: 0 0 0

#Transform 128
Transform: AffineTransform_float_3_3
Parameters: 0.999998 0.00174493 0.00147649 -0.00174113 0.999995 -0.00260601 -0.00148124 0.00260307 0.999995 0.0228311 0.0416141 -0.168361
FixedParameters: 0 0 0

#Transform 129
Transform: AffineTransform_float_3_3
Parameters: 0.999998 0.00174937 0.0014745 -0.00174489 0.999995 -0.00283601 -0.00148007 0.00283306 0.999995 0.022593 0.0425485 -0.235625
FixedParameters: 0 0 0

#Transform 130
Transform: AffineTransform_float_3_3
Parameters: 0.999998 0.00193074 0.00127644 -0.0019281 0.999995 -0.0024424 -0.00128057 0.00244051 0.999996 0.0201468 -0.0370165 -0.178367
FixedParameters: 0 0 0

#Transform 131
Transform: AffineTransform_float_3_3
Parameters: 0.999998 0.00174658 0.0011834 -0.00174248 0.999994 -0.00284526 -0.00118832 0.00284277 0.999995 0.022448 0.0227318 -0.216873
FixedParameters: 0 0 0

#Transform 132
Transform: AffineTransform_float_3_3
Parameters: 0.999998 0.0017395 0.0011577 -0.00173594 0.999994 -0.00308617 -0.00116313 0.00308379 0.999995 0.0225935 0.0274933 -0.216095
FixedParameters: 0 0 0

#Transform 133
Transform: AffineTransform_float_3_3
Parameters: 0.999998 0.00191423 0.00122297 -0.00191219 0.999995 -0.00242648 -0.00122792 0.00242428 0.999996 0.0203227 6.87715e-05 -0.236241
FixedParameters: 0 0 0

#Transform 134
Transform: AffineTransform_float_3_3
Parameters: 0.999997 0.00189069 0.00145492 -0.00188698 0.999995 -0.00250905 -0.0014591 0.00250659 0.999996 0.0207486 0.00910362 -0.207483
FixedParameters: 0 0 0

#Transform 135
Transform: AffineTransform_float_3_3
Parameters: 0.999996 0.00204689 0.00164045 -0.00204163 0.999992 -0.00348081 -0.00164754 0.00347713 0.999992 0.0186953 0.0163709 -0.262484
FixedParameters: 0 0 0

#Transform 136
Transform: AffineTransform_float_3_3
Parameters: 0.999997 0.00198455 0.00144997 -0.00198073 0.999994 -0.00255606 -0.00145481 0.00255334 0.999995 0.0195618 0.00548478 -0.220113
FixedParameters: 0 0 0

#Transform 137
Transform: AffineTransform_float_3_3
Parameters: 0.999998 0.00191759 0.00122207 -0.00191342 0.999992 -0.00344448 -0.00122872 0.00344227 0.999993 0.0399007 -0.0179853 -0.24566
FixedParameters: 0 0 0

#Transform 138
Transform: AffineTransform_float_3_3
Parameters: 0.999997 0.00196302 0.00137753 -0.00195996 0.999994 -0.00275879 -0.00138276 0.00275642 0.999996 0.0284934 -0.00650428 -0.261481
FixedParameters: 0 0 0

#Transform 139
Transform: AffineTransform_float_3_3
Parameters: 0.999997 0.00204203 0.00130714 -0.00203815 0.999993 -0.00310745 -0.00131326 0.00310431 0.999995 0.0298096 0.0275687 -0.221188
FixedParameters: 0 0 0

#Transform 140
Transform: AffineTransform_float_3_3
Parameters: 0.999997 0.00196929 0.00156387 -0.00196335 0.99999 -0.00386521 -0.00157193 0.00386265 0.999992 0.0188497 0.0107725 -0.261203
FixedParameters: 0 0 0

#Transform 141
Transform: AffineTransform_float_3_3
Parameters: 0.999997 0.00197888 0.00142504 -0.00197434 0.999994 -0.00308397 -0.00143068 0.00308137 0.999995 0.0164919 0.00726468 -0.198328
FixedParameters: 0 0 0

#Transform 142
Transform: AffineTransform_float_3_3
Parameters: 0.999997 0.00201241 0.00152316 -0.00200631 0.999991 -0.00392236 -0.00153082 0.00391926 0.999991 0.0209505 0.00052616 -0.252768
FixedParameters: 0 0 0

#Transform 143
Transform: AffineTransform_float_3_3
Parameters: 0.999997 0.00195558 0.00134959 -0.00195154 0.999994 -0.00307296 -0.00135505 0.00307016 0.999994 0.0179584 0.0440964 -0.25735
FixedParameters: 0 0 0

#Transform 144
Transform: AffineTransform_float_3_3
Parameters: 0.999996 0.00202248 0.00156105 -0.00201768 0.999992 -0.0035055 -0.00156807 0.00350222 0.999992 0.0229662 0.0301551 -0.231801
FixedParameters: 0 0 0

#Transform 145
Transform: AffineTransform_float_3_3
Parameters: 0.999995 0.00218398 0.00237721 -0.0021773 0.999993 -0.00296704 -0.00238367 0.00296221 0.999993 0.056183 0.0356028 -0.576925
FixedParameters: 0 0 0

#Transform 146
Transform: AffineTransform_float_3_3
Parameters: 0.999989 0.0024058 0.00415208 -0.00238671 0.999987 -0.00442485 -0.00416261 0.00441522 0.999982 0.0874595 -0.00611813 -0.934096
FixedParameters: 0 0 0

#Transform 147
Transform: AffineTransform_float_3_3
Parameters: 0.999987 0.00292086 0.00423621 -0.00289929 0.999983 -0.00519904 -0.00425115 0.00518712 0.999978 0.0810145 -0.0204847 -0.898739
FixedParameters: 0 0 0

#Transform 148
Transform: AffineTransform_float_3_3
Parameters: 0.999996 0.00178669 0.00219438 -0.00178285 0.999997 -0.00161311 -0.00219704 0.00160943 0.999996 0.0459132 -0.0204516 -0.294915
FixedParameters: 0 0 0

#Transform 149
Transform: AffineTransform_float_3_3
Parameters: 0.999995 0.00183706 0.00234131 -0.00182998 0.999994 -0.00275241 -0.00234647 0.00274854 0.999994 0.0443931 0.0133854 -0.55083
FixedParameters: 0 0 0

#Transform 150
Transform: AffineTransform_float_3_3
Parameters: 0.99999 0.00237329 0.00363996 -0.0023532 0.999982 -0.00552948 -0.00365358 0.00552086 0.999978 0.0581265 -0.0210957 -0.894421
FixedParameters: 0 0 0

#Transform 151
Transform: AffineTransform_float_3_3
Parameters: 0.999993 0.00202083 0.00299222 -0.00200949 0.99999 -0.00393263 -0.00300012 0.00392722 0.999988 0.0581358 -0.0119114 -0.537942
FixedParameters: 0 0 0

#Transform 152
Transform: AffineTransform_float_3_3
Parameters: 0.999996 0.00189313 0.00240396 -0.00188515 0.999994 -0.00300571 -0.00240913 0.00300133 0.999993 0.0545791 0.0112219 -0.398517
FixedParameters: 0 0 0

#Transform 153
Transform: AffineTransform_float_3_3
Parameters: 0.999995 0.00199921 0.00237126 -0.00199238 0.999993 -0.00300571 -0.00237678 0.00300096 0.999993 0.0483755 0.0354985 -0.392345
FixedParameters: 0 0 0

#Transform 154
Transform: AffineTransform_float_3_3
Parameters: 0.999995 0.00199643 0.0023742 -0.00199071 0.999996 -0.0022288 -0.00237845 0.00222488 0.999995 0.0596736 0.0277106 -0.265285
FixedParameters: 0 0 0

#Transform 155
Transform: AffineTransform_float_3_3
Parameters: 0.999996 0.00190783 0.00208152 -0.00190212 0.999995 -0.00253709 -0.00208655 0.00253275 0.999994 0.0605186 0.0106813 -0.306903
FixedParameters: 0 0 0

#Transform 156
Transform: AffineTransform_float_3_3
Parameters: 0.999996 0.0018909 0.00203755 -0.00188697 0.999997 -0.00175872 -0.0020411 0.00175601 0.999996 0.0606912 -0.00385663 -0.281599
FixedParameters: 0 0 0

#Transform 157
Transform: AffineTransform_float_3_3
Parameters: 0.999995 0.00192515 0.00269194 -0.00191391 0.999991 -0.00399482 -0.00269991 0.00398919 0.999989 0.0496474 0.0558117 -0.33619
FixedParameters: 0 0 0

#Transform 158
Transform: AffineTransform_float_3_3
Parameters: 0.999996 0.00196434 0.00224969 -0.00195665 0.999992 -0.0035705 -0.00225692 0.00356582 0.999991 0.0571005 -0.00844201 -0.341348
FixedParameters: 0 0 0

#Transform 159
Transform: AffineTransform_float_3_3
Parameters: 0.999994 0.00204839 0.00252961 -0.00204051 0.999993 -0.00308146 -0.00253668 0.00307665 0.999992 0.0500089 0.0586681 -0.281215
FixedParameters: 0 0 0

#Transform 160
Transform: AffineTransform_float_3_3
Parameters: 0.999995 0.00206489 0.00236952 -0.00205664 0.999992 -0.00350706 -0.0023772 0.00350144 0.999991 0.0454019 0.0141043 -0.287682
FixedParameters: 0 0 0

#Transform 161
Transform: AffineTransform_float_3_3
Parameters: 0.999995 0.00232964 0.00183681 -0.00232453 0.999993 -0.00281063 -0.00184304 0.00280733 0.999994 0.036873 0.0579481 -0.29377
FixedParameters: 0 0 0

#Transform 162
Transform: AffineTransform_float_3_3
Parameters: 0.999995 0.00201686 0.00235623 -0.0020101 0.999994 -0.00307104 -0.00236307 0.00306653 0.999993 0.0303943 0.0653826 -0.262282
FixedParameters: 0 0 0

#Transform 163
Transform: AffineTransform_float_3_3
Parameters: 0.999996 0.00192932 0.00207503 -0.00192317 0.999994 -0.00288009 -0.00208119 0.00287569 0.999993 0.0279846 -0.0207376 -0.261578
FixedParameters: 0 0 0

#Transform 164
Transform: AffineTransform_float_3_3
Parameters: 0.999997 0.001894 0.0019733 -0.00189047 0.999997 -0.00195668 -0.00197732 0.00195281 0.999996 0.0358371 0.047903 -0.278866
FixedParameters: 0 0 0

#Transform 165
Transform: AffineTransform_float_3_3
Parameters: 0.999997 0.00189683 0.00197002 -0.00189141 0.999994 -0.00284868 -0.00197588 0.0028448 0.999994 0.0355213 0.0736359 -0.27739
FixedParameters: 0 0 0

#Transform 166
Transform: AffineTransform_float_3_3
Parameters: 0.999997 0.00185056 0.00201746 -0.00184508 0.999995 -0.00256281 -0.0020223 0.00255895 0.999994 0.0414339 0.0737231 -0.305221
FixedParameters: 0 0 0

#Transform 167
Transform: AffineTransform_float_3_3
Parameters: 0.999996 0.00200177 0.00226026 -0.00199596 0.999995 -0.00236129 -0.00226506 0.00235697 0.999995 0.0347981 0.054456 -0.262599
FixedParameters: 0 0 0

#Transform 168
Transform: AffineTransform_float_3_3
Parameters: 0.999997 0.00165002 0.00207234 -0.00164536 0.999996 -0.00236647 -0.00207646 0.00236297 0.999995 0.0357125 0.0298868 -0.264037
FixedParameters: 0 0 0

#Transform 169
Transform: AffineTransform_float_3_3
Parameters: 0.999997 0.00185197 0.00198052 -0.00184773 0.999996 -0.00212867 -0.00198501 0.00212494 0.999996 0.0365704 0.0123832 -0.232108
FixedParameters: 0 0 0

#Transform 170
Transform: AffineTransform_float_3_3
Parameters: 0.999997 0.00164086 0.00190526 -0.00163539 0.999995 -0.00295626 -0.00191001 0.00295361 0.999994 0.0339263 0.0519421 -0.290077
FixedParameters: 0 0 0

#Transform 171
Transform: AffineTransform_float_3_3
Parameters: 0.999996 0.00184467 0.00213279 -0.00184049 0.999996 -0.00196485 -0.00213664 0.00196032 0.999996 0.0329492 0.00338536 -0.231864
FixedParameters: 0 0 0

#Transform 172
Transform: AffineTransform_float_3_3
Parameters: 0.999995 0.00170917 0.00237187 -0.00170058 0.999993 -0.00337565 -0.00237691 0.00337172 0.999991 0.0406584 0.0249694 -0.273777
FixedParameters: 0 0 0

#Transform 173
Transform: AffineTransform_float_3_3
Parameters: 0.999996 0.00169787 0.00196465 -0.00169435 0.999998 -0.0014765 -0.00196686 0.00147343 0.999997 0.0377436 0.0226851 -0.217973
FixedParameters: 0 0 0

#Transform 174
Transform: AffineTransform_float_3_3
Parameters: 0.999996 0.00154171 0.00207673 -0.00153583 0.999995 -0.00265467 -0.00208122 0.00265105 0.999994 0.0450515 0.0331575 -0.270572
FixedParameters: 0 0 0

#Transform 175
Transform: AffineTransform_float_3_3
Parameters: 0.999996 0.00178158 0.0020998 -0.0017782 0.999997 -0.00157768 -0.00210233 0.00157353 0.999997 0.0334042 0.0688872 -0.257815
FixedParameters: 0 0 0

#Transform 176
Transform: AffineTransform_float_3_3
Parameters: 0.999997 0.00180346 0.00201063 -0.00179833 0.999995 -0.00231747 -0.00201559 0.00231438 0.999995 0.0313616 0.0835002 -0.252524
FixedParameters: 0 0 0

#Transform 177
Transform: AffineTransform_float_3_3
Parameters: 0.999996 0.00183706 0.00203123 -0.00183246 0.999996 -0.00209185 -0.00203456 0.00208799 0.999995 0.0328965 0.0205768 -0.218412
FixedParameters: 0 0 0

#Transform 178
Transform: AffineTransform_float_3_3
Parameters: 0.999995 0.00170391 0.00260939 -0.00169806 0.999996 -0.00229211 -0.00261321 0.00228712 0.999994 0.0347202 0.0713926 -0.241938
FixedParameters: 0 0 0

#Transform 179
Transform: AffineTransform_float_3_3
Parameters: 0.999996 0.00193654 0.00215735 -0.00193126 0.999995 -0.00256812 -0.00216236 0.00256393 0.999995 0.0354005 0.0263686 -0.298091
FixedParameters: 0 0 0

#Transform 180
Transform: AffineTransform_float_3_3
Parameters: 0.999996 0.00175162 0.00222101 -0.00174834 0.999998 -0.00153516 -0.00222425 0.00153155 0.999997 0.0374529 0.0441344 -0.227504
FixedParameters: 0 0 0

#Transform 181
Transform: AffineTransform_float_3_3
Parameters: 0.999996 0.00191616 0.00211896 -0.0019123 0.999996 -0.00205724 -0.0021222 0.00205272 0.999995 0.0316205 -0.0230596 -0.269608
FixedParameters: 0 0 0

#Transform 182
Transform: AffineTransform_float_3_3
Parameters: 0.999996 0.00165711 0.00197954 -0.00165185 0.999995 -0.00262552 -0.00198455 0.00262257 0.999994 0.0410203 0.0143178 -0.253296
FixedParameters: 0 0 0

#Transform 183
Transform: AffineTransform_float_3_3
Parameters: 0.999997 0.00170189 0.00212264 -0.00169471 0.999993 -0.00350406 -0.00212902 0.00350044 0.999991 0.043835 0.00669306 -0.276735
FixedParameters: 0 0 0

#Transform 184
Transform: AffineTransform_float_3_3
Parameters: 0.999997 0.00151675 0.00161193 -0.00151225 0.999995 -0.0028984 -0.00161607 0.00289572 0.999994 0.0360275 -0.00596314 -0.298302
FixedParameters: 0 0 0

#Transform 185
Transform: AffineTransform_float_3_3
Parameters: 0.999997 0.00151525 0.00161368 -0.00151151 0.999996 -0.00236712 -0.00161651 0.002365 0.999996 0.0412793 0.0363745 -0.271722
FixedParameters: 0 0 0

#Transform 186
Transform: AffineTransform_float_3_3
Parameters: 0.999997 0.00164887 0.0018614 -0.00164188 0.999992 -0.00360911 -0.00186709 0.00360658 0.999991 0.0370451 -0.0181255 -0.330462
FixedParameters: 0 0 0

#Transform 187
Transform: AffineTransform_float_3_3
Parameters: 0.999998 0.00173904 0.00154474 -0.00173548 0.999996 -0.00241133 -0.00154878 0.002409 0.999996 0.0341752 0.00125779 -0.250827
FixedParameters: 0 0 0

#Transform 188
Transform: AffineTransform_float_3_3
