#Insight Transform File V1.0
#Transform 0
Transform: AffineTransform_float_3_3
Parameters: 0.999998 -0.000198478 -0.00155978 0.00020383 0.999994 0.00329595 0.00155875 -0.0032964 0.999994 -0.0046889 -0.0435578 0.27235
FixedParameters: 0 0 0

#Transform 1
Transform: AffineTransform_float_3_3
Parameters: 0.999997 0.000464889 -0.00228775 -0.000449857 0.999978 0.00668945 0.00229079 -0.00668811 0.999975 -0.0434155 0.113704 -0.0251672
FixedParameters: 0 0 0

#Transform 2
Transform: AffineTransform_float_3_3
Parameters: 0.999999 1.51968e-05 -0.0017803 -1.14074e-05 0.999998 0.00221008 0.00178046 -0.00221039 0.999996 -0.0296644 0.0136581 0.00319049
FixedParameters: 0 0 0

#Transform 3
Transform: AffineTransform_float_3_3
Parameters: 0.999998 9.13621e-05 -0.00194706 -8.48102e-05 0.999994 0.00327607 0.00194726 -0.00327639 0.999993 -0.0217632 0.0496653 0.0336911
FixedParameters: 0 0 0

#Transform 4
Transform: AffineTransform_float_3_3
Parameters: 0.999997 -0.000146621 -0.00235755 0.000153531 0.999995 0.00294183 0.00235757 -0.0029427 0.999993 -0.0207698 0.0339059 0.0527651
FixedParameters: 0 0 0

#Transform 5
Transform: AffineTransform_float_3_3
Parameters: 0.999998 0.000166921 -0.00184554 -0.000160862 0.999994 0.0033889 0.00184533 -0.00338865 0.999992 -0.0110069 -0.014474 0.0567136
FixedParameters: 0 0 0

#Transform 6
Transform: AffineTransform_float_3_3
Parameters: 0.999999 -4.0726e-06 -0.00183297 7.57358e-06 0.999999 0.00181722 0.0018328 -0.00181757 0.999997 -0.00166717 -0.0123648 0.000390715
FixedParameters: 0 0 0

#Transform 7
Transform: AffineTransform_float_3_3
Parameters: 0.999999 0.00016449 -0.00175015 -0.000163085 1 0.00076835 0.00174972 -0.000768076 0.999999 0.000153127 0.0221251 -0.032905
FixedParameters: 0 0 0

#Transform 8
Transform: AffineTransform_float_3_3
Parameters: 0.999998 -2.16221e-05 -0.00161881 2.28721e-05 0.999999 0.000696264 0.00161904 -0.000696106 0.999999 -0.0160267 0.0566273 -0.0163992
FixedParameters: 0 0 0

#Transform 9
Transform: AffineTransform_float_3_3
Parameters: 0.999999 -0.00016403 -0.00136143 0.000165111 0.999999 0.000764706 0.00136148 -0.00076463 0.999998 -0.0145429 -0.0274261 0.0588394
FixedParameters: 0 0 0

#Transform 10
Transform: AffineTransform_float_3_3
Parameters: 1 -0.000253656 -0.00103586 0.000254228 0.999999 0.000759601 0.00103577 -0.000759603 0.999999 -0.0114324 -0.0397061 0.0688324
FixedParameters: 0 0 0

#Transform 11
Transform: AffineTransform_float_3_3
Parameters: 0.999999 -0.000330284 -0.00126062 0.000329315 1 -0.000367495 0.00126087 0.000367206 0.999999 -0.00620789 0.0442123 0.0381184
FixedParameters: 0 0 0

#Transform 12
Transform: AffineTransform_float_3_3
Parameters: 0.999999 -0.000147973 -0.00131895 0.000146472 0.999999 -0.00055359 0.0013191 0.000552906 0.999999 -0.0100553 -0.0674317 0.078121
FixedParameters: 0 0 0

#Transform 13
Transform: AffineTransform_float_3_3
Parameters: 1 -0.00013799 -0.000570055 0.000136951 0.999999 -0.00181873 0.000570218 0.00181859 0.999998 -0.00155801 -0.0394772 0.0502977
FixedParameters: 0 0 0

#Transform 14
Transform: AffineTransform_float_3_3
Parameters: 0.999998 0.00162176 0.00121812 -0.00163122 0.999972 0.00733371 -0.00120541 -0.00733566 0.999972 -0.0191248 0.0428306 0.16697
FixedParameters: 0 0 0

#Transform 15
Transform: AffineTransform_float_3_3
Parameters: 1 0.000440504 -2.08444e-05 -0.000440629 0.999998 0.001928 2.15306e-05 -0.00192797 0.999998 -0.013454 -0.000186838 0.0121447
FixedParameters: 0 0 0

#Transform 16
Transform: AffineTransform_float_3_3
Parameters: 1 3.12873e-05 0.000132804 -3.15846e-05 0.999999 0.00126436 -0.000132751 -0.00126437 0.999999 -0.0169239 0.0729072 0.0321023
FixedParameters: 0 0 0

#Transform 17
Transform: AffineTransform_float_3_3
Parameters: 1 7.52018e-05 0.000298688 -7.55682e-05 1 0.000613374 -0.000298595 -0.000613419 1 -0.012172 -0.0455756 0.0309198
FixedParameters: 0 0 0

#Transform 18
Transform: AffineTransform_float_3_3
Parameters: 0.999999 0.000177257 0.000878241 -0.000179055 1 0.00104581 -0.000877895 -0.00104612 0.999999 -0.0145873 -0.0568695 0.0306449
FixedParameters: 0 0 0

#Transform 19
Transform: AffineTransform_float_3_3
Parameters: 1 9.71079e-06 8.57672e-05 -9.75681e-06 1 0.000268289 -8.5762e-05 -0.000268291 1 -0.0268233 0.0316218 0.00685907
FixedParameters: 0 0 0

#Transform 20
Transform: AffineTransform_float_3_3
Parameters: 1 -5.11505e-05 -0.000120383 5.12162e-05 1 0.000273081 0.000120355 -0.000273093 1 0.00329296 -0.0112491 0.00738019
FixedParameters: 0 0 0

#Transform 21
Transform: AffineTransform_float_3_3
Parameters: 1 -5.42952e-05 -0.000157389 5.47249e-05 0.999999 0.0012431 0.000157227 -0.00124312 0.999999 0.0198334 -0.0155388 0.0159691
FixedParameters: 0 0 0

#Transform 22
Transform: AffineTransform_float_3_3
Parameters: 1 0.000346351 -0.000285737 -0.000345894 0.999999 0.000800149 0.000286291 -0.000799951 0.999999 0.00144906 0.0200953 0.0260974
FixedParameters: 0 0 0

#Transform 23
Transform: AffineTransform_float_3_3
Parameters: 1 0.000388871 -0.000143351 -0.000388906 0.999999 0.000868802 0.000143068 -0.000868676 0.999999 -0.0025044 -0.0536623 0.043103
FixedParameters: 0 0 0

#Transform 24
Transform: AffineTransform_float_3_3
Parameters: 1 0.000241085 -0.000249396 -0.00024053 1 0.00102563 0.000249878 -0.00102605 0.999999 0.00181582 -0.00272491 0.0165382
FixedParameters: 0 0 0

#Transform 25
Transform: AffineTransform_float_3_3
Parameters: 1 -0.00014123 0.000232004 0.000141948 1 0.000516626 -0.000232434 -0.000516542 1 0.000102122 0.0303879 -0.00667015
FixedParameters: 0 0 0

#Transform 26
Transform: AffineTransform_float_3_3
Parameters: 1 -0.00111689 0.000128939 0.00111717 1 5.4513e-05 -0.000128088 -5.47843e-05 1 0.00364091 0.00649257 0.00785139
FixedParameters: 0 0 0

#Transform 27
Transform: AffineTransform_float_3_3
Parameters: 1 3.06305e-05 -0.000259124 -3.044e-05 1 0.000367689 0.000259146 -0.000367674 1 -0.00724991 -0.00693858 0.0138887
FixedParameters: 0 0 0

#Transform 28
Transform: AffineTransform_float_3_3
Parameters: 1 4.50465e-05 -0.000208562 -4.49199e-05 1 0.000303504 0.000208589 -0.000303485 1 -0.0275824 -0.0178009 0.0162462
FixedParameters: 0 0 0

#Transform 29
Transform: AffineTransform_float_3_3
Parameters: 0.999999 -0.000649554 0.000495969 0.000649624 1 -7.04658e-05 -0.000495877 7.11101e-05 1 -0.0612566 0.0167526 -0.00993516
FixedParameters: 0 0 0

#Transform 30
Transform: AffineTransform_float_3_3
Parameters: 0.999999 -0.000125996 0.000783417 0.00012668 1 -0.000436405 -0.000783306 0.000436603 0.999999 -0.0603711 0.013131 -0.0341533
FixedParameters: 0 0 0

#Transform 31
Transform: AffineTransform_float_3_3
Parameters: 1 -0.00019351 0.000565581 0.000194466 0.999999 -0.000845393 -0.000565253 0.000845613 0.999999 -0.0506049 -0.0271415 -0.0237245
FixedParameters: 0 0 0

#Transform 32
Transform: AffineTransform_float_3_3
Parameters: 0.999999 -0.000310569 0.0012481 0.000311559 1 -0.000893702 -0.00124822 0.000894475 0.999999 -0.0661652 -0.0299685 -0.0361998
FixedParameters: 0 0 0

#Transform 33
Transform: AffineTransform_float_3_3
Parameters: 0.999999 -0.000445332 0.000827126 0.000445673 1 -0.000376644 -0.000827748 0.000377396 0.999999 -0.0512225 -0.00915968 -0.0165568
FixedParameters: 0 0 0

#Transform 34
Transform: AffineTransform_float_3_3
Parameters: 0.999999 -0.000414211 0.00080845 0.00041521 0.999999 -0.000794495 -0.000808787 0.000794885 1 -0.0455457 0.056471 -0.048751
FixedParameters: 0 0 0

#Transform 35
Transform: AffineTransform_float_3_3
Parameters: 1 -0.000532964 0.000838818 0.000534375 1 -0.00100977 -0.000838698 0.00101068 0.999999 -0.0581437 -0.0226171 -0.00575857
FixedParameters: 0 0 0

#Transform 36
Transform: AffineTransform_float_3_3
Parameters: 0.999999 -0.000398164 0.00127965 0.000399181 0.999999 -0.000413511 -0.00127933 0.000414235 0.999999 -0.0735571 0.0261318 -0.0250491
FixedParameters: 0 0 0

#Transform 37
Transform: AffineTransform_float_3_3
Parameters: 0.999999 -0.000366556 0.00139498 0.000367565 1 -0.000806546 -0.00139509 0.000806727 0.999999 -0.0757117 0.00778071 -0.037581
FixedParameters: 0 0 0

#Transform 38
Transform: AffineTransform_float_3_3
Parameters: 0.999999 -0.000403235 0.00145945 0.000404556 0.999999 -0.00120705 -0.0014589 0.00120792 0.999999 -0.0827109 0.012109 -0.0415491
FixedParameters: 0 0 0

#Transform 39
Transform: AffineTransform_float_3_3
Parameters: 0.999999 -0.000543963 0.00143867 0.000545231 0.999999 -0.00120482 -0.00143778 0.00120553 0.999998 -0.0925755 0.0189135 -0.0433615
FixedParameters: 0 0 0

#Transform 40
Transform: AffineTransform_float_3_3
Parameters: 0.999998 -0.000688616 0.00189555 0.000690867 0.999999 -0.00150114 -0.0018946 0.00150205 0.999997 -0.104872 -0.0480722 -0.00864215
FixedParameters: 0 0 0

#Transform 41
Transform: AffineTransform_float_3_3
Parameters: 0.999997 -0.000788041 0.00220473 0.000790201 0.999999 -0.00121489 -0.00220298 0.00121636 0.999997 -0.101896 -0.00669373 -0.0294827
FixedParameters: 0 0 0

#Transform 42
Transform: AffineTransform_float_3_3
Parameters: 0.999997 -0.00102165 0.00244133 0.00102492 0.999999 -0.00163591 -0.00243977 0.00163836 0.999995 -0.118319 0.00667168 -0.0467912
FixedParameters: 0 0 0

#Transform 43
Transform: AffineTransform_float_3_3
Parameters: 0.999997 -0.000860677 0.00197976 0.000863517 0.999998 -0.0016578 -0.00197899 0.00166007 0.999997 -0.10618 0.0175018 -0.0763729
FixedParameters: 0 0 0

#Transform 44
Transform: AffineTransform_float_3_3
Parameters: 0.999998 -0.000890508 0.00136759 0.000892619 0.999998 -0.00166544 -0.00136602 0.00166703 0.999998 -0.0860074 -0.0105107 -0.0680126
FixedParameters: 0 0 0

#Transform 45
Transform: AffineTransform_float_3_3
Parameters: 0.999998 -0.000697822 0.00147029 0.000700093 0.999999 -0.00160321 -0.00146945 0.00160441 0.999998 -0.0938949 -0.0454989 -0.0544738
FixedParameters: 0 0 0

#Transform 46
Transform: AffineTransform_float_3_3
Parameters: 0.999998 -0.000787139 0.00189955 0.000790824 0.999998 -0.0019398 -0.00189859 0.00194111 0.999996 -0.102884 0.0605137 -0.093215
FixedParameters: 0 0 0

#Transform 47
Transform: AffineTransform_float_3_3
Parameters: 0.999997 -0.000811833 0.00196168 0.000817274 0.999996 -0.00286854 -0.00195957 0.00287057 0.999994 -0.10351 -0.0405176 -0.0696601
FixedParameters: 0 0 0

#Transform 48
Transform: AffineTransform_float_3_3
Parameters: 0.999998 -0.000800662 0.00192749 0.000811231 0.999985 -0.00536873 -0.00192342 0.00537064 0.999984 -0.114827 -0.0038565 -0.118608
FixedParameters: 0 0 0

#Transform 49
Transform: AffineTransform_float_3_3
Parameters: 0.999998 -0.000538672 0.00181142 0.00055154 0.999975 -0.00703607 -0.00180775 0.00703681 0.999974 -0.101744 -0.0568785 -0.113538
FixedParameters: 0 0 0

#Transform 50
Transform: AffineTransform_float_3_3
Parameters: 0.999997 -0.000773682 0.00239685 0.000793432 0.999967 -0.00813746 -0.00239045 0.00813908 0.999964 -0.101554 -0.0566976 -0.148037
FixedParameters: 0 0 0

#Transform 51
Transform: AffineTransform_float_3_3
Parameters: 0.999998 -0.000230981 0.00185248 0.000241521 0.999984 -0.00553001 -0.00185032 0.005531 0.999983 -0.0797673 -0.0631838 -0.122641
FixedParameters: 0 0 0

#Transform 52
Transform: AffineTransform_float_3_3
Parameters: 0.999997 -0.000369076 0.00236546 0.000383476 0.999979 -0.00636645 -0.00236368 0.00636802 0.999977 -0.0864501 -0.110548 -0.106339
FixedParameters: 0 0 0

#Transform 53
Transform: AffineTransform_float_3_3
Parameters: 0.999998 -0.000619344 0.00145809 0.000627879 0.999982 -0.00583892 -0.00145383 0.00583954 0.999982 -0.0740724 -0.0807373 -0.109751
FixedParameters: 0 0 0

#Transform 54
Transform: AffineTransform_float_3_3
Parameters: 0.999998 -0.000760693 0.00193733 0.00077292 0.999981 -0.00598868 -0.00193252 0.00599044 0.99998 -0.0754434 -0.0418899 -0.124086
FixedParameters: 0 0 0

#Transform 55
Transform: AffineTransform_float_3_3
Parameters: 0.999998 -0.000714363 0.00207837 0.000725775 0.999986 -0.00535386 -0.00207397 0.00535563 0.999983 -0.077719 -0.0677571 -0.139636
FixedParameters: 0 0 0

#Transform 56
Transform: AffineTransform_float_3_3
Parameters: 0.999998 -0.000884443 0.00212481 0.00089676 0.999984 -0.00557409 -0.00212014 0.00557668 0.999982 -0.101385 0.0391985 -0.152732
FixedParameters: 0 0 0

#Transform 57
Transform: AffineTransform_float_3_3
Parameters: 0.999997 -0.000971197 0.00221647 0.000983209 0.999984 -0.00549232 -0.00221073 0.00549459 0.999983 -0.10657 -0.0736089 -0.126916
FixedParameters: 0 0 0

#Transform 58
Transform: AffineTransform_float_3_3
Parameters: 0.999997 -0.000953983 0.00241285 0.000966431 0.999986 -0.00515809 -0.00240785 0.00516066 0.999983 -0.0954704 -0.00427912 -0.142427
FixedParameters: 0 0 0

#Transform 59
Transform: AffineTransform_float_3_3
Parameters: 0.999996 -0.00105926 0.00263549 0.00107296 0.999985 -0.00536244 -0.00262943 0.00536514 0.999982 -0.102835 -0.00898621 -0.137283
FixedParameters: 0 0 0

#Transform 60
Transform: AffineTransform_float_3_3
Parameters: 0.999995 -0.00115348 0.00289273 0.00117727 0.999965 -0.00829721 -0.00288252 0.00830012 0.999961 -0.166455 -0.00687776 -0.15841
FixedParameters: 0 0 0

#Transform 61
Transform: AffineTransform_float_3_3
Parameters: 0.999996 -0.000912589 0.00276401 0.000940866 0.999948 -0.0101311 -0.0027546 0.0101337 0.999945 -0.152317 -0.127941 -0.137995
FixedParameters: 0 0 0

#Transform 62
Transform: AffineTransform_float_3_3
Parameters: 0.999994 -0.00137819 0.00320758 0.00141055 0.999949 -0.00995308 -0.00319437 0.00995705 0.999945 -0.155663 -0.0664196 -0.190074
FixedParameters: 0 0 0

#Transform 63
Transform: AffineTransform_float_3_3
Parameters: 0.999992 -0.00123829 0.00366721 0.00127582 0.999947 -0.0101844 -0.00365454 0.0101883 0.999942 -0.165777 -0.0490111 -0.207572
FixedParameters: 0 0 0

#Transform 64
Transform: AffineTransform_float_3_3
Parameters: 0.999994 -0.0013731 0.00324005 0.00140896 0.999939 -0.01097 -0.0032242 0.010974 0.999935 -0.141683 -0.0668302 -0.162149
FixedParameters: 0 0 0

#Transform 65
Transform: AffineTransform_float_3_3
Parameters: 0.999993 -0.0014391 0.00343505 0.00147856 0.999932 -0.0115212 -0.00341802 0.0115267 0.999928 -0.15622 -0.0751248 -0.16411
FixedParameters: 0 0 0

#Transform 66
Transform: AffineTransform_float_3_3
Parameters: 0.999992 -0.00116966 0.00390952 0.00121511 0.999932 -0.0115891 -0.00389583 0.0115935 0.999925 -0.18801 -0.0717122 -0.168238
FixedParameters: 0 0 0

#Transform 67
Transform: AffineTransform_float_3_3
Parameters: 0.999984 -0.00143547 0.00546769 0.00148167 0.999964 -0.00836867 -0.00545573 0.00837598 0.99995 -0.0294892 -0.237271 0.96278
FixedParameters: 0 0 0

#Transform 68
Transform: AffineTransform_float_3_3
Parameters: 0.999999 0.000538418 -0.00113307 -0.000542653 0.999994 -0.00361688 0.00113102 0.00361812 0.999993 -0.0115238 -0.220621 1.12526
FixedParameters: 0 0 0

#Transform 69
Transform: AffineTransform_float_3_3
Parameters: 0.999999 -0.000155381 -0.00148094 0.000149073 0.999991 -0.00437552 0.00148224 0.0043757 0.99999 0.0304822 0.0679533 0.181649
FixedParameters: 0 0 0

#Transform 70
Transform: AffineTransform_float_3_3
Parameters: 0.999998 0.00145716 0.000686095 -0.0014556 0.999994 -0.00316107 -0.000691383 0.00316063 0.999995 0.0390563 0.020332 -0.120405
FixedParameters: 0 0 0

#Transform 71
Transform: AffineTransform_float_3_3
Parameters: 0.999996 0.00220445 0.00176716 -0.00219786 0.999991 -0.00351866 -0.00177464 0.00351507 0.999992 0.029587 -0.0282613 -0.156858
FixedParameters: 0 0 0

#Transform 72
Transform: AffineTransform_float_3_3
Parameters: 0.999996 0.00183132 0.00206347 -0.00182447 0.999992 -0.00361087 -0.0020691 0.00360721 0.999992 0.0303606 -0.0286118 -0.161377
FixedParameters: 0 0 0

#Transform 73
Transform: AffineTransform_float_3_3
Parameters: 0.999999 0.00133816 0.00104696 -0.00133355 0.999989 -0.00455222 -0.00105254 0.00455089 0.999989 0.051817 -0.0246077 -0.20798
FixedParameters: 0 0 0

#Transform 74
Transform: AffineTransform_float_3_3
Parameters: 0.999998 0.00161462 0.00137215 -0.00160739 0.999985 -0.00523808 -0.00137973 0.00523642 0.999985 0.0311101 0.00447292 -0.224876
FixedParameters: 0 0 0

#Transform 75
Transform: AffineTransform_float_3_3
Parameters: 0.999998 0.00164008 0.00145054 -0.00163326 0.999987 -0.00492401 -0.00145829 0.00492204 0.999987 0.042629 -0.0277812 -0.210796
FixedParameters: 0 0 0

#Transform 76
Transform: AffineTransform_float_3_3
Parameters: 0.999997 0.00110687 0.00208111 -0.00109556 0.999986 -0.00518217 -0.00208654 0.00517979 0.999984 0.0505066 -0.0457418 -0.181854
FixedParameters: 0 0 0

#Transform 77
Transform: AffineTransform_float_3_3
Parameters: 0.999978 0.00382714 0.00551991 -0.00382411 0.999992 -0.00068736 -0.0055224 0.000666257 0.999985 -0.0401055 -0.113482 1.58823
FixedParameters: 0 0 0

#Transform 78
Transform: AffineTransform_float_3_3
Parameters: 0.999977 0.00437478 0.00509911 -0.00442468 0.999943 0.009734 -0.00505632 -0.00975671 0.999939 -0.160485 -0.472349 2.98163
FixedParameters: 0 0 0

#Transform 79
Transform: AffineTransform_float_3_3
Parameters: 0.999998 0.00116621 0.00139764 -0.00115486 0.999965 -0.00835373 -0.00140665 0.00835232 0.999964 0.152148 0.165784 -0.16334
FixedParameters: 0 0 0

#Transform 80
Transform: AffineTransform_float_3_3
Parameters: 0.999999 0.00100599 0.00108044 -0.000977391 0.999673 -0.0255598 -0.00110522 0.0255593 0.999673 0.188755 -0.130727 -0.301902
FixedParameters: 0 0 0

#Transform 81
Transform: AffineTransform_float_3_3
Parameters: 0.999998 0.00145094 0.00150853 -0.00140834 0.9996 -0.0282453 -0.00154916 0.0282429 0.999599 0.2166 -0.220816 -0.259257
FixedParameters: 0 0 0

#Transform 82
Transform: AffineTransform_float_3_3
Parameters: 1 0.001191 0.000288942 -0.00118385 0.999688 -0.0249628 -0.000318367 0.0249629 0.999689 0.212076 -0.294682 -0.270738
FixedParameters: 0 0 0

#Transform 83
Transform: AffineTransform_float_3_3
Parameters: 0.999999 0.00113542 0.000587168 -0.00111837 0.99961 -0.0278827 -0.000618829 0.0278825 0.999611 0.214276 -0.332201 -0.271164
FixedParameters: 0 0 0

#Transform 84
Transform: AffineTransform_float_3_3
Parameters: 0.999999 0.00132364 0.000725928 -0.00130748 0.999755 -0.0220948 -0.000754781 0.0220936 0.999755 0.192546 -0.194496 -0.167052
FixedParameters: 0 0 0

#Transform 85
Transform: AffineTransform_float_3_3
Parameters: 0.999994 0.00304031 0.00151466 -0.00302604 0.999951 -0.00944869 -0.00154311 0.00944451 0.999954 0.133469 0.00291154 0.686037
FixedParameters: 0 0 0

#Transform 86
Transform: AffineTransform_float_3_3
Parameters: 0.999934 0.00892459 0.00727321 -0.00926137 0.99882 0.0476609 -0.00683917 -0.0477257 0.998837 -0.0342452 -0.0520326 1.29918
FixedParameters: 0 0 0

#Transform 87
Transform: AffineTransform_float_3_3
Parameters: 0.999979 0.00549978 0.00350295 -0.00553731 0.999925 0.0109202 -0.00344301 -0.0109398 0.999934 0.0710664 0.445892 0.0643019
FixedParameters: 0 0 0

#Transform 88
Transform: AffineTransform_float_3_3
Parameters: 0.999977 0.00509421 0.0044562 -0.00513682 0.999939 0.0097689 -0.00440586 -0.0097924 0.999942 0.0900825 0.131949 0.0990962
FixedParameters: 0 0 0

#Transform 89
Transform: AffineTransform_float_3_3
Parameters: 0.999978 0.00504342 0.00430858 -0.00506851 0.99997 0.00587692 -0.00427924 -0.00589912 0.999974 0.110974 0.117048 0.0616546
FixedParameters: 0 0 0

#Transform 90
Transform: AffineTransform_float_3_3
Parameters: 0.99998 0.00481809 0.00402362 -0.00482812 0.999985 0.00241756 -0.00401194 -0.00243649 0.999989 0.101425 0.0978959 0.0127942
FixedParameters: 0 0 0

#Transform 91
Transform: AffineTransform_float_3_3
Parameters: 0.999975 0.00503656 0.00487567 -0.00504537 0.999986 0.00182665 -0.00486552 -0.00185131 0.999986 0.105841 0.0708044 -0.0118887
FixedParameters: 0 0 0

#Transform 92
Transform: AffineTransform_float_3_3
Parameters: 0.999977 0.00488505 0.00477035 -0.00488907 0.999988 0.000747649 -0.00476646 -0.000770823 0.999988 0.108917 0.0224654 0.0121745
FixedParameters: 0 0 0

#Transform 93
Transform: AffineTransform_float_3_3
Parameters: 0.999981 0.00448102 0.00412107 -0.00448397 0.999989 0.000758974 -0.00411787 -0.000777457 0.999991 0.119655 0.0407587 0.0122788
FixedParameters: 0 0 0

#Transform 94
Transform: AffineTransform_float_3_3
Parameters: 0.999978 0.00468699 0.00482449 -0.00468429 0.999989 -0.000708214 -0.00482722 0.000685888 0.999988 0.109249 0.074998 -0.0281693
FixedParameters: 0 0 0

#Transform 95
Transform: AffineTransform_float_3_3
Parameters: 0.999979 0.00428571 0.00487173 -0.00427791 0.99999 -0.00145196 -0.00487763 0.00143051 0.999987 0.11105 0.0194275 -0.0430992
FixedParameters: 0 0 0

#Transform 96
Transform: AffineTransform_float_3_3
Parameters: 0.999978 0.00439602 0.00497264 -0.0043883 0.99999 -0.00144819 -0.00497975 0.00142617 0.999986 0.118262 0.042722 -0.00546423
FixedParameters: 0 0 0

#Transform 97
Transform: AffineTransform_float_3_3
Parameters: 0.999979 0.00443963 0.00483748 -0.00443125 0.999989 -0.00188925 -0.00484559 0.00186735 0.999986 0.133585 -0.0246361 -0.0120107
FixedParameters: 0 0 0

#Transform 98
Transform: AffineTransform_float_3_3
Parameters: 0.999979 0.00433571 0.00493043 -0.00432545 0.999988 -0.00195098 -0.00493897 0.00193039 0.999986 0.135248 0.0488649 -0.0342998
FixedParameters: 0 0 0

#Transform 99
Transform: AffineTransform_float_3_3
Parameters: 0.999977 0.00456684 0.00521757 -0.00455438 0.999987 -0.00230804 -0.0052284 0.00228387 0.999984 0.127558 -0.020509 -0.0375962
FixedParameters: 0 0 0

#Transform 100
Transform: AffineTransform_float_3_3
Parameters: 0.999976 0.00448287 0.00521949 -0.00446627 0.999985 -0.00318783 -0.00523428 0.00316438 0.999982 0.133302 -0.0348512 -0.0102819
FixedParameters: 0 0 0

#Transform 101
Transform: AffineTransform_float_3_3
Parameters: 0.999978 0.00454551 0.00471757 -0.00452659 0.999982 -0.00393034 -0.0047349 0.00390766 0.999981 0.155749 0.00547247 -0.0448912
FixedParameters: 0 0 0

#Transform 102
Transform: AffineTransform_float_3_3
Parameters: 0.999977 0.00436086 0.00521426 -0.00433764 0.999981 -0.00434454 -0.00523259 0.00432279 0.999977 0.1505 -0.0203018 -0.053299
FixedParameters: 0 0 0

#Transform 103
Transform: AffineTransform_float_3_3
Parameters: 0.999976 0.00463164 0.00512794 -0.00461389 0.999984 -0.00338986 -0.00514331 0.00336596 0.999981 0.143612 -0.023226 0.0636949
FixedParameters: 0 0 0

#Transform 104
Transform: AffineTransform_float_3_3
Parameters: 0.999978 0.0046442 0.00468807 -0.00462554 0.999981 -0.00392752 -0.00470613 0.00390502 0.999981 0.167875 -0.0351292 0.036207
FixedParameters: 0 0 0

#Transform 105
Transform: AffineTransform_float_3_3
Parameters: 0.99998 0.0044974 0.00438924 -0.00447834 0.99998 -0.00433208 -0.0044096 0.00431223 0.999981 0.169738 -0.0349456 -0.00523211
FixedParameters: 0 0 0

#Transform 106
Transform: AffineTransform_float_3_3
Parameters: 0.999979 0.00456763 0.00462759 -0.00454387 0.999977 -0.00510511 -0.00465008 0.0050837 0.999976 0.141662 -0.0149015 -0.0294426
FixedParameters: 0 0 0

#Transform 107
Transform: AffineTransform_float_3_3
Parameters: 0.999975 0.00495991 0.00511176 -0.00493809 0.999979 -0.00415014 -0.00513157 0.00412538 0.999978 0.147258 0.027097 -0.0708255
FixedParameters: 0 0 0

#Transform 108
Transform: AffineTransform_float_3_3
Parameters: 0.999976 0.00470369 0.00507813 -0.00467952 0.999978 -0.00477134 -0.00510066 0.00474832 0.999976 0.147975 -0.0388045 -0.0155279
FixedParameters: 0 0 0

#Transform 109
Transform: AffineTransform_float_3_3
Parameters: 0.999978 0.00462576 0.00481935 -0.00460187 0.999978 -0.00485638 -0.00484133 0.00483324 0.999977 0.151835 -0.0431385 -0.00559741
FixedParameters: 0 0 0

#Transform 110
Transform: AffineTransform_float_3_3
Parameters: 0.999976 0.00480339 0.00489534 -0.00477708 0.999974 -0.00544861 -0.00492139 0.00542512 0.999973 0.150764 -0.0641124 -0.0214045
FixedParameters: 0 0 0

#Transform 111
Transform: AffineTransform_float_3_3
Parameters: 0.999978 0.00459084 0.00470425 -0.0045674 0.999977 -0.00502314 -0.00472715 0.00500221 0.999976 0.15354 -0.0587781 -0.0517291
FixedParameters: 0 0 0

#Transform 112
Transform: AffineTransform_float_3_3
Parameters: 0.999978 0.00461687 0.00479502 -0.0045881 0.999972 -0.00587474 -0.00482184 0.0058523 0.999972 0.169063 -0.0696102 -0.0303338
FixedParameters: 0 0 0

#Transform 113
Transform: AffineTransform_float_3_3
Parameters: 0.999976 0.00467063 0.00497488 -0.0046392 0.999969 -0.00628199 -0.00500404 0.00625866 0.999968 0.173902 -0.0645915 -0.0425937
FixedParameters: 0 0 0

#Transform 114
Transform: AffineTransform_float_3_3
Parameters: 0.999978 0.00460074 0.00475106 -0.00456326 0.99996 -0.00771514 -0.00478596 0.00769382 0.999959 0.185283 -0.0710769 -0.0376997
FixedParameters: 0 0 0

#Transform 115
Transform: AffineTransform_float_3_3
Parameters: 0.999979 0.00454305 0.00456186 -0.00450644 0.999959 -0.00782316 -0.00459716 0.00780303 0.999958 0.187821 -0.0905662 -0.0401047
FixedParameters: 0 0 0

#Transform 116
Transform: AffineTransform_float_3_3
Parameters: 0.99998 0.00407674 0.00492283 -0.00404138 0.999965 -0.00723073 -0.00495206 0.00721033 0.999962 0.219326 -0.064015 -0.0944266
FixedParameters: 0 0 0

#Transform 117
Transform: AffineTransform_float_3_3
Parameters: 0.999985 0.00344961 0.00426081 -0.00341178 0.999954 -0.00896013 -0.00429132 0.00894541 0.999951 0.244977 -0.132781 -0.0646001
FixedParameters: 0 0 0

#Transform 118
Transform: AffineTransform_float_3_3
Parameters: 0.999983 0.00357331 0.00466528 -0.00353236 0.999954 -0.00884507 -0.00469619 0.0088283 0.99995 0.238982 -0.108404 -0.0393749
FixedParameters: 0 0 0

#Transform 119
Transform: AffineTransform_float_3_3
Parameters: 0.999984 0.00353077 0.00453034 -0.0034881 0.999948 -0.00951772 -0.00456262 0.00950167 0.999944 0.248332 -0.120618 -0.0424463
FixedParameters: 0 0 0

#Transform 120
Transform: AffineTransform_float_3_3
Parameters: 0.999983 0.00350807 0.00458018 -0.00346663 0.999952 -0.00914824 -0.00461189 0.00913127 0.999948 0.25847 -0.0786076 -0.070396
FixedParameters: 0 0 0

#Transform 121
Transform: AffineTransform_float_3_3
Parameters: 0.999983 0.00366568 0.00464602 -0.00362488 0.999953 -0.00886433 -0.00467871 0.00884683 0.99995 0.247146 -0.039963 -0.0494109
FixedParameters: 0 0 0

#Transform 122
Transform: AffineTransform_float_3_3
Parameters: 0.999977 0.00466218 0.00484303 -0.00466499 0.999989 0.000541264 -0.00484021 -0.000563318 0.999988 0.175956 0.129268 0.00473522
FixedParameters: 0 0 0

#Transform 123
Transform: AffineTransform_float_3_3
Parameters: 0.999967 0.00625116 0.00523039 -0.0063093 0.999917 0.0112622 -0.00515952 -0.011295 0.999923 0.150013 -0.0508016 0.00901098
FixedParameters: 0 0 0

#Transform 124
Transform: AffineTransform_float_3_3
Parameters: 0.999976 0.00517647 0.00466716 -0.0051903 0.999982 0.0030351 -0.00465081 -0.00305984 0.999984 0.178119 0.065703 -0.0441112
FixedParameters: 0 0 0

#Transform 125
Transform: AffineTransform_float_3_3
Parameters: 0.999975 0.00458095 0.0055142 -0.00458599 0.999989 0.000803275 -0.00551054 -0.000828773 0.999985 0.219105 -0.0364215 -0.0391639
FixedParameters: 0 0 0

#Transform 126
Transform: AffineTransform_float_3_3
Parameters: 0.999975 0.00436008 0.00554479 -0.00435574 0.999991 -0.000803728 -0.00554889 0.000779336 0.999985 0.196801 0.0445037 -0.0600131
FixedParameters: 0 0 0

#Transform 127
Transform: AffineTransform_float_3_3
Parameters: 0.999973 0.0046129 0.00580473 -0.00460432 0.999988 -0.00156366 -0.00581158 0.00153668 0.999982 0.196389 -0.0227962 -0.063348
FixedParameters: 0 0 0

#Transform 128
Transform: AffineTransform_float_3_3
Parameters: 0.999975 0.00438104 0.00562119 -0.00436567 0.999987 -0.00272242 -0.00563272 0.00269821 0.999981 0.219458 -0.0166314 -0.120704
FixedParameters: 0 0 0

#Transform 129
Transform: AffineTransform_float_3_3
Parameters: 0.999979 0.00453194 0.00456975 -0.00451587 0.999983 -0.00367158 -0.00458588 0.00365124 0.999983 0.230324 -0.0475569 -0.107748
FixedParameters: 0 0 0

#Transform 130
Transform: AffineTransform_float_3_3
Parameters: 0.999987 0.00408478 0.00320601 -0.00407581 0.999988 -0.00273177 -0.00321708 0.00271887 0.999991 0.25068 -0.109066 0.24127
FixedParameters: 0 0 0

#Transform 131
Transform: AffineTransform_float_3_3
Parameters: 0.999966 0.00711025 0.00428133 -0.00712138 0.999972 0.00259484 -0.00426318 -0.00262549 0.999987 0.0381139 -0.28123 1.29726
FixedParameters: 0 0 0

#Transform 132
Transform: AffineTransform_float_3_3
Parameters: 0.999884 0.00904306 0.0122594 -0.0092612 0.999799 0.0177969 -0.0120963 -0.0179082 0.999766 -0.11475 -0.175695 0.934029
FixedParameters: 0 0 0

#Transform 133
Transform: AffineTransform_float_3_3
Parameters: 0.99984 0.0059449 0.0168631 -0.00622926 0.999839 0.016842 -0.0167609 -0.0169439 0.999716 -0.0581378 -0.0625019 1.97717
FixedParameters: 0 0 0

#Transform 134
Transform: AffineTransform_float_3_3
Parameters: 0.999936 0.00563895 0.00973633 -0.00575126 0.999916 0.0115905 -0.00967012 -0.0116459 0.999885 0.0818248 0.333594 -0.843956
FixedParameters: 0 0 0

#Transform 135
Transform: AffineTransform_float_3_3
Parameters: 0.999941 0.00467991 0.00978199 -0.00473878 0.999971 0.00598368 -0.00975401 -0.00602986 0.999934 0.125947 0.124727 -0.986323
FixedParameters: 0 0 0

#Transform 136
Transform: AffineTransform_float_3_3
Parameters: 0.99988 0.00783858 0.0133723 -0.00798414 0.999909 0.0108411 -0.013286 -0.0109453 0.999852 0.123584 0.103219 -0.842661
FixedParameters: 0 0 0

#Transform 137
Transform: AffineTransform_float_3_3
Parameters: 0.999878 0.0078012 0.0135109 -0.00794422 0.999913 0.0105396 -0.0134274 -0.0106463 0.999853 0.216977 -0.033698 -0.692599
FixedParameters: 0 0 0

#Transform 138
Transform: AffineTransform_float_3_3
Parameters: 0.99995 0.00552018 0.00837128 -0.00557498 0.999963 0.00658497 -0.00833489 -0.00663176 0.999943 0.293594 0.000887594 -0.701226
FixedParameters: 0 0 0

#Transform 139
Transform: AffineTransform_float_3_3
Parameters: 0.99995 0.00548042 0.00838097 -0.00553523 0.999963 0.00651755 -0.00834554 -0.00656381 0.999943 0.264666 -0.00814283 -0.624561
FixedParameters: 0 0 0

#Transform 140
Transform: AffineTransform_float_3_3
Parameters: 0.999954 0.00563454 0.00778624 -0.00566444 0.999977 0.0037905 -0.00776476 -0.00383416 0.999962 0.271606 -0.0165322 -0.526505
FixedParameters: 0 0 0

#Transform 141
Transform: AffineTransform_float_3_3
Parameters: 0.999956 0.00505892 0.00787931 -0.00508198 0.999983 0.00284678 -0.00786456 -0.0028863 0.999964 0.284318 0.0778442 -0.50502
FixedParameters: 0 0 0

#Transform 142
Transform: AffineTransform_float_3_3
Parameters: 0.99996 0.00488081 0.00753085 -0.00490396 0.999983 0.00299568 -0.00751577 -0.00303174 0.999967 0.253863 -0.0173271 -0.440343
FixedParameters: 0 0 0

#Transform 143
Transform: AffineTransform_float_3_3
Parameters: 0.999957 0.00493007 0.0078114 -0.00495074 0.999984 0.00255323 -0.00779854 -0.00259179 0.999966 0.239383 0.0158876 -0.452216
FixedParameters: 0 0 0

#Transform 144
Transform: AffineTransform_float_3_3
Parameters: 0.99996 0.00444832 0.00772498 -0.00446163 0.999989 0.00172831 -0.00771721 -0.00176262 0.999969 0.279572 0.00851328 -0.495234
FixedParameters: 0 0 0

#Transform 145
Transform: AffineTransform_float_3_3
Parameters: 0.999955 0.0050879 0.00805967 -0.00510422 0.999985 0.00209107 -0.00804906 -0.00213189 0.999965 0.254213 -0.0302895 -0.496439
FixedParameters: 0 0 0

#Transform 146
Transform: AffineTransform_float_3_3
Parameters: 0.999954 0.0049972 0.00815539 -0.0050188 0.999984 0.00266925 -0.0081418 -0.00270978 0.999963 0.252175 -0.0338065 -0.441311
FixedParameters: 0 0 0

#Transform 147
Transform: AffineTransform_float_3_3
Parameters: 0.999964 0.00464615 0.0071395 -0.00466166 0.999987 0.00213574 -0.00712975 -0.00216864 0.999972 0.284129 -0.0224018 -0.442419
FixedParameters: 0 0 0

#Transform 148
Transform: AffineTransform_float_3_3
Parameters: 0.999967 0.00426008 0.00686088 -0.00427801 0.999987 0.00255318 -0.00684997 -0.0025826 0.999974 0.289382 0.00130123 -0.461635
FixedParameters: 0 0 0

#Transform 149
Transform: AffineTransform_float_3_3
Parameters: 0.999969 0.00373872 0.00697621 -0.00374892 0.999992 0.00139506 -0.0069713 -0.00142173 0.999975 0.289759 0.046979 -0.506556
FixedParameters: 0 0 0

#Transform 150
Transform: AffineTransform_float_3_3
Parameters: 0.999964 0.00389119 0.00749518 -0.00390285 0.999991 0.00150923 -0.00748944 -0.00153849 0.999971 0.290124 0.0563962 -0.640892
FixedParameters: 0 0 0

#Transform 151
Transform: AffineTransform_float_3_3
Parameters: 0.999984 0.00339266 0.00439672 -0.00339408 0.999994 0.000384813 -0.00439544 -0.000400213 0.99999 0.327354 0.0201849 -0.719042
FixedParameters: 0 0 0

#Transform 152
Transform: AffineTransform_float_3_3
Parameters: 0.999982 0.00315327 0.00501736 -0.00313494 0.999988 -0.0037391 -0.0050298 0.00372359 0.99998 0.338379 0.0418889 -0.729721
FixedParameters: 0 0 0

#Transform 153
Transform: AffineTransform_float_3_3
Parameters: 0.99998 0.00321018 0.00539971 -0.00319739 0.999992 -0.00241976 -0.0054079 0.00240246 0.999982 0.321061 -0.000860545 -0.651493
FixedParameters: 0 0 0

#Transform 154
Transform: AffineTransform_float_3_3
Parameters: 0.999984 0.00307911 0.00476837 -0.00306283 0.999989 -0.0035182 -0.00477951 0.00350278 0.999983 0.330553 0.03428 -0.618254
FixedParameters: 0 0 0

#Transform 155
Transform: AffineTransform_float_3_3
Parameters: 0.999986 0.00212897 0.00477724 -0.00211078 0.99999 -0.00385672 -0.00478495 0.003847 0.999981 0.376393 -0.0146878 -0.625008
FixedParameters: 0 0 0

#Transform 156
Transform: AffineTransform_float_3_3
Parameters: 0.99999 0.00173397 0.00399833 -0.00171405 0.999986 -0.00504948 -0.00400771 0.0050432 0.999979 0.41065 -0.0301021 -0.608841
FixedParameters: 0 0 0

#Transform 157
Transform: AffineTransform_float_3_3
Parameters: 0.999988 0.00202769 0.00444551 -0.00200768 0.999988 -0.00454055 -0.00445474 0.00453202 0.99998 0.413107 -0.0502691 -0.624017
FixedParameters: 0 0 0

#Transform 158
Transform: AffineTransform_float_3_3
Parameters: 0.99999 0.00184614 0.003834 -0.00183225 0.99999 -0.00387591 -0.00384152 0.00386886 0.999985 0.430031 -0.0396129 -0.616747
FixedParameters: 0 0 0

#Transform 159
Transform: AffineTransform_float_3_3
Parameters: 0.999991 0.00183504 0.00380652 -0.00181734 0.999987 -0.00472339 -0.00381534 0.00471647 0.999982 0.412759 -0.0234992 -0.642224
FixedParameters: 0 0 0

#Transform 160
Transform: AffineTransform_float_3_3
Parameters: 0.999993 0.00222899 0.00315306 -0.00222062 0.999994 -0.00274057 -0.00315939 0.00273375 0.999991 0.390148 -0.0518002 -0.164096
FixedParameters: 0 0 0

#Transform 161
Transform: AffineTransform_float_3_3
Parameters: 0.999949 0.00762693 0.00667928 -0.0080022 0.998277 0.0581224 -0.00622418 -0.0581728 0.998287 0.167117 0.0719898 2.92134
FixedParameters: 0 0 0

#Transform 162
Transform: AffineTransform_float_3_3
Parameters: 0.999994 0.00258887 0.00252272 -0.00254919 0.999877 -0.0155097 -0.00256227 0.0155033 0.999876 0.284339 -0.00965518 0.292556
FixedParameters: 0 0 0

#Transform 163
Transform: AffineTransform_float_3_3
Parameters: 0.999994 0.00310018 0.000997707 -0.00308163 0.999826 -0.0183683 -0.00105383 0.018365 0.999831 0.351594 -0.0873114 0.177302
FixedParameters: 0 0 0

#Transform 164
Transform: AffineTransform_float_3_3
Parameters: 0.999997 0.0023196 7.40957e-05 -0.00231683 0.999764 -0.0215878 -0.000124129 0.0215877 0.999767 0.375767 -0.033876 -0.288572
FixedParameters: 0 0 0

#Transform 165
Transform: AffineTransform_float_3_3
Parameters: 0.999998 0.00210116 5.59514e-05 -0.00210028 0.999927 -0.0119122 -8.07416e-05 0.0119119 0.999929 0.341525 -0.335359 0.822124
FixedParameters: 0 0 0

#Transform 166
Transform: AffineTransform_float_3_3
Parameters: 0.999998 0.00180083 0.000214877 -0.00179741 0.999902 -0.0138937 -0.00024044 0.0138935 0.999904 0.371941 -0.1887 0.285801
FixedParameters: 0 0 0

#Transform 167
Transform: AffineTransform_float_3_3
Parameters: 0.999991 0.00382652 0.00194681 -0.00381816 0.999983 -0.00434499 -0.00196375 0.00433716 0.999989 0.311907 -0.0288118 0.124089
FixedParameters: 0 0 0

#Transform 168
Transform: AffineTransform_float_3_3
Parameters: 0.999996 0.00289694 0.000746618 -0.00289252 0.999978 -0.00588358 -0.00076279 0.00588107 0.999982 0.32185 -0.0679096 0.107497
FixedParameters: 0 0 0

#Transform 169
Transform: AffineTransform_float_3_3
Parameters: 0.999996 0.00273185 0.000856004 -0.00272605 0.999971 -0.00721906 -0.00087595 0.00721613 0.999973 0.318126 -0.0663562 0.0946472
FixedParameters: 0 0 0

#Transform 170
Transform: AffineTransform_float_3_3
Parameters: 0.999995 0.00289374 0.00140463 -0.00288257 0.999963 -0.00807547 -0.00142832 0.00807171 0.999966 0.336099 -0.0598668 0.0260211
FixedParameters: 0 0 0

#Transform 171
Transform: AffineTransform_float_3_3
Parameters: 0.999995 0.00272145 0.000833902 -0.00271541 0.999966 -0.00783144 -0.000855915 0.00782999 0.999969 0.345885 -0.0273025 -0.00204098
FixedParameters: 0 0 0

#Transform 172
Transform: AffineTransform_float_3_3
Parameters: 0.999996 0.00278866 0.00105137 -0.00278065 0.999967 -0.00764815 -0.00107305 0.00764536 0.99997 0.332185 -0.114659 0.0394744
FixedParameters: 0 0 0

#Transform 173
Transform: AffineTransform_float_3_3
Parameters: 0.999996 0.00275695 0.000946593 -0.0027503 0.999967 -0.00762556 -0.000966731 0.00762202 0.99997 0.32259 -0.0423087 -0.0326898
FixedParameters: 0 0 0

#Transform 174
Transform: AffineTransform_float_3_3
Parameters: 0.999984 0.00399905 0.0040925 -0.00398851 0.999989 -0.00262491 -0.00410254 0.00260847 0.999988 0.168751 0.19491 -0.782496
FixedParameters: 0 0 0

#Transform 175
Transform: AffineTransform_float_3_3
Parameters: 0.999976 0.00413803 0.00546463 -0.00413846 0.999991 1.08272e-05 -0.00546506 -3.36605e-05 0.999986 0.170462 0.061073 -0.652807
FixedParameters: 0 0 0

#Transform 176
Transform: AffineTransform_float_3_3
Parameters: 0.999979 0.00399155 0.00497436 -0.00398752 0.999992 -0.000940143 -0.00497882 0.000921061 0.999987 0.222156 -0.0264065 -0.590208
FixedParameters: 0 0 0

#Transform 177
Transform: AffineTransform_float_3_3
Parameters: 0.999983 0.00405656 0.00426576 -0.00404671 0.999989 -0.0023686 -0.00427522 0.00235087 0.999988 0.236128 0.0327947 -0.598813
FixedParameters: 0 0 0

#Transform 178
Transform: AffineTransform_float_3_3
Parameters: 0.999985 0.00369544 0.00399878 -0.00368217 0.999987 -0.00345425 -0.0040114 0.00343978 0.999986 0.274606 0.0130643 -0.549044
FixedParameters: 0 0 0

#Transform 179
Transform: AffineTransform_float_3_3
Parameters: 0.99999 0.00330778 0.003164 -0.00329385 0.999984 -0.00461593 -0.00317938 0.00460615 0.999985 0.282118 0.0136026 -0.511574
FixedParameters: 0 0 0

#Transform 180
Transform: AffineTransform_float_3_3
Parameters: 0.999991 0.00319486 0.00292378 -0.00318029 0.999983 -0.0048789 -0.00293919 0.00486999 0.999984 0.294545 0.0080159 -0.468533
FixedParameters: 0 0 0

#Transform 181
Transform: AffineTransform_float_3_3
Parameters: 0.999991 0.00316033 0.00291322 -0.0031435 0.999979 -0.00569637 -0.00293174 0.00568766 0.999979 0.29594 -0.0118719 -0.456132
FixedParameters: 0 0 0

#Transform 182
Transform: AffineTransform_float_3_3
Parameters: 0.999989 0.00306492 0.00361378 -0.0030426 0.999976 -0.00627581 -0.0036328 0.0062649 0.999974 0.263356 -0.0452153 -0.507204
FixedParameters: 0 0 0

#Transform 183
Transform: AffineTransform_float_3_3
Parameters: 0.999989 0.00309604 0.00372486 -0.00306962 0.99997 -0.00708882 -0.00374728 0.00707746 0.999968 0.276279 -0.0371463 -0.496879
FixedParameters: 0 0 0

#Transform 184
Transform: AffineTransform_float_3_3
Parameters: 0.99999 0.0025946 0.00353081 -0.0025692 0.99997 -0.00725895 -0.00354939 0.00724933 0.999968 0.292293 -0.0393456 -0.451423
FixedParameters: 0 0 0

#Transform 185
Transform: AffineTransform_float_3_3
Parameters: 0.999992 0.00244036 0.00304597 -0.00241214 0.999956 -0.00908891 -0.00306788 0.00908156 0.999954 0.312226 -0.0222124 -0.431801
FixedParameters: 0 0 0

#Transform 186
Transform: AffineTransform_float_3_3
Parameters: 0.999992 0.00283839 0.00292255 -0.00281081 0.999954 -0.00916323 -0.00294825 0.00915436 0.999954 0.275526 -0.0855881 -0.420918
FixedParameters: 0 0 0

#Transform 187
Transform: AffineTransform_float_3_3
Parameters: 0.999996 0.00235598 0.00139893 -0.00234185 0.999949 -0.00993075 -0.0014223 0.00992766 0.999949 0.332134 0.00960284 -0.434529
FixedParameters: 0 0 0

#Transform 188
Transform: AffineTransform_float_3_3
