#Insight Transform File V1.0
#Transform 0
Transform: AffineTransform_float_3_3
Parameters: 0.999999 0.000729579 -0.000181974 -0.000729709 0.999999 -0.000358011 0.000181452 0.000358276 1 -0.0129487 0.0131149 -0.0217972
FixedParameters: 0 0 0

#Transform 1
Transform: AffineTransform_float_3_3
Parameters: 0.999999 0.00072892 -0.000185012 -0.00072886 0.999999 0.000161979 0.000185247 -0.00016171 1 -0.0156508 0.02487 -0.0229096
FixedParameters: 0 0 0

#Transform 2
Transform: AffineTransform_float_3_3
Parameters: 0.999999 0.000774221 -5.43778e-06 -0.00077422 0.999999 0.000129094 5.63767e-06 -0.000129085 1 -0.0229707 0.00758993 0.00572359
FixedParameters: 0 0 0

#Transform 3
Transform: AffineTransform_float_3_3
Parameters: 1 0.000511864 -0.000129583 -0.000511849 1 5.69585e-05 0.000129641 -5.68258e-05 1 -0.0221597 0.0435561 -0.0287001
FixedParameters: 0 0 0

#Transform 4
Transform: AffineTransform_float_3_3
Parameters: 0.999999 0.000728646 -0.000186279 -0.000728505 0.999999 0.000378975 0.000186831 -0.000378704 1 -0.00752302 0.0120644 -0.0174795
FixedParameters: 0 0 0

#Transform 5
Transform: AffineTransform_float_3_3
Parameters: 0.999999 0.000817708 0.000166943 -0.000817764 0.999999 0.000166149 -0.000166671 -0.000166422 1 -0.0258332 0.0444525 -0.0286398
FixedParameters: 0 0 0

#Transform 6
Transform: AffineTransform_float_3_3
Parameters: 0.999999 0.000718669 1.14536e-05 -0.000718921 0.999999 0.000330116 -1.19486e-05 -0.000330139 1 -0.0310304 0.0339622 -0.0390382
FixedParameters: 0 0 0

#Transform 7
Transform: AffineTransform_float_3_3
Parameters: 0.999999 0.000755733 -7.86851e-05 -0.000755727 1 5.25797e-05 7.87573e-05 -5.15806e-05 1 -0.0363783 0.067958 -0.0140616
FixedParameters: 0 0 0

#Transform 8
Transform: AffineTransform_float_3_3
Parameters: 1 0.00060845 -0.000151073 -0.000608571 0.999999 -0.000402025 0.000150583 0.000402209 1 -0.0258088 0.0837754 -0.0441593
FixedParameters: 0 0 0

#Transform 9
Transform: AffineTransform_float_3_3
Parameters: 0.999999 0.000728218 -0.000188235 -0.000728207 1 0.000713733 0.000188309 -0.000713939 1 -0.0257156 0.046 -0.000892476
FixedParameters: 0 0 0

#Transform 10
Transform: AffineTransform_float_3_3
Parameters: 0.999999 0.00084952 3.95096e-05 -0.000849259 0.999999 -0.000209546 -3.8896e-05 0.000209485 1 -0.0388607 0.0657032 -0.0136186
FixedParameters: 0 0 0

#Transform 11
Transform: AffineTransform_float_3_3
Parameters: 0.999999 0.000728342 -0.000187687 -0.000728109 0.999999 0.000619971 0.00018859 -0.000619697 1 -0.0286008 0.0133264 0.00457294
FixedParameters: 0 0 0

#Transform 12
Transform: AffineTransform_float_3_3
Parameters: 1 0.000635788 -0.000161754 -0.000635723 1 0.000199966 0.000162009 -0.00019976 1 -0.0238022 0.118359 -0.0240048
FixedParameters: 0 0 0

#Transform 13
Transform: AffineTransform_float_3_3
Parameters: 0.999999 0.000832031 0.000223513 -0.000832005 1 -6.05714e-05 -0.000223621 6.10795e-05 1 -0.0328626 0.0713813 -0.00578449
FixedParameters: 0 0 0

#Transform 14
Transform: AffineTransform_float_3_3
Parameters: 0.999999 0.000728677 -0.000186133 -0.000728546 0.999999 0.000353976 0.000186649 -0.000353704 1 -0.0156043 0.0707688 -0.00266115
FixedParameters: 0 0 0

#Transform 15
Transform: AffineTransform_float_3_3
Parameters: 0.999999 0.000728872 -0.000185234 -0.000728798 0.999999 0.000199979 0.000185525 -0.000199709 1 -0.0264279 0.0705018 -0.0168089
FixedParameters: 0 0 0

#Transform 16
Transform: AffineTransform_float_3_3
Parameters: 1 0.000444468 -1.74398e-05 -0.000444664 0.999997 0.00208558 1.83304e-05 -0.00208557 0.999998 -0.00675629 0.0332161 0.0289021
FixedParameters: 0 0 0

#Transform 17
Transform: AffineTransform_float_3_3
Parameters: 1 -0.000591937 0.000151687 0.000592027 1 -0.00029778 -0.000151335 0.00029796 1 0.0175726 0.114039 -0.0378693
FixedParameters: 0 0 0

#Transform 18
Transform: AffineTransform_float_3_3
Parameters: 1 -0.000337913 0.00027934 0.000337267 1 -0.000579574 -0.000278704 0.000579765 1 0.000166809 -0.0105712 -0.0174425
FixedParameters: 0 0 0

#Transform 19
Transform: AffineTransform_float_3_3
Parameters: 1 -0.000279982 7.17585e-05 0.000280004 1 -0.000148918 -7.16751e-05 0.000148958 1 0.0144215 0.045822 -0.0191013
FixedParameters: 0 0 0

#Transform 20
Transform: AffineTransform_float_3_3
Parameters: 1 0.000184779 -4.86216e-05 -0.000184751 1 0.000292964 4.87299e-05 -0.000292946 1 -0.00181523 0.00125438 -0.00337713
FixedParameters: 0 0 0

#Transform 21
Transform: AffineTransform_float_3_3
Parameters: 1 0.000307336 -0.000486974 -0.000307038 1 0.000305402 0.000487161 -0.000305102 1 0.00430988 0.0220348 -0.0354377
FixedParameters: 0 0 0

#Transform 22
Transform: AffineTransform_float_3_3
Parameters: 1 0.000404 -0.000103511 -0.000403952 1 0.000233952 0.0001037 -0.000233869 1 -0.00428775 0.0401458 -0.0119696
FixedParameters: 0 0 0

#Transform 23
Transform: AffineTransform_float_3_3
Parameters: 1 0.000404434 -0.000101525 -0.000404452 1 -8.80411e-05 0.000101454 8.81232e-05 1 -0.00432902 0.047784 -0.00765021
FixedParameters: 0 0 0

#Transform 24
Transform: AffineTransform_float_3_3
Parameters: 1 0.000426113 -1.54845e-05 -0.000426129 1 -0.000520487 1.50409e-05 0.0005205 1 -0.0198785 0.0537311 -0.0219335
FixedParameters: 0 0 0

#Transform 25
Transform: AffineTransform_float_3_3
Parameters: 0.999999 0.000626675 0.000338199 -0.000627324 0.999999 0.000597931 -0.000338418 -0.000598361 1 -0.0280436 0.0725603 -0.0161297
FixedParameters: 0 0 0

#Transform 26
Transform: AffineTransform_float_3_3
Parameters: 1 0.000404968 -9.90901e-05 -0.000405064 1 -0.000483033 9.86988e-05 0.000483113 1 -0.0284923 0.116648 -0.037411
FixedParameters: 0 0 0

#Transform 27
Transform: AffineTransform_float_3_3
Parameters: 0.999999 0.000581989 0.000601261 -0.00058172 1 -0.000223559 -0.000601521 0.000222859 1 -0.013669 -0.0435206 0.049434
FixedParameters: 0 0 0

#Transform 28
Transform: AffineTransform_float_3_3
Parameters: 1 0.000221731 0.000500675 -0.000220429 0.999999 -0.00131253 -0.000501252 0.00131231 0.999999 -0.028401 0.158641 -0.00718192
FixedParameters: 0 0 0

#Transform 29
Transform: AffineTransform_float_3_3
Parameters: 1 -5.20585e-05 0.000328621 5.16519e-05 0.999999 -0.000856917 -0.000328287 0.000856954 0.999999 -0.00535889 0.0101052 -0.0251045
FixedParameters: 0 0 0

#Transform 30
Transform: AffineTransform_float_3_3
Parameters: 1 0.000293746 0.000338331 -0.000293753 1 1.055e-05 -0.000338325 -1.07487e-05 1 -0.0276757 0.0534644 0.00119996
FixedParameters: 0 0 0

#Transform 31
Transform: AffineTransform_float_3_3
Parameters: 1 0.000479058 0.000193668 -0.000478505 0.999999 -0.000797141 -0.000193461 0.000796962 0.999999 -0.0230749 0.0614211 -0.0371905
FixedParameters: 0 0 0

#Transform 32
Transform: AffineTransform_float_3_3
Parameters: 0.999999 0.0014918 -6.38768e-05 -0.00149164 0.999999 -0.000609466 6.3021e-05 0.000610067 0.999999 -0.0652245 0.0756933 -0.0135433
FixedParameters: 0 0 0

#Transform 33
Transform: AffineTransform_float_3_3
Parameters: 1 0.00113662 -0.000400145 -0.00113665 1 -4.27635e-05 0.000400048 4.31984e-05 1 -0.0396963 0.0496999 -0.00904202
FixedParameters: 0 0 0

#Transform 34
Transform: AffineTransform_float_3_3
Parameters: 1 0.000133046 -0.000637711 -0.0001329 1 0.00011409 0.000637741 -0.00011392 1 0.0171354 0.133123 -0.0377995
FixedParameters: 0 0 0

#Transform 35
Transform: AffineTransform_float_3_3
Parameters: 0.999999 0.000700034 -0.000151547 -0.000700075 1 -0.000900128 0.00015126 0.000899871 0.999999 -0.0407228 0.112821 -0.0235284
FixedParameters: 0 0 0

#Transform 36
Transform: AffineTransform_float_3_3
Parameters: 0.999999 0.000758152 -0.000603797 -0.00075839 0.999999 -0.000196413 0.000603499 0.000197328 1 -0.0159979 0.0574002 -0.0245393
FixedParameters: 0 0 0

#Transform 37
Transform: AffineTransform_float_3_3
Parameters: 0.999999 0.000636515 -0.000382606 -0.000636876 0.999999 -0.000471355 0.000382005 0.000471842 1 -0.0394951 0.114982 -0.041239
FixedParameters: 0 0 0

#Transform 38
Transform: AffineTransform_float_3_3
Parameters: 1 0.00102859 -0.000352798 -0.00102918 0.999998 -0.00118742 0.000351331 0.00118727 1 -0.0219828 0.111093 -0.0656469
FixedParameters: 0 0 0

#Transform 39
Transform: AffineTransform_float_3_3
Parameters: 0.999999 0.000937569 -0.000215895 -0.000937574 1 -0.000548103 0.000215841 0.000548039 1 -0.0220265 0.0685571 -0.026612
FixedParameters: 0 0 0

#Transform 40
Transform: AffineTransform_float_3_3
Parameters: 1 0.000837851 -0.000807594 -0.000838629 0.999999 -0.00123538 0.000806254 0.00123585 0.999999 -0.00907244 0.0381925 -0.0507986
FixedParameters: 0 0 0

#Transform 41
Transform: AffineTransform_float_3_3
Parameters: 0.999999 0.000757842 -0.000384049 -0.000758006 0.999999 -0.000531142 0.000384213 0.000531731 1 -0.0105124 0.0629988 -0.0341129
FixedParameters: 0 0 0

#Transform 42
Transform: AffineTransform_float_3_3
Parameters: 1 0.000735951 -0.000791652 -0.000735522 0.999999 0.000416515 0.000791298 -0.000416237 0.999999 -0.00267319 0.0762675 -0.00615023
FixedParameters: 0 0 0

#Transform 43
Transform: AffineTransform_float_3_3
Parameters: 1 0.00030879 5.94469e-05 -0.00030857 0.999998 -0.00205222 -6.07081e-05 0.00205218 0.999998 -0.0120861 0.0860606 -0.0687532
FixedParameters: 0 0 0

#Transform 44
Transform: AffineTransform_float_3_3
Parameters: 1 0.000428809 -0.000114711 -0.000428982 0.999999 -0.000754097 0.000114064 0.000754195 0.999999 -0.0110274 0.123716 -0.0513109
FixedParameters: 0 0 0

#Transform 45
Transform: AffineTransform_float_3_3
Parameters: 1 0.000311317 6.91641e-05 -0.000310909 0.999999 -0.00128214 -6.89894e-05 0.00128211 0.999999 -0.0123776 0.0976916 -0.0461145
FixedParameters: 0 0 0

#Transform 46
Transform: AffineTransform_float_3_3
Parameters: 1 0.000133541 -0.000633804 -0.000133196 1 -0.000492898 0.000633427 0.000493064 0.999999 0.003284 0.0757194 -0.0545407
FixedParameters: 0 0 0

#Transform 47
Transform: AffineTransform_float_3_3
Parameters: 1 0.00013419 -0.000628693 -0.000134851 0.999999 -0.00128688 0.000628105 0.00128705 0.999999 0.00319295 0.0902276 -0.0516592
FixedParameters: 0 0 0

#Transform 48
Transform: AffineTransform_float_3_3
Parameters: 0.999999 0.000580118 -0.000741302 -0.000580962 0.999999 -0.00137962 0.000740428 0.00138049 0.999999 -0.00138571 0.0875642 -0.0666727
FixedParameters: 0 0 0

#Transform 49
Transform: AffineTransform_float_3_3
Parameters: 0.999999 0.000539152 -0.000581884 -0.000540417 0.999999 -0.00128575 0.000581468 0.00128638 0.999999 -0.0038434 0.124921 -0.0724852
FixedParameters: 0 0 0

#Transform 50
Transform: AffineTransform_float_3_3
Parameters: 0.999999 0.000653465 -0.000762692 -0.000654644 0.999999 -0.000925522 0.000762461 0.000925645 1 -0.00208971 0.0877756 -0.0432216
FixedParameters: 0 0 0

#Transform 51
Transform: AffineTransform_float_3_3
Parameters: 0.999999 0.000523673 -0.000581768 -0.000524025 0.999999 -0.00133578 0.000581096 0.0013364 0.999999 -0.00352984 0.0971849 -0.068949
FixedParameters: 0 0 0

#Transform 52
Transform: AffineTransform_float_3_3
Parameters: 1 0.000756145 -0.000891454 -0.000756419 1 0.000388745 0.000892294 -0.000388747 0.999999 -0.00121659 0.0930253 -0.0209529
FixedParameters: 0 0 0

#Transform 53
Transform: AffineTransform_float_3_3
Parameters: 0.999999 0.000469261 -0.000716236 -0.000469578 1 -0.000889708 0.000715158 0.000890377 1 -0.000293706 0.102741 -0.0563942
FixedParameters: 0 0 0

#Transform 54
Transform: AffineTransform_float_3_3
Parameters: 0.999999 0.000720752 -0.000292522 -0.000721591 0.999998 -0.0018127 0.000290883 0.00181313 0.999999 -0.0118482 0.107681 -0.0772072
FixedParameters: 0 0 0

#Transform 55
Transform: AffineTransform_float_3_3
Parameters: 1 0.000291675 -0.000471613 -0.000291686 0.999999 -0.00128557 0.00047159 0.00128584 0.999999 -0.00212829 0.105788 -0.0706659
FixedParameters: 0 0 0

#Transform 56
Transform: AffineTransform_float_3_3
Parameters: 1 0.000549682 -0.000247076 -0.000550347 0.999998 -0.00179173 0.00024608 0.001792 0.999999 -0.00990471 0.0856983 -0.0714654
FixedParameters: 0 0 0

#Transform 57
Transform: AffineTransform_float_3_3
Parameters: 1 0.000440068 -0.000451152 -0.000441337 0.999998 -0.00166316 0.000450659 0.00166356 0.999998 -4.64602e-06 0.0413504 -0.0584846
FixedParameters: 0 0 0

#Transform 58
Transform: AffineTransform_float_3_3
Parameters: 0.999999 0.000110818 -0.000720771 -0.000111474 0.999999 -0.00128752 0.000721212 0.00128769 0.999999 0.0186061 0.0201525 -0.0548224
FixedParameters: 0 0 0

#Transform 59
Transform: AffineTransform_float_3_3
Parameters: 1 8.27764e-05 -0.000608238 -8.37845e-05 0.999997 -0.00239188 0.000607359 0.00239197 0.999997 0.015092 0.0842169 -0.0565433
FixedParameters: 0 0 0

#Transform 60
Transform: AffineTransform_float_3_3
Parameters: 1 0.000134272 -0.000628056 -0.000135056 0.999999 -0.00138588 0.000627441 0.00138604 0.999999 0.00336294 0.0633598 -0.0553098
FixedParameters: 0 0 0

#Transform 61
Transform: AffineTransform_float_3_3
Parameters: 1 0.000352958 0.000233079 -0.000352219 0.999998 -0.00161107 -0.000234213 0.00161091 0.999998 -0.0215524 0.0982789 -0.0846876
FixedParameters: 0 0 0

#Transform 62
Transform: AffineTransform_float_3_3
Parameters: 1 0.000320282 0.000104518 -0.000319702 0.999998 -0.00166592 -0.000104611 0.00166585 0.999998 -0.0130319 0.0792274 -0.0690646
FixedParameters: 0 0 0

#Transform 63
Transform: AffineTransform_float_3_3
Parameters: 1 0.000687381 -0.000107513 -0.000687469 0.999998 -0.00149266 0.000106433 0.00149282 0.999999 -0.0144752 0.0701115 -0.0862693
FixedParameters: 0 0 0

#Transform 64
Transform: AffineTransform_float_3_3
Parameters: 1 0.000134962 -0.000622649 -0.000135832 0.999998 -0.00222586 0.000621566 0.00222602 0.999998 0.015835 0.128739 -0.0986829
FixedParameters: 0 0 0

#Transform 65
Transform: AffineTransform_float_3_3
Parameters: 1 0.00024092 -0.000654881 -0.000241829 0.999999 -0.00142483 0.000653951 0.00142514 0.999999 0.0126565 0.0249912 0.0799536
FixedParameters: 0 0 0

#Transform 66
Transform: AffineTransform_float_3_3
Parameters: 0.999989 0.0045473 0.000339523 -0.00454904 0.999977 0.00491404 -0.000316893 -0.00491569 0.999988 -0.135723 -0.122755 0.197485
FixedParameters: 0 0 0

#Transform 67
Transform: AffineTransform_float_3_3
Parameters: 0.999997 0.00240731 0.000376348 -0.00240967 0.999989 0.0039885 -0.000366585 -0.00398954 0.999992 -0.0664836 -0.071865 0.0954388
FixedParameters: 0 0 0

#Transform 68
Transform: AffineTransform_float_3_3
Parameters: 0.999999 0.00147382 -6.87644e-05 -0.0014731 0.999997 0.00188158 7.2132e-05 -0.00188186 0.999999 -0.0452723 0.164702 0.0393584
FixedParameters: 0 0 0

#Transform 69
Transform: AffineTransform_float_3_3
Parameters: 0.999999 0.00147658 0.000413193 -0.00147755 0.999995 0.00258922 -0.000408939 -0.00258958 0.999997 -0.0535856 0.0472775 0.104919
FixedParameters: 0 0 0

#Transform 70
Transform: AffineTransform_float_3_3
Parameters: 0.999999 0.00121592 0.000482173 -0.00121633 0.999997 0.00192231 -0.000479929 -0.00192262 0.999998 -0.0374239 -0.011731 0.0582079
FixedParameters: 0 0 0

#Transform 71
Transform: AffineTransform_float_3_3
Parameters: 1 0.00103272 0.000351661 -0.00103362 0.999997 0.00193942 -0.000349841 -0.00193928 0.999998 -0.0455914 -0.0112293 0.0610759
FixedParameters: 0 0 0

#Transform 72
Transform: AffineTransform_float_3_3
Parameters: 0.999999 -0.000374946 -0.000627266 0.000371102 0.999979 -0.00649906 0.000629982 0.00649857 0.999978 0.053391 0.164749 -0.230912
FixedParameters: 0 0 0

#Transform 73
Transform: AffineTransform_float_3_3
Parameters: 1 3.84221e-05 0.000245946 -3.77891e-05 0.999999 -0.00131337 -0.000246043 0.00131335 0.999999 0.0342574 0.119595 -0.0274152
FixedParameters: 0 0 0

#Transform 74
Transform: AffineTransform_float_3_3
Parameters: 0.999995 0.00228739 0.00209956 -0.00230008 0.999978 0.0062726 -0.00208558 -0.00627784 0.999978 -0.338218 0.0259094 0.237168
FixedParameters: 0 0 0

#Transform 75
Transform: AffineTransform_float_3_3
Parameters: 0.999946 0.00386545 -0.00968448 -0.0036477 0.999743 0.0223685 0.00976824 -0.0223316 0.999703 0.201851 -0.411688 0.430265
FixedParameters: 0 0 0

#Transform 76
Transform: AffineTransform_float_3_3
Parameters: 0.999979 -0.00624321 0.00143549 0.0062304 0.999947 0.00825303 -0.00148761 -0.00824445 0.999965 -0.0147681 0.120046 0.194316
FixedParameters: 0 0 0

#Transform 77
Transform: AffineTransform_float_3_3
Parameters: 0.999779 0.0193704 0.00817122 -0.0194591 0.999751 0.0109158 -0.00795787 -0.011072 0.999907 -1.33144 -0.0979837 0.0212476
FixedParameters: 0 0 0

#Transform 78
Transform: AffineTransform_float_3_3
Parameters: 0.999948 0.00446801 0.00915155 -0.00452426 0.999971 0.00613956 -0.00912394 -0.00617985 0.999939 -0.575409 0.0504107 0.105236
FixedParameters: 0 0 0

#Transform 79
Transform: AffineTransform_float_3_3
Parameters: 0.999937 0.00440569 0.0103688 -0.00443521 0.999986 0.00287497 -0.0103562 -0.00292016 0.999942 -0.631672 0.0139838 -0.0176766
FixedParameters: 0 0 0

#Transform 80
Transform: AffineTransform_float_3_3
Parameters: 0.999976 0.00301071 0.00611239 -0.0030333 0.999989 0.00371853 -0.00610191 -0.00373766 0.999974 -0.384689 0.0656446 0.0963119
FixedParameters: 0 0 0

#Transform 81
Transform: AffineTransform_float_3_3
Parameters: 0.999988 0.00177593 0.00453383 -0.00179709 0.999988 0.00449999 -0.00452582 -0.00450792 0.99998 -0.260204 0.0081661 0.105538
FixedParameters: 0 0 0

#Transform 82
Transform: AffineTransform_float_3_3
Parameters: 0.999991 0.00111693 0.00406918 -0.00112792 0.999996 0.00275697 -0.00406691 -0.00276187 0.999988 -0.255966 0.04918 0.142482
FixedParameters: 0 0 0

#Transform 83
Transform: AffineTransform_float_3_3
Parameters: 0.999991 0.001084 0.00394374 -0.00109629 0.999994 0.00316013 -0.00394004 -0.00316497 0.999987 -0.216089 -0.0270352 0.0839841
FixedParameters: 0 0 0

#Transform 84
Transform: AffineTransform_float_3_3
Parameters: 0.999991 0.00115212 0.00421512 -0.00116413 0.999995 0.00304067 -0.00421152 -0.0030462 0.999986 -0.225952 0.0449525 0.0349287
FixedParameters: 0 0 0

#Transform 85
Transform: AffineTransform_float_3_3
Parameters: 0.999994 0.00112418 0.00346106 -0.00113534 0.999994 0.00326111 -0.00345761 -0.00326477 0.999989 -0.199937 0.0494052 0.0488771
FixedParameters: 0 0 0

#Transform 86
Transform: AffineTransform_float_3_3
Parameters: 0.999992 0.00105119 0.00380682 -0.00106201 0.999996 0.0028274 -0.00380356 -0.0028308 0.999989 -0.201457 0.0562907 0.0506747
FixedParameters: 0 0 0

#Transform 87
Transform: AffineTransform_float_3_3
Parameters: 0.999994 0.00114384 0.0033339 -0.00115111 0.999997 0.00211514 -0.00333077 -0.00211908 0.999992 -0.194915 0.0350004 0.0141425
FixedParameters: 0 0 0

#Transform 88
Transform: AffineTransform_float_3_3
Parameters: 0.999993 0.00100149 0.00359588 -0.0010085 0.999997 0.00202616 -0.00359475 -0.00203009 0.999992 -0.200604 0.0863889 0.00851054
FixedParameters: 0 0 0

#Transform 89
Transform: AffineTransform_float_3_3
Parameters: 0.999995 0.00121253 0.00307809 -0.00121746 0.999998 0.00155663 -0.00307652 -0.0015604 0.999995 -0.188598 0.0631451 -0.00142719
FixedParameters: 0 0 0

#Transform 90
Transform: AffineTransform_float_3_3
Parameters: 0.999995 0.00145117 0.00272649 -0.00145597 0.999997 0.00155414 -0.00272394 -0.00155795 0.999995 -0.17462 0.0346236 0.00785892
FixedParameters: 0 0 0

#Transform 91
Transform: AffineTransform_float_3_3
Parameters: 0.999994 0.00216667 0.00261087 -0.00216916 0.999997 0.000809356 -0.00260885 -0.000815265 0.999996 -0.233549 0.0864254 0.00402092
FixedParameters: 0 0 0

#Transform 92
Transform: AffineTransform_float_3_3
Parameters: 0.99999 -0.00238843 0.00361955 0.00238195 0.999996 0.00174339 -0.00362417 -0.00173537 0.999992 -0.105174 -0.0276993 0.0713732
FixedParameters: 0 0 0

#Transform 93
Transform: AffineTransform_float_3_3
Parameters: 0.999994 -0.00156907 0.00300867 0.00156014 0.999995 0.00289566 -0.00301261 -0.0028915 0.999991 -0.150911 0.0288918 0.081999
FixedParameters: 0 0 0

#Transform 94
Transform: AffineTransform_float_3_3
Parameters: 0.999998 0.00135131 0.00176386 -0.0013535 0.999998 0.00138054 -0.00176185 -0.00138261 0.999997 -0.186396 0.0106062 -0.0113999
FixedParameters: 0 0 0

#Transform 95
Transform: AffineTransform_float_3_3
Parameters: 1 0.000867729 0.00058976 -0.000866471 0.999999 -0.00169147 -0.000591482 0.00169133 0.999999 -0.136247 0.0313282 -0.121941
FixedParameters: 0 0 0

#Transform 96
Transform: AffineTransform_float_3_3
Parameters: 0.999999 0.00112243 0.00105539 -0.00111915 0.999996 -0.00271349 -0.0010588 0.00271249 0.999996 -0.170057 0.0793225 -0.121398
FixedParameters: 0 0 0

#Transform 97
Transform: AffineTransform_float_3_3
Parameters: 0.999998 0.00127109 0.00164367 -0.00126775 0.999998 -0.00182635 -0.00164662 0.00182443 0.999996 -0.183575 0.121615 -0.138039
FixedParameters: 0 0 0

#Transform 98
Transform: AffineTransform_float_3_3
Parameters: 0.999987 0.00483046 0.00122756 -0.0048265 0.999985 -0.00279118 -0.00124144 0.00278571 0.999995 -0.295216 0.160026 -0.151327
FixedParameters: 0 0 0

#Transform 99
Transform: AffineTransform_float_3_3
Parameters: 0.999996 0.00225724 0.00162361 -0.00225408 0.999995 -0.00216575 -0.00162829 0.00216244 0.999997 -0.226429 0.0977221 -0.146034
FixedParameters: 0 0 0

#Transform 100
Transform: AffineTransform_float_3_3
Parameters: 0.999995 0.00230125 0.00179941 -0.00229764 0.999995 -0.001807 -0.00180288 0.00180274 0.999996 -0.252423 0.170563 -0.108347
FixedParameters: 0 0 0

#Transform 101
Transform: AffineTransform_float_3_3
Parameters: 0.999547 0.0289408 -0.00818666 -0.0289088 0.999574 0.00406138 0.00830075 -0.00382338 0.999958 -0.644786 4.48344e-05 0.230967
FixedParameters: 0 0 0

#Transform 102
Transform: AffineTransform_float_3_3
Parameters: 0.99989 -2.28073e-05 -0.014777 0.000447232 0.999588 0.0287155 0.0147707 -0.028719 0.999478 0.343935 -0.561409 0.462079
FixedParameters: 0 0 0

#Transform 103
Transform: AffineTransform_float_3_3
Parameters: 0.999988 0.00485112 0.000444722 -0.00485303 0.999971 0.00583702 -0.000415714 -0.00583997 0.999983 -0.278081 0.108399 0.087395
FixedParameters: 0 0 0

#Transform 104
Transform: AffineTransform_float_3_3
Parameters: 0.999993 0.00323258 -0.00177307 -0.00322656 0.999987 0.00376679 0.00178482 -0.00376038 0.999992 -0.171103 -0.00202124 0.319335
FixedParameters: 0 0 0

#Transform 105
Transform: AffineTransform_float_3_3
Parameters: 0.999995 0.00246332 -0.00169541 -0.00245769 0.99999 0.00354011 0.00170415 -0.00353585 0.999992 -0.120542 0.0575871 0.150104
FixedParameters: 0 0 0

#Transform 106
Transform: AffineTransform_float_3_3
Parameters: 0.999995 0.00271497 -0.00155663 -0.00270891 0.999988 0.00423696 0.00156803 -0.00423357 0.99999 -0.117891 0.010723 0.157092
FixedParameters: 0 0 0

#Transform 107
Transform: AffineTransform_float_3_3
Parameters: 0.999996 0.00237984 -0.00157314 -0.00236938 0.999976 0.00663109 0.00158872 -0.00662733 0.999976 -0.119086 0.0394066 0.235316
FixedParameters: 0 0 0

#Transform 108
Transform: AffineTransform_float_3_3
Parameters: 0.999997 0.00190366 -0.00191192 -0.00189573 0.999989 0.00425559 0.0019199 -0.00425194 0.999989 -0.0732434 -0.0655787 0.143205
FixedParameters: 0 0 0

#Transform 109
Transform: AffineTransform_float_3_3
Parameters: 0.999997 0.00210387 -0.00173234 -0.00209512 0.999985 0.00508107 0.00174355 -0.00507742 0.999986 -0.0798653 -0.019665 0.19998
FixedParameters: 0 0 0

#Transform 110
Transform: AffineTransform_float_3_3
Parameters: 0.999989 0.00406427 -0.00227481 -0.00405293 0.999978 0.00529137 0.00229624 -0.00528161 0.999984 -0.159315 -0.0337434 0.24598
FixedParameters: 0 0 0

#Transform 111
Transform: AffineTransform_float_3_3
Parameters: 0.99999 0.0043699 -0.00103822 -0.00436071 0.999954 0.00851564 0.00107556 -0.00851051 0.999963 -0.198974 -0.0427652 0.334361
FixedParameters: 0 0 0

#Transform 112
Transform: AffineTransform_float_3_3
Parameters: 0.999992 0.00346329 -0.0019477 -0.00344797 0.999963 0.00785458 0.00197495 -0.00784802 0.999967 -0.141134 -0.115376 0.291399
FixedParameters: 0 0 0

#Transform 113
Transform: AffineTransform_float_3_3
Parameters: 0.999993 0.00348846 -0.00183641 -0.00347784 0.999975 0.00610301 0.00185718 -0.00609711 0.99998 -0.151747 -0.00689369 0.177188
FixedParameters: 0 0 0

#Transform 114
Transform: AffineTransform_float_3_3
Parameters: 0.999993 0.00355558 -0.0015637 -0.00354618 0.999974 0.00615699 0.00158519 -0.0061519 0.99998 -0.15769 -0.0357298 0.178197
FixedParameters: 0 0 0

#Transform 115
Transform: AffineTransform_float_3_3
Parameters: 0.999995 0.00301142 -0.000894258 -0.00300623 0.999982 0.00528404 0.000909607 -0.00528108 0.999986 -0.162152 0.0157422 0.172479
FixedParameters: 0 0 0

#Transform 116
Transform: AffineTransform_float_3_3
Parameters: 0.999993 0.00371103 -0.00106993 -0.00370476 0.999973 0.00629369 0.00109265 -0.00628914 0.99998 -0.150243 -0.100007 0.212755
FixedParameters: 0 0 0

#Transform 117
Transform: AffineTransform_float_3_3
Parameters: 0.999996 0.00284832 -0.000270229 -0.00284729 0.999985 0.0048331 0.000283713 -0.00483175 0.999988 -0.138006 0.0723412 0.169173
FixedParameters: 0 0 0

#Transform 118
Transform: AffineTransform_float_3_3
Parameters: 0.999995 0.00295229 -0.000599723 -0.00294887 0.99998 0.00561214 0.000616149 -0.00560968 0.999984 -0.131274 -0.0315973 0.239987
FixedParameters: 0 0 0

#Transform 119
Transform: AffineTransform_float_3_3
Parameters: 0.999996 0.00254 -0.000425446 -0.00253783 0.999978 0.00620302 0.000441237 -0.00620194 0.99998 -0.124132 -0.0248673 0.276375
FixedParameters: 0 0 0

#Transform 120
Transform: AffineTransform_float_3_3
Parameters: 0.999998 0.00208594 -0.0010307 -0.00207949 0.999982 0.00556205 0.00104276 -0.00555962 0.999984 -0.0769382 -0.0855038 0.173553
FixedParameters: 0 0 0

#Transform 121
Transform: AffineTransform_float_3_3
Parameters: 0.999999 0.00170732 -0.000750862 -0.00170384 0.999989 0.00432146 0.000758123 -0.00432076 0.99999 -0.0766871 -0.0241918 0.134089
FixedParameters: 0 0 0

#Transform 122
Transform: AffineTransform_float_3_3
Parameters: 0.999998 0.00162932 -0.00106587 -0.00162388 0.999989 0.00442774 0.00107305 -0.00442613 0.99999 -0.0503458 -0.0766197 0.132776
FixedParameters: 0 0 0

#Transform 123
Transform: AffineTransform_float_3_3
Parameters: 0.999999 0.00174937 -0.000579084 -0.00174747 0.999994 0.00271654 0.000583742 -0.00271501 0.999996 -0.0635454 0.0280785 0.0973113
FixedParameters: 0 0 0

#Transform 124
Transform: AffineTransform_float_3_3
Parameters: 0.999999 0.00175111 -0.000573437 -0.00174833 0.999991 0.00375941 0.000580802 -0.00375925 0.999993 -0.0613441 -0.035402 0.117035
FixedParameters: 0 0 0

#Transform 125
Transform: AffineTransform_float_3_3
Parameters: 0.999999 0.00167811 -0.000617624 -0.00167562 0.999993 0.00325098 0.000622724 -0.00324988 0.999994 -0.0595006 -0.0250054 0.11298
FixedParameters: 0 0 0

#Transform 126
Transform: AffineTransform_float_3_3
Parameters: 0.999999 0.00134239 -0.000385619 -0.00134061 0.999991 0.00399875 0.000391523 -0.00399821 0.999992 -0.0490375 -0.115755 0.153877
FixedParameters: 0 0 0

#Transform 127
Transform: AffineTransform_float_3_3
Parameters: 0.999998 0.00158913 -0.000362168 -0.00158838 0.999995 0.0027833 0.000366175 -0.00278265 0.999996 -0.0629133 -0.0325102 0.109827
FixedParameters: 0 0 0

#Transform 128
Transform: AffineTransform_float_3_3
Parameters: 0.999999 0.00151888 -0.0002971 -0.00151724 0.999992 0.00372352 0.000302363 -0.00372312 0.999993 -0.0628384 -0.0915064 0.14456
FixedParameters: 0 0 0

#Transform 129
Transform: AffineTransform_float_3_3
Parameters: 0.999999 0.00118693 -0.000821963 -0.0011842 0.999995 0.0028711 0.000825148 -0.00286964 0.999995 -0.0486224 0.0161413 0.139111
FixedParameters: 0 0 0

#Transform 130
Transform: AffineTransform_float_3_3
Parameters: 0.999999 0.00113461 -0.00048955 -0.00113307 0.999996 0.00235002 0.000491975 -0.00234893 0.999997 -0.0414213 -0.00662997 0.109094
FixedParameters: 0 0 0

#Transform 131
Transform: AffineTransform_float_3_3
Parameters: 0.999999 0.00103049 -0.000906703 -0.00102765 0.999996 0.00252133 0.000909243 -0.00252083 0.999996 -0.0448372 0.0412379 0.176103
FixedParameters: 0 0 0

#Transform 132
Transform: AffineTransform_float_3_3
Parameters: 0.999999 0.00108176 -0.000700942 -0.001079 0.999996 0.00233082 0.000704051 -0.00233019 0.999997 -0.035374 -0.0222564 0.126559
FixedParameters: 0 0 0

#Transform 133
Transform: AffineTransform_float_3_3
Parameters: 0.999999 0.00106261 -0.000780531 -0.00105933 0.999994 0.00339406 0.000784116 -0.0033929 0.999994 -0.0474107 -0.0238739 0.131118
FixedParameters: 0 0 0

#Transform 134
Transform: AffineTransform_float_3_3
Parameters: 0.999999 0.00103068 -0.000904726 -0.00102849 0.999997 0.00216452 0.000906523 -0.00216267 0.999998 -0.0446195 -0.00878113 0.107355
FixedParameters: 0 0 0

#Transform 135
Transform: AffineTransform_float_3_3
Parameters: 0.999999 0.00110314 -0.000840297 -0.00110096 0.999995 0.00306588 0.000843686 -0.0030654 0.999995 -0.0469511 -0.00592361 0.115175
FixedParameters: 0 0 0

#Transform 136
Transform: AffineTransform_float_3_3
Parameters: 0.999999 0.0010307 -0.000904559 -0.00102856 0.999997 0.00213428 0.000906294 -0.0021329 0.999997 -0.0306822 0.0530455 0.0364762
FixedParameters: 0 0 0

#Transform 137
Transform: AffineTransform_float_3_3
Parameters: 1 0.000862963 -0.000861665 -0.00086104 0.999998 0.00197519 0.000863388 -0.00197507 0.999998 -0.0430561 0.0345208 0.0720144
FixedParameters: 0 0 0

#Transform 138
Transform: AffineTransform_float_3_3
Parameters: 0.999999 0.00103048 -0.000906769 -0.00102762 0.999996 0.00253333 0.000909334 -0.00253283 0.999996 -0.0283297 0.0102257 0.112363
FixedParameters: 0 0 0

#Transform 139
Transform: AffineTransform_float_3_3
Parameters: 0.999999 0.00103071 -0.000904415 -0.00102862 0.999997 0.00210834 0.000906105 -0.00210785 0.999997 -0.0445776 -0.0128611 0.113278
FixedParameters: 0 0 0

#Transform 140
Transform: AffineTransform_float_3_3
Parameters: 0.999999 0.00138996 0.00053715 -0.00139187 0.99999 0.0041728 -0.000531351 -0.00417344 0.999991 -0.0359801 -0.047711 0.154518
FixedParameters: 0 0 0

#Transform 141
Transform: AffineTransform_float_3_3
Parameters: 0.999998 9.07475e-05 0.00209197 -9.6126e-05 0.999996 0.00272828 -0.00209195 -0.00272861 0.999994 -0.0650341 -0.0269457 0.0979081
FixedParameters: 0 0 0

#Transform 142
Transform: AffineTransform_float_3_3
Parameters: 0.999999 0.000473447 0.000568727 -0.000474578 0.999997 0.0024512 -0.000567853 -0.00245175 0.999997 -0.0299689 0.0487472 0.0785807
FixedParameters: 0 0 0

#Transform 143
Transform: AffineTransform_float_3_3
Parameters: 0.999999 -0.00135529 0.000526704 0.00135502 0.999999 0.000496987 -0.000527079 -0.000496028 1 0.052523 0.0277904 0.242354
FixedParameters: 0 0 0

#Transform 144
Transform: AffineTransform_float_3_3
Parameters: 0.999992 -0.00184339 0.00372646 0.00183805 0.999998 0.00151044 -0.00372931 -0.00150328 0.999992 0.0371618 -0.030631 0.168273
FixedParameters: 0 0 0

#Transform 145
Transform: AffineTransform_float_3_3
Parameters: 0.999999 3.94681e-05 0.00179462 -4.36348e-05 0.999996 0.00257637 -0.00179465 -0.00257645 0.999995 -0.0309107 0.0218162 0.123104
FixedParameters: 0 0 0

#Transform 146
Transform: AffineTransform_float_3_3
Parameters: 0.999999 -0.000409166 0.00120355 0.000407704 0.999998 0.00151514 -0.00120431 -0.00151456 0.999998 -0.00919126 0.0240132 0.161993
FixedParameters: 0 0 0

#Transform 147
Transform: AffineTransform_float_3_3
Parameters: 1 -0.00033692 0.000560346 0.000337429 0.999999 -0.000670575 -0.000560857 0.000670066 0.999999 -0.0166547 0.130215 0.232177
FixedParameters: 0 0 0

#Transform 148
Transform: AffineTransform_float_3_3
Parameters: 1 -0.000439003 0.000157342 0.000439056 1 -0.000987796 -0.000157441 0.000987454 0.999999 0.00652207 0.102905 0.0415299
FixedParameters: 0 0 0

#Transform 149
Transform: AffineTransform_float_3_3
Parameters: 1 -0.000544242 -0.000258958 0.000544944 0.999999 -0.000516647 0.000259276 0.000516361 1 0.0259021 0.0608048 0.0435118
FixedParameters: 0 0 0

#Transform 150
Transform: AffineTransform_float_3_3
Parameters: 1 -0.000558848 -0.000315869 0.000559293 0.999999 -0.000829085 0.000316552 0.000828728 0.999999 0.0168513 0.134169 0.0549279
FixedParameters: 0 0 0

#Transform 151
Transform: AffineTransform_float_3_3
Parameters: 0.999998 -0.00148717 -0.000704167 0.00148692 0.999999 0.000341121 0.000704358 -0.000342327 1 0.0961611 0.0256483 0.0885305
FixedParameters: 0 0 0

#Transform 152
Transform: AffineTransform_float_3_3
Parameters: 1 -0.000385991 -0.00015696 0.000386354 1 0.000376357 0.000157638 -0.000376473 1 0.0212842 -0.0471854 0.0590192
FixedParameters: 0 0 0

#Transform 153
Transform: AffineTransform_float_3_3
Parameters: 1 -0.000445868 -0.000391897 0.000446404 1 -0.000552412 0.000392145 0.000552059 1 0.0257829 0.0668852 0.0267699
FixedParameters: 0 0 0

#Transform 154
Transform: AffineTransform_float_3_3
Parameters: 1 -0.000465647 -0.000472924 0.00046598 1 0.000353946 0.000472588 -0.000353506 0.999999 0.0316415 0.00687244 0.0737672
FixedParameters: 0 0 0

#Transform 155
Transform: AffineTransform_float_3_3
Parameters: 0.999999 -0.000546469 -0.000789645 0.000546625 1 -0.00051519 0.000789963 0.000514798 1 0.0346502 0.0719489 0.0529154
FixedParameters: 0 0 0

#Transform 156
Transform: AffineTransform_float_3_3
Parameters: 0.999999 -0.000487169 -0.000557394 0.000487275 1 9.43617e-05 0.000557302 -9.49048e-05 1 0.0296855 0.0312181 0.0657711
FixedParameters: 0 0 0

#Transform 157
Transform: AffineTransform_float_3_3
Parameters: 0.999999 -0.000255871 -0.000813775 0.000256022 1 9.30757e-05 0.000813728 -9.34923e-05 0.999999 0.0305844 0.0971353 0.0633343
FixedParameters: 0 0 0

#Transform 158
Transform: AffineTransform_float_3_3
Parameters: 1 -0.000672405 -0.000840144 0.000672417 1 0.000578134 0.000839602 -0.000577905 1 0.0376535 0.0450106 0.0832793
FixedParameters: 0 0 0

#Transform 159
Transform: AffineTransform_float_3_3
Parameters: 1 -0.000480032 -0.000822634 0.000482138 0.999999 0.00172855 0.000822188 -0.00172933 0.999998 0.0345466 0.0120517 0.0974845
FixedParameters: 0 0 0

#Transform 160
Transform: AffineTransform_float_3_3
Parameters: 0.999999 -0.000546939 -0.000794718 0.000547254 1 0.000197555 0.000794502 -0.000198424 0.999999 0.034394 0.108256 0.0563194
FixedParameters: 0 0 0

#Transform 161
Transform: AffineTransform_float_3_3
Parameters: 1 -0.000450868 -0.000411918 0.000451456 1 -0.000462559 0.00041209 0.000462185 1 0.0257805 0.131955 0.0161102
FixedParameters: 0 0 0

#Transform 162
Transform: AffineTransform_float_3_3
Parameters: 0.999999 -0.000605653 -0.000764684 0.000604451 0.999998 -0.00187448 0.000765492 0.00187442 0.999998 0.0350534 0.100687 0.0287607
FixedParameters: 0 0 0

#Transform 163
Transform: AffineTransform_float_3_3
Parameters: 0.999999 -0.000531562 -0.000731048 0.00053189 1 -0.000438976 0.00073127 0.000438195 0.999999 0.0434188 0.0824285 0.0287068
FixedParameters: 0 0 0

#Transform 164
Transform: AffineTransform_float_3_3
Parameters: 0.999999 -0.000524262 -0.00070249 0.00052472 1 -0.000364755 0.000702628 0.000364015 0.999999 0.0327032 0.0722281 0.0695052
FixedParameters: 0 0 0

#Transform 165
Transform: AffineTransform_float_3_3
Parameters: 0.999999 -0.000267714 -0.000865484 0.000268139 1 0.000245699 0.000865353 -0.000246162 0.999999 0.0317972 0.0792561 0.0878049
FixedParameters: 0 0 0

#Transform 166
Transform: AffineTransform_float_3_3
Parameters: 1 7.5004e-05 -0.000663454 -7.48199e-05 1 0.000138802 0.000663475 -0.000138703 1 0.0233276 0.0270927 0.046835
FixedParameters: 0 0 0

#Transform 167
Transform: AffineTransform_float_3_3
Parameters: 1 -0.000608264 -0.00104037 0.000609625 1 0.000648842 0.00103957 -0.000648754 0.999999 0.0404686 0.0291998 0.0946113
FixedParameters: 0 0 0

#Transform 168
Transform: AffineTransform_float_3_3
Parameters: 0.999999 -0.000500467 -0.000606084 0.0005 1 -0.000973038 0.000605846 0.000972422 1 0.0307124 0.0549885 0.0526756
FixedParameters: 0 0 0

#Transform 169
Transform: AffineTransform_float_3_3
Parameters: 0.999999 -0.000217809 -0.000965438 0.000218659 1 0.000949154 0.000965271 -0.000949572 0.999999 0.0429317 0.0626444 0.0865992
FixedParameters: 0 0 0

#Transform 170
Transform: AffineTransform_float_3_3
Parameters: 0.999999 7.05882e-05 -0.000952184 -7.06886e-05 1 0.000454984 0.000952499 -0.000455727 0.999999 0.0124667 0.0611959 0.137246
FixedParameters: 0 0 0

#Transform 171
Transform: AffineTransform_float_3_3
Parameters: 0.999999 0.000104635 -0.000959293 -0.00010419 1 0.000231953 0.000959341 -0.000231753 0.999999 0.0132702 0.0683905 0.186411
FixedParameters: 0 0 0

#Transform 172
Transform: AffineTransform_float_3_3
Parameters: 1 6.74341e-05 -0.00101666 -6.7035e-05 1 0.00018855 0.00101669 -0.000189293 0.999999 -0.0039408 0.0913435 0.20869
FixedParameters: 0 0 0

#Transform 173
Transform: AffineTransform_float_3_3
Parameters: 0.999999 -0.00063253 -0.00113396 0.000632948 1 0.000178156 0.00113373 -0.000179116 1 0.00922427 0.0115279 0.186888
FixedParameters: 0 0 0

#Transform 174
Transform: AffineTransform_float_3_3
Parameters: 1 -0.000546521 -0.000790272 0.000546829 1 -0.000427429 0.000790492 0.000426562 0.999999 0.0124154 0.105992 0.179521
FixedParameters: 0 0 0

#Transform 175
Transform: AffineTransform_float_3_3
Parameters: 0.999999 -0.000546239 -0.00078719 0.000545854 0.999999 -0.00086018 0.000787884 0.000859792 1 0.02676 0.0992816 0.173836
FixedParameters: 0 0 0

#Transform 176
Transform: AffineTransform_float_3_3
Parameters: 0.999999 -0.000507154 -0.000637374 0.000507532 1 0.0002977 0.000637065 -0.000297467 0.999999 0.0267261 0.117358 0.147548
FixedParameters: 0 0 0

#Transform 177
Transform: AffineTransform_float_3_3
Parameters: 0.999999 -0.000546958 -0.000794932 0.000547321 1 0.000227554 0.000794682 -0.000228424 0.999999 0.0352778 0.00859366 0.107152
FixedParameters: 0 0 0

#Transform 178
Transform: AffineTransform_float_3_3
Parameters: 0.999999 -0.000547187 -0.000797424 0.000548108 0.999999 0.000577782 0.000796791 -0.00057818 1 0.0415086 0.0499711 0.0922086
FixedParameters: 0 0 0

#Transform 179
Transform: AffineTransform_float_3_3
Parameters: 0.999998 -0.000709827 -0.00144266 0.00071126 1 0.000492655 0.00144195 -0.00049335 0.999998 0.0593284 0.108599 0.111247
FixedParameters: 0 0 0

#Transform 180
Transform: AffineTransform_float_3_3
Parameters: 0.999999 -0.000547315 -0.000798819 0.000548548 0.999999 0.000773716 0.000797965 -0.000773236 0.999999 0.0389402 -0.0496161 0.125429
FixedParameters: 0 0 0

#Transform 181
Transform: AffineTransform_float_3_3
Parameters: 0.999999 -0.000823607 -7.21098e-05 0.000823636 0.999999 0.000200278 7.17798e-05 -0.000200396 1 0.0573321 0.106564 0.0858998
FixedParameters: 0 0 0

#Transform 182
Transform: AffineTransform_float_3_3
Parameters: 0.999997 -0.00213499 0.00171515 0.00213551 0.999998 -0.000145466 -0.0017145 0.0001492 0.999999 0.13748 0.0377048 0.100343
FixedParameters: 0 0 0

#Transform 183
Transform: AffineTransform_float_3_3
Parameters: 0.999985 -0.00361715 0.0042649 0.00361256 0.999993 0.00101196 -0.00426893 -0.00099667 0.999991 0.120202 0.01647 0.100154
FixedParameters: 0 0 0

#Transform 184
Transform: AffineTransform_float_3_3
Parameters: 0.999982 -0.00410244 0.00439216 0.00410019 0.999992 0.000580014 -0.00439433 -0.000561846 0.99999 0.113636 0.0480557 0.108907
FixedParameters: 0 0 0

#Transform 185
Transform: AffineTransform_float_3_3
Parameters: 0.999986 -0.0038783 0.00339793 0.00387502 0.999992 0.000961686 -0.00340091 -0.000948784 0.999994 0.118949 0.0195397 0.0876119
FixedParameters: 0 0 0

#Transform 186
Transform: AffineTransform_float_3_3
Parameters: 0.999996 -0.00269684 0.00131339 0.00269552 0.999996 0.000693399 -0.00131517 -0.000689079 0.999998 0.101075 0.0198927 0.126959
FixedParameters: 0 0 0

#Transform 187
Transform: AffineTransform_float_3_3
Parameters: 0.999995 -0.00257792 0.00151827 0.00257731 0.999997 0.000203329 -0.00151929 -0.000199158 0.999998 0.0833958 0.0368424 0.117408
FixedParameters: 0 0 0

#Transform 188
Transform: AffineTransform_float_3_3
Parameters: 0.999998 -0.00199833 0.000708648 0.00199832 0.999998 5.69903e-06 -0.000708666 -3.81606e-06 1 0.0843655 0.0604356 0.0562094
FixedParameters: 0 0 0

#Transform 189
Transform: AffineTransform_float_3_3
