# transform file /out/sourcedata/freesurfer/sub-v2s13x29124_ses-1/mri/transforms/cc_up.lta
# created by oesteban on Wed Mar 11 06:23:58 2026

type      = 0 # LINEAR_VOX_TO_VOX
nxforms   = 1
mean      = 129.0000 141.0000 124.0000
sigma     = 10000.0000
1 4 4
9.978430867195129e-01 -6.564305722713470e-02 6.141638732515275e-04 7.391279220581055e+00 
6.564304977655411e-02 9.978432655334473e-01 4.040273779537529e-05 5.885132312774658e+00 
-6.154913571663201e-04 0.000000000000000e+00 9.999998807907104e-01 1.407836914062500e+01 
0.000000000000000e+00 0.000000000000000e+00 0.000000000000000e+00 1.000000000000000e+00 
src volume info
valid = 1  # volume info valid
filename = /out/sourcedata/freesurfer/sub-v2s13x29124_ses-1/mri/norm.mgz
volume = 256 256 256
voxelsize = 8.984375000000000e-01 8.984375000000000e-01 8.984375000000000e-01
xras   = -9.999999403953552e-01 1.036602470527725e-09 -2.073204941055451e-09
yras   = 0.000000000000000e+00 1.658563952844361e-08 -1.000000000000000e+00
zras   = -5.183012352638627e-10 9.999999403953552e-01 1.658563952844361e-08
cras   = -8.738098144531250e-01 9.426345825195312e-01 1.963745117187500e+01
dst volume info
valid = 1  # volume info valid
filename = /out/sourcedata/freesurfer/sub-v2s13x29124_ses-1/mri/norm.mgz
volume = 256 256 256
voxelsize = 8.984375000000000e-01 8.984375000000000e-01 8.984375000000000e-01
xras   = -9.999999403953552e-01 1.036602470527725e-09 -2.073204941055451e-09
yras   = 0.000000000000000e+00 1.658563952844361e-08 -1.000000000000000e+00
zras   = -5.183012352638627e-10 9.999999403953552e-01 1.658563952844361e-08
cras   = -8.738098144531250e-01 9.426345825195312e-01 1.963745117187500e+01
