# transform file transforms/talairach.lta
# created by oesteban on Wed Mar 11 04:54:38 2026

type      = 0 # LINEAR_VOX_TO_VOX
nxforms   = 1
mean      = 129.0000 143.0000 124.0000
sigma     = 10000.0000
1 4 4
9.124598503112793e-01 -4.767069593071938e-02 -8.736627176403999e-03 1.604351615905762e+01 
4.458398371934891e-02 9.344484210014343e-01 2.824739217758179e-01 -4.224131393432617e+01 
-5.511233117431402e-03 -2.611287236213684e-01 8.575397133827209e-01 4.502975082397461e+01 
0.000000000000000e+00 0.000000000000000e+00 0.000000000000000e+00 1.000000000000000e+00 
src volume info
valid = 1  # volume info valid
filename = nu.mgz
volume = 256 256 256
voxelsize = 8.984375000000000e-01 8.984375000000000e-01 8.984375000000000e-01
xras   = -9.999999403953552e-01 1.036602470527725e-09 -2.073204941055451e-09
yras   = 0.000000000000000e+00 1.658563952844361e-08 -1.000000000000000e+00
zras   = -5.183012352638627e-10 9.999999403953552e-01 1.658563952844361e-08
cras   = -8.738098144531250e-01 9.426345825195312e-01 1.963745117187500e+01
dst volume info
valid = 1  # volume info valid
filename = /opt/freesurfer/average/RB_all_2020-01-02.gca
volume = 256 256 256
voxelsize = 1.000000000000000e+00 1.000000000000000e+00 1.000000000000000e+00
xras   = -1.000000000000000e+00 0.000000000000000e+00 0.000000000000000e+00
yras   = 0.000000000000000e+00 0.000000000000000e+00 -1.000000000000000e+00
zras   = 0.000000000000000e+00 1.000000000000000e+00 0.000000000000000e+00
cras   = 0.000000000000000e+00 0.000000000000000e+00 0.000000000000000e+00
