type      = 1 # LINEAR_RAS_TO_RAS
nxforms   = 1
mean      = 0.0000 0.0000 0.0000
sigma     = 1.0000
1 4 4
1.089633941650391e+00 4.133999813348055e-03 -6.332299858331680e-02 2.987639904022217e+00 
4.622299969196320e-02 1.032281041145325e+00 3.146449923515320e-01 -1.605764770507812e+01 
1.930299960076809e-02 -2.937619984149933e-01 1.074231028556824e+00 -1.116842746734619e+01 
0.000000000000000e+00 0.000000000000000e+00 0.000000000000000e+00 1.000000000000000e+00 
src volume info
valid = 1  # volume info valid
filename = /out/sourcedata/freesurfer/sub-v2s13x29124_ses-1/mri/orig_nu.mgz
volume = 256 256 256
voxelsize = 8.984375000000000e-01 8.984375000000000e-01 8.984375000000000e-01
xras   = -9.999999403953552e-01 1.036602470527725e-09 -2.073204941055451e-09
yras   = 0.000000000000000e+00 1.658563952844361e-08 -1.000000000000000e+00
zras   = -5.183012352638627e-10 9.999999403953552e-01 1.658563952844361e-08
cras   = -8.738098144531250e-01 9.426345825195312e-01 1.963745117187500e+01
dst volume info
valid = 1  # volume info valid
filename = /opt/freesurfer/average/mni305.cor.mgz
volume = 256 256 256
voxelsize = 1.000000000000000e+00 1.000000000000000e+00 1.000000000000000e+00
xras   = -1.000000000000000e+00 0.000000000000000e+00 0.000000000000000e+00
yras   = 0.000000000000000e+00 0.000000000000000e+00 -1.000000000000000e+00
zras   = 0.000000000000000e+00 1.000000000000000e+00 0.000000000000000e+00
cras   = 0.000000000000000e+00 0.000000000000000e+00 0.000000000000000e+00
subject fsaverage
fscale 0.100000
