type      = 0 # LINEAR_VOX_TO_VOX
nxforms   = 1
mean      = 0.0000 0.0000 0.0000
sigma     = 1.0000
1 4 4
9.789679050445557e-01 -5.689175799489021e-02 -3.714138874784112e-03 9.653762817382812e+00 
1.734253950417042e-02 9.651294350624084e-01 2.639267444610596e-01 -4.117199707031250e+01 
-4.152847453951836e-02 -2.826888263225555e-01 9.274399280548096e-01 4.184135437011719e+01 
0.000000000000000e+00 0.000000000000000e+00 0.000000000000000e+00 1.000000000000000e+00 
src volume info
valid = 1  # volume info valid
filename = /out/sourcedata/freesurfer/sub-v2s13x29124_ses-1/mri/orig.mgz
volume = 256 256 256
voxelsize = 8.984375000000000e-01 8.984375000000000e-01 8.984375000000000e-01
xras   = -9.999999403953552e-01 1.036602470527725e-09 -2.073204941055451e-09
yras   = 0.000000000000000e+00 1.658563952844361e-08 -1.000000000000000e+00
zras   = -5.183012352638627e-10 9.999999403953552e-01 1.658563952844361e-08
cras   = -8.738098144531250e-01 9.426345825195312e-01 1.963745117187500e+01
dst volume info
valid = 1  # volume info valid
filename = /opt/freesurfer/average/mni305.cor.mgz
volume = 256 256 256
voxelsize = 1.000000000000000e+00 1.000000000000000e+00 1.000000000000000e+00
xras   = -1.000000000000000e+00 0.000000000000000e+00 0.000000000000000e+00
yras   = 0.000000000000000e+00 0.000000000000000e+00 -1.000000000000000e+00
zras   = 0.000000000000000e+00 1.000000000000000e+00 0.000000000000000e+00
cras   = 0.000000000000000e+00 0.000000000000000e+00 0.000000000000000e+00
subject fsaverage
fscale 0.100000
