#Insight Transform File V1.0
#Transform 0
Transform: AffineTransform_float_3_3
Parameters: 1 -0.000253714 7.20255e-05 0.000253641 0.999996 0.00257825 -7.23856e-05 -0.00257821 0.999996 -0.0479436 -0.114662 0.0390017
FixedParameters: 0 0 0

#Transform 1
Transform: AffineTransform_float_3_3
Parameters: 1 -7.68708e-05 -0.000217546 7.75139e-05 0.999999 0.00151138 0.000217315 -0.00151142 0.999999 -0.0390544 -0.0594947 -0.00265914
FixedParameters: 0 0 0

#Transform 2
Transform: AffineTransform_float_3_3
Parameters: 1 -0.00011533 2.79045e-05 0.000115199 0.999999 0.00182609 -2.832e-05 -0.00182609 0.999999 -0.0530748 -0.0820814 -0.0396407
FixedParameters: 0 0 0

#Transform 3
Transform: AffineTransform_float_3_3
Parameters: 1 -0.000237836 7.59619e-05 0.000237618 0.999999 0.00134027 -7.65964e-05 -0.00134023 0.999999 -0.045302 -0.059368 -0.0173548
FixedParameters: 0 0 0

#Transform 4
Transform: AffineTransform_float_3_3
Parameters: 1 -3.15971e-05 -8.93795e-05 3.1718e-05 1 0.000676341 8.93367e-05 -0.000676347 1 -0.0322587 0.0232869 -0.101739
FixedParameters: 0 0 0

#Transform 5
Transform: AffineTransform_float_3_3
Parameters: 1 3.5124e-05 9.2309e-05 -3.54049e-05 0.999999 0.00144573 -9.22044e-05 -0.00144574 0.999999 -0.0480937 -0.0511636 -0.0359135
FixedParameters: 0 0 0

#Transform 6
Transform: AffineTransform_float_3_3
Parameters: 1 -4.26928e-05 -0.000461021 4.34688e-05 0.999999 0.000841693 0.000460948 -0.000841733 0.999999 -0.0209486 -0.053421 -0.0363252
FixedParameters: 0 0 0

#Transform 7
Transform: AffineTransform_float_3_3
Parameters: 1 2.76816e-05 -0.000165064 -2.73338e-05 1 0.00109591 0.000165127 -0.0010959 1 -0.0285471 -0.0780463 -0.0416315
FixedParameters: 0 0 0

#Transform 8
Transform: AffineTransform_float_3_3
Parameters: 1 -3.16762e-05 -8.88537e-05 3.17596e-05 1 0.00046934 8.88239e-05 -0.000469345 1 -0.0256694 -0.0397314 -0.0139329
FixedParameters: 0 0 0

#Transform 9
Transform: AffineTransform_float_3_3
Parameters: 1 -4.98711e-06 -1.42371e-05 4.99146e-06 1 0.000152897 1.42356e-05 -0.000152897 1 -0.0278141 -0.0406716 -0.0535083
FixedParameters: 0 0 0

#Transform 10
Transform: AffineTransform_float_3_3
Parameters: 1 -5.74094e-06 -1.82091e-05 5.76701e-06 0.999999 0.000715882 1.82009e-05 -0.000715882 0.999999 -0.0276341 -0.0609133 -0.025812
FixedParameters: 0 0 0

#Transform 11
Transform: AffineTransform_float_3_3
Parameters: 1 -5.44824e-06 -1.66639e-05 5.4648e-06 1 0.000496888 1.66585e-05 -0.000496888 1 -0.028041 0.000640785 -0.0151423
FixedParameters: 0 0 0

#Transform 12
Transform: AffineTransform_float_3_3
Parameters: 1 -5.07705e-06 -1.47097e-05 5.08352e-06 1 0.000219895 1.47075e-05 -0.000219895 1 -0.0155505 -0.0700695 -0.0208255
FixedParameters: 0 0 0

#Transform 13
Transform: AffineTransform_float_3_3
Parameters: 1 -5.59401e-06 -1.7433e-05 5.61513e-06 1 0.000605885 1.74262e-05 -0.000605885 1 -0.0266094 -0.0893478 0.00104475
FixedParameters: 0 0 0

#Transform 14
Transform: AffineTransform_float_3_3
Parameters: 1 3.53652e-05 9.70002e-05 -3.53859e-05 1 0.000106731 -9.69927e-05 -0.000106738 1 -0.0218613 -0.0385807 0.0273685
FixedParameters: 0 0 0

#Transform 15
Transform: AffineTransform_float_3_3
Parameters: 1 2.34055e-05 6.33089e-05 -2.34503e-05 1 0.000353486 -6.32923e-05 -0.000353489 1 -0.012175 -0.0498984 0.025961
FixedParameters: 0 0 0

#Transform 16
Transform: AffineTransform_float_3_3
Parameters: 1 0.000143406 0.000393369 -0.000143885 1 0.000608926 -0.000393194 -0.000609039 0.999999 -0.0194067 -0.0421783 -0.0077914
FixedParameters: 0 0 0

#Transform 17
Transform: AffineTransform_float_3_3
Parameters: 1 -5.34383e-06 -1.61136e-05 5.35733e-06 1 0.00041889 1.61092e-05 -0.00041889 1 -0.00330291 -0.0509314 -0.00501139
FixedParameters: 0 0 0

#Transform 18
Transform: AffineTransform_float_3_3
Parameters: 1 -5.24335e-06 -1.55845e-05 5.25407e-06 1 0.000343892 1.55809e-05 -0.000343892 1 -0.00512259 0.0189408 -0.0159808
FixedParameters: 0 0 0

#Transform 19
Transform: AffineTransform_float_3_3
Parameters: 1 2.17104e-05 0.000247004 -2.23073e-05 1 0.0011798 -0.000246949 -0.00117981 1 -0.0145335 -0.05878 0.0108108
FixedParameters: 0 0 0

#Transform 20
Transform: AffineTransform_float_3_3
Parameters: 1 5.21565e-05 -3.60765e-05 -5.2135e-05 1 0.000297826 3.61076e-05 -0.000297822 1 -0.00765031 -0.00515868 0.00344191
FixedParameters: 0 0 0

#Transform 21
Transform: AffineTransform_float_3_3
Parameters: 1 -5.40741e-05 7.64987e-06 5.40799e-05 1 -0.000381029 -7.60866e-06 0.00038103 1 -0.00813081 0.047171 -0.0448605
FixedParameters: 0 0 0

#Transform 22
Transform: AffineTransform_float_3_3
Parameters: 1 -0.00012435 3.95313e-05 0.000124431 1 -0.00120292 -3.92293e-05 0.00120293 1 -0.00787775 -0.00177213 -0.0265261
FixedParameters: 0 0 0

#Transform 23
Transform: AffineTransform_float_3_3
Parameters: 1 -0.000103239 -0.000280486 0.000102754 0.999999 -0.000864168 0.000280664 0.00086411 0.999999 0.00397626 0.0307226 -0.054986
FixedParameters: 0 0 0

#Transform 24
Transform: AffineTransform_float_3_3
Parameters: 1 -0.000105849 -0.00028848 0.000105464 1 -0.000666225 0.000288621 0.000666164 0.999999 0.000387716 -0.00358002 -0.0240218
FixedParameters: 0 0 0

#Transform 25
Transform: AffineTransform_float_3_3
Parameters: 0.999999 1.04013e-05 -0.000738481 -1.10972e-05 1 -0.00109821 0.000738119 0.00109822 0.999999 0.0108289 0.0264841 -0.0706975
FixedParameters: 0 0 0

#Transform 26
Transform: AffineTransform_float_3_3
Parameters: 1 0.000135048 -0.000647787 -0.000135684 1 -0.000490307 0.000647654 0.000490482 0.999999 0.00749633 0.000809334 -0.0486726
FixedParameters: 0 0 0

#Transform 27
Transform: AffineTransform_float_3_3
Parameters: 0.999999 0.000248597 -0.000714141 -0.000248969 1 -0.000260525 0.000714011 0.00026088 0.999999 0.00788228 0.0525472 -0.0845942
FixedParameters: 0 0 0

#Transform 28
Transform: AffineTransform_float_3_3
Parameters: 1 0.000275039 -0.000638275 -0.000275881 1 -0.000915972 0.000638713 0.00091633 1 0.005924 0.041111 -0.0581092
FixedParameters: 0 0 0

#Transform 29
Transform: AffineTransform_float_3_3
Parameters: 1 -1.85482e-05 -0.000526943 1.78885e-05 0.999999 -0.00150479 0.000526659 0.00150477 0.999998 0.0116934 0.0564971 -0.108253
FixedParameters: 0 0 0

#Transform 30
Transform: AffineTransform_float_3_3
Parameters: 1 -4.83768e-06 -0.00018595 5.4823e-06 0.999999 -0.000794339 0.000185616 0.000794334 0.999999 -0.00335566 0.0119402 -0.0750928
FixedParameters: 0 0 0

#Transform 31
Transform: AffineTransform_float_3_3
Parameters: 1 -0.000111641 -0.000270459 0.000110646 0.999999 -0.00178614 0.000270862 0.00178608 0.999999 0.0268103 0.0730992 -0.0862267
FixedParameters: 0 0 0

#Transform 32
Transform: AffineTransform_float_3_3
Parameters: 1 -0.000182686 -0.00046488 0.000181935 0.999999 -0.00178766 0.000465196 0.00178749 0.999999 0.0327839 0.0217488 -0.112309
FixedParameters: 0 0 0

#Transform 33
Transform: AffineTransform_float_3_3
Parameters: 1 9.77719e-06 5.93195e-05 -9.6587e-06 0.999999 -0.000998594 -5.93389e-05 0.000998593 0.999999 0.017581 -0.0045323 -0.0965951
FixedParameters: 0 0 0

#Transform 34
Transform: AffineTransform_float_3_3
Parameters: 1 -0.000224455 4.07147e-05 0.000225509 0.999998 -0.00158705 -4.03394e-05 0.00158707 0.999998 0.0194843 0.0870904 -0.0993111
FixedParameters: 0 0 0

#Transform 35
Transform: AffineTransform_float_3_3
Parameters: 1 -0.000121759 0.000260635 0.000121277 0.999999 -0.00155934 -0.000260852 0.0015594 0.999999 0.0263981 0.0151931 -0.0976717
FixedParameters: 0 0 0

#Transform 36
Transform: AffineTransform_float_3_3
Parameters: 1 -0.000246988 0.000534816 0.000248155 1 -0.00110446 -0.000534266 0.00110473 0.999999 0.0171524 0.044794 -0.100271
FixedParameters: 0 0 0

#Transform 37
Transform: AffineTransform_float_3_3
Parameters: 1 -0.000326458 0.000335741 0.000326239 0.999998 -0.00160401 -0.000335289 0.00160423 0.999998 0.0304778 0.0502471 -0.0823848
FixedParameters: 0 0 0

#Transform 38
Transform: AffineTransform_float_3_3
Parameters: 1 -0.000521557 0.000412677 0.000522725 0.999997 -0.00229565 -0.000412151 0.00229607 0.999998 0.0303202 0.0384183 -0.0661508
FixedParameters: 0 0 0

#Transform 39
Transform: AffineTransform_float_3_3
Parameters: 1 -0.000767879 0.000928435 0.000769058 0.999999 -0.00151615 -0.000927638 0.00151693 0.999998 0.0278075 0.0756344 -0.0529345
FixedParameters: 0 0 0

#Transform 40
Transform: AffineTransform_float_3_3
Parameters: 1 -0.000514818 0.000841046 0.000515786 0.999998 -0.0021146 -0.00084005 0.00211406 0.999997 0.0394239 0.0532313 -0.0801965
FixedParameters: 0 0 0

#Transform 41
Transform: AffineTransform_float_3_3
Parameters: 0.999999 -0.000484433 0.000820466 0.000485687 0.999999 -0.000978389 -0.000820447 0.000978413 1 0.0325775 0.0323049 -0.0610781
FixedParameters: 0 0 0

#Transform 42
Transform: AffineTransform_float_3_3
Parameters: 0.999999 -0.000297466 0.000752318 0.000298587 1 -0.000978788 -0.000752665 0.000978464 1 0.039519 0.0426504 -0.0956761
FixedParameters: 0 0 0

#Transform 43
Transform: AffineTransform_float_3_3
Parameters: 0.999999 -0.000577195 0.000513709 0.000577854 0.999998 -0.00226393 -0.000512624 0.00226452 0.999998 0.0509493 0.097937 -0.115694
FixedParameters: 0 0 0

#Transform 44
Transform: AffineTransform_float_3_3
Parameters: 1 -0.00076828 0.000927042 0.000769141 0.999998 -0.00133772 -0.000926516 0.00133837 0.999999 0.0395458 0.00232204 -0.080823
FixedParameters: 0 0 0

#Transform 45
Transform: AffineTransform_float_3_3
Parameters: 1 -0.00062721 0.000879744 0.000628793 0.999998 -0.00183015 -0.00087898 0.00183125 0.999998 0.0392531 0.0531459 -0.0987203
FixedParameters: 0 0 0

#Transform 46
Transform: AffineTransform_float_3_3
Parameters: 1 -0.000619923 0.000876223 0.000621318 0.999998 -0.00172906 -0.000875606 0.00172937 0.999999 0.0432911 0.0314009 -0.120873
FixedParameters: 0 0 0

#Transform 47
Transform: AffineTransform_float_3_3
Parameters: 1 -0.000552611 0.0010716 0.000553856 0.999999 -0.00117752 -0.00107088 0.00117794 0.999999 0.0335926 0.0343302 -0.0982836
FixedParameters: 0 0 0

#Transform 48
Transform: AffineTransform_float_3_3
Parameters: 1 -0.000590374 0.000863476 0.000591682 0.999998 -0.00149813 -0.000862297 0.00149838 0.999998 0.0435308 0.0625058 -0.0929129
FixedParameters: 0 0 0

#Transform 49
Transform: AffineTransform_float_3_3
Parameters: 1 -0.000593755 0.000866164 0.000595014 0.999999 -0.00167012 -0.000865708 0.00167037 0.999999 0.0520712 0.035793 -0.133601
FixedParameters: 0 0 0

#Transform 50
Transform: AffineTransform_float_3_3
Parameters: 0.999999 -0.000533726 0.00128389 0.000534502 0.999999 -0.00116591 -0.00128289 0.00116651 0.999998 0.0279249 0.0302255 -0.116085
FixedParameters: 0 0 0

#Transform 51
Transform: AffineTransform_float_3_3
Parameters: 0.999999 -0.000309082 0.000966233 0.000310683 0.999998 -0.00149723 -0.000965895 0.00149706 0.999998 0.0536685 0.00858396 -0.0895141
FixedParameters: 0 0 0

#Transform 52
Transform: AffineTransform_float_3_3
Parameters: 0.999999 -0.000479519 0.00083024 0.000481787 0.999997 -0.00236735 -0.000829488 0.00236738 0.999997 0.0584696 0.0432664 -0.127728
FixedParameters: 0 0 0

#Transform 53
Transform: AffineTransform_float_3_3
Parameters: 1 -0.000386979 0.00113491 0.000388355 0.999999 -0.00159002 -0.00113393 0.00159013 0.999999 0.0472642 0.0610887 -0.135623
FixedParameters: 0 0 0

#Transform 54
Transform: AffineTransform_float_3_3
Parameters: 1 -0.000283468 0.00119687 0.000285566 0.999998 -0.00180954 -0.00119609 0.00180946 0.999998 0.0362329 0.0270038 -0.110593
FixedParameters: 0 0 0

#Transform 55
Transform: AffineTransform_float_3_3
Parameters: 0.999999 -0.000483991 0.000832256 0.000484976 0.999998 -0.00215745 -0.000831353 0.00215825 0.999998 0.0583976 0.0498719 -0.144658
FixedParameters: 0 0 0

#Transform 56
Transform: AffineTransform_float_3_3
Parameters: 0.999999 -0.000463196 0.000825155 0.000464251 0.999998 -0.0022185 -0.000824286 0.00221926 0.999997 0.0585617 0.0299877 -0.141358
FixedParameters: 0 0 0

#Transform 57
Transform: AffineTransform_float_3_3
Parameters: 0.999999 -0.000640764 0.0012768 0.000643261 0.999997 -0.00198599 -0.00127544 0.00198686 0.999997 0.0316652 0.0480805 -0.132172
FixedParameters: 0 0 0

#Transform 58
Transform: AffineTransform_float_3_3
Parameters: 0.999999 -0.000339365 0.0012247 0.000342448 0.999997 -0.00231536 -0.00122431 0.00231542 0.999996 0.035778 0.0560811 -0.102415
FixedParameters: 0 0 0

#Transform 59
Transform: AffineTransform_float_3_3
Parameters: 1 -0.000410455 0.00105375 0.000412755 0.999997 -0.00231965 -0.00105303 0.00231974 0.999997 0.0411716 0.0437942 -0.127084
FixedParameters: 0 0 0

#Transform 60
Transform: AffineTransform_float_3_3
Parameters: 0.999999 -0.000327766 0.00134077 0.000330029 0.999998 -0.00180349 -0.00134077 0.0018036 0.999997 0.0257646 0.0314031 -0.129518
FixedParameters: 0 0 0

#Transform 61
Transform: AffineTransform_float_3_3
Parameters: 0.999999 -0.000387495 0.00124459 0.000391327 0.999997 -0.00258634 -0.00124377 0.00258731 0.999996 0.0369592 0.0604729 -0.166811
FixedParameters: 0 0 0

#Transform 62
Transform: AffineTransform_float_3_3
Parameters: 1 -0.000393585 0.00109676 0.000395586 0.999998 -0.00208711 -0.0010963 0.00208861 0.999997 0.0464156 0.0589366 -0.195754
FixedParameters: 0 0 0

#Transform 63
Transform: AffineTransform_float_3_3
Parameters: 0.999999 -0.000433782 0.00117882 0.000435652 0.999998 -0.0017407 -0.00117756 0.00174096 0.999998 0.0489754 0.0284468 -0.185781
FixedParameters: 0 0 0

#Transform 64
Transform: AffineTransform_float_3_3
Parameters: 0.999999 -0.00042989 0.00125664 0.000432764 0.999998 -0.00217313 -0.00125595 0.00217344 0.999997 0.04679 0.0520962 -0.174301
FixedParameters: 0 0 0

#Transform 65
Transform: AffineTransform_float_3_3
Parameters: 0.999999 -0.000476936 0.0011605 0.000480997 0.999995 -0.00287256 -0.00115893 0.00287354 0.999996 0.0500145 0.0279241 -0.182041
FixedParameters: 0 0 0

#Transform 66
Transform: AffineTransform_float_3_3
Parameters: 0.999999 -0.000621946 0.00132839 0.000624305 0.999997 -0.00234461 -0.00132725 0.00234549 0.999996 0.0360638 0.0157525 -0.174156
FixedParameters: 0 0 0

#Transform 67
Transform: AffineTransform_float_3_3
Parameters: 0.999999 -0.000729692 0.0010345 0.000732356 0.999996 -0.00271191 -0.00103265 0.00271264 0.999996 0.055311 0.056747 -0.157478
FixedParameters: 0 0 0

#Transform 68
Transform: AffineTransform_float_3_3
Parameters: 0.999999 -0.000737563 0.00123654 0.000740433 0.999997 -0.00234533 -0.0012352 0.00234638 0.999996 0.0499519 0.0459672 -0.174217
FixedParameters: 0 0 0

#Transform 69
Transform: AffineTransform_float_3_3
Parameters: 0.999998 -0.000610629 0.00153101 0.000614534 0.999997 -0.00211993 -0.0015296 0.00212027 0.999997 0.0414583 0.017875 -0.150755
FixedParameters: 0 0 0

#Transform 70
Transform: AffineTransform_float_3_3
Parameters: 0.999999 -0.000614396 0.00118443 0.000618644 0.999992 -0.00400708 -0.00118186 0.00400712 0.999991 0.0499054 0.143735 -0.214381
FixedParameters: 0 0 0

#Transform 71
Transform: AffineTransform_float_3_3
Parameters: 0.999999 -0.000673616 0.00118826 0.000677425 0.999993 -0.00365473 -0.00118475 0.00365556 0.999993 0.0505349 0.0888783 -0.237744
FixedParameters: 0 0 0

#Transform 72
Transform: AffineTransform_float_3_3
Parameters: 0.999999 -0.000673616 0.00118826 0.000677425 0.999993 -0.00365473 -0.00118475 0.00365556 0.999993 0.0669344 0.115855 -0.247431
FixedParameters: 0 0 0

#Transform 73
Transform: AffineTransform_float_3_3
Parameters: 0.999999 -0.000698123 0.001122 0.000702003 0.999992 -0.00406838 -0.00111868 0.00406994 0.999991 0.0689674 0.111953 -0.245531
FixedParameters: 0 0 0

#Transform 74
Transform: AffineTransform_float_3_3
Parameters: 0.999999 -0.000674267 0.00118628 0.000678411 0.999994 -0.00339874 -0.00118346 0.00339957 0.999993 0.0673079 0.0702417 -0.239178
FixedParameters: 0 0 0

#Transform 75
Transform: AffineTransform_float_3_3
Parameters: 0.999999 -0.000672969 0.00119022 0.000677043 0.999992 -0.00390872 -0.00118731 0.00390955 0.999992 0.0807389 0.139176 -0.255643
FixedParameters: 0 0 0

#Transform 76
Transform: AffineTransform_float_3_3
Parameters: 0.999999 -0.000671492 0.00119471 0.000676942 0.99999 -0.00449003 -0.00119101 0.00449022 0.999989 0.0846163 0.145724 -0.285874
FixedParameters: 0 0 0

#Transform 77
Transform: AffineTransform_float_3_3
Parameters: 0.999999 -0.000710977 0.00136774 0.000716229 0.999994 -0.00348123 -0.00136548 0.00348163 0.999994 0.0736545 0.0947245 -0.268975
FixedParameters: 0 0 0

#Transform 78
Transform: AffineTransform_float_3_3
Parameters: 0.999998 -0.000752673 0.00146591 0.000756896 0.999994 -0.00321245 -0.00146343 0.00321312 0.999994 0.0582199 0.121016 -0.249859
FixedParameters: 0 0 0

#Transform 79
Transform: AffineTransform_float_3_3
Parameters: 0.999999 -0.000684454 0.0011591 0.000688507 0.999992 -0.00401129 -0.00115596 0.00401146 0.999991 0.0700112 0.126609 -0.304405
FixedParameters: 0 0 0

#Transform 80
Transform: AffineTransform_float_3_3
Parameters: 0.999999 -0.000568474 0.00147438 0.000572903 0.999995 -0.00326352 -0.00147303 0.00326442 0.999993 0.0606796 0.0481546 -0.255725
FixedParameters: 0 0 0

#Transform 81
Transform: AffineTransform_float_3_3
Parameters: 0.999998 -0.000636477 0.00156758 0.000642088 0.999993 -0.00375669 -0.0015648 0.00375716 0.999992 0.0609326 0.0619165 -0.237067
FixedParameters: 0 0 0

#Transform 82
Transform: AffineTransform_float_3_3
Parameters: 0.999999 -0.000737986 0.00131771 0.000744365 0.999992 -0.00405475 -0.0013144 0.00405592 0.999991 0.0745998 0.109031 -0.23938
FixedParameters: 0 0 0

#Transform 83
Transform: AffineTransform_float_3_3
Parameters: 0.999998 -0.000547583 0.00153126 0.000552006 0.999994 -0.00333709 -0.00152868 0.003338 0.999993 0.0698748 0.0185179 -0.221878
FixedParameters: 0 0 0

#Transform 84
Transform: AffineTransform_float_3_3
Parameters: 0.999999 -0.000725127 0.00159606 0.000730454 0.999994 -0.00329256 -0.00159365 0.0032941 0.999993 0.0643728 0.0707725 -0.234196
FixedParameters: 0 0 0

#Transform 85
Transform: AffineTransform_float_3_3
Parameters: 0.999998 -0.00113419 0.00130635 0.00113845 0.999992 -0.00376606 -0.00130109 0.00376683 0.999992 0.0772789 0.135513 -0.262478
FixedParameters: 0 0 0

#Transform 86
Transform: AffineTransform_float_3_3
Parameters: 0.999998 -0.000912447 0.00181122 0.000919012 0.999994 -0.00334069 -0.00180841 0.00334246 0.999993 0.0714283 0.0234446 -0.224036
FixedParameters: 0 0 0

#Transform 87
Transform: AffineTransform_float_3_3
Parameters: 0.999998 -0.000913206 0.00180931 0.000919245 0.999995 -0.0031007 -0.001806 0.00310247 0.999994 0.0712001 0.0441152 -0.248666
FixedParameters: 0 0 0

#Transform 88
Transform: AffineTransform_float_3_3
Parameters: 0.999998 -0.000911572 0.00181342 0.000918196 0.999993 -0.00361668 -0.00180976 0.00361845 0.999992 0.0870352 0.0738276 -0.241866
FixedParameters: 0 0 0

#Transform 89
Transform: AffineTransform_float_3_3
Parameters: 0.999998 -0.000959801 0.00183279 0.000967221 0.999992 -0.00379651 -0.00182844 0.00379849 0.999991 0.0798831 0.11658 -0.256961
FixedParameters: 0 0 0

#Transform 90
Transform: AffineTransform_float_3_3
Parameters: 0.999998 -0.000774784 0.00218766 0.000780598 0.999996 -0.00250134 -0.00218615 0.00250307 0.999995 0.0572306 0.030561 -0.188396
FixedParameters: 0 0 0

#Transform 91
Transform: AffineTransform_float_3_3
Parameters: 0.999998 -0.00091335 0.00180895 0.000919224 0.999995 -0.0030557 -0.00180572 0.00305747 0.999994 0.0724969 0.161107 -0.241543
FixedParameters: 0 0 0

#Transform 92
Transform: AffineTransform_float_3_3
Parameters: 0.999998 -0.0006741 0.00186672 0.0006788 0.999998 -0.00229433 -0.00186539 0.00229532 0.999996 0.0663131 0.0441446 -0.200804
FixedParameters: 0 0 0

#Transform 93
Transform: AffineTransform_float_3_3
Parameters: 0.999998 -0.00093274 0.00175628 0.00093797 0.999996 -0.00269142 -0.00175396 0.00269251 0.999994 0.088186 0.114853 -0.222926
FixedParameters: 0 0 0

#Transform 94
Transform: AffineTransform_float_3_3
Parameters: 0.999998 -0.000915996 0.00180229 0.000920131 0.999997 -0.00222005 -0.00179999 0.00222117 0.999996 0.087234 0.0476092 -0.245114
FixedParameters: 0 0 0

#Transform 95
Transform: AffineTransform_float_3_3
Parameters: 0.999998 -0.000917878 0.00179753 0.000921153 0.999998 -0.00162174 -0.00179573 0.00162351 0.999997 0.0870812 0.0762234 -0.224022
FixedParameters: 0 0 0

#Transform 96
Transform: AffineTransform_float_3_3
Parameters: 0.999998 -0.00103392 0.00184659 0.00103871 0.999997 -0.00234332 -0.00184351 0.0023456 0.999996 0.0990282 0.0437845 -0.211577
FixedParameters: 0 0 0

#Transform 97
Transform: AffineTransform_float_3_3
Parameters: 0.999997 -0.00105646 0.00185484 0.00106129 0.999997 -0.00234324 -0.00185165 0.00234563 0.999996 0.100026 0.05403 -0.228889
FixedParameters: 0 0 0

#Transform 98
Transform: AffineTransform_float_3_3
Parameters: 0.999998 -0.00102858 0.00210314 0.0010321 0.999997 -0.00197212 -0.00210051 0.00197415 0.999996 0.0806516 0.0620752 -0.229574
FixedParameters: 0 0 0

#Transform 99
Transform: AffineTransform_float_3_3
Parameters: 0.999998 -0.00116655 0.00189722 0.00117113 0.999996 -0.00256405 -0.00189359 0.00256553 0.999995 0.0969027 0.0927364 -0.234831
FixedParameters: 0 0 0

#Transform 100
Transform: AffineTransform_float_3_3
Parameters: 0.999997 -0.00117298 0.00189458 0.00117776 0.999998 -0.00203417 -0.00189191 0.00203643 0.999996 0.0952888 0.0501324 -0.227288
FixedParameters: 0 0 0

#Transform 101
Transform: AffineTransform_float_3_3
Parameters: 0.999997 -0.00126493 0.00205114 0.00126782 0.999998 -0.00163869 -0.00204876 0.00164093 0.999996 0.101633 0.0488705 -0.241282
FixedParameters: 0 0 0

#Transform 102
Transform: AffineTransform_float_3_3
Parameters: 0.999997 -0.000910334 0.00226123 0.000913905 0.999998 -0.00163694 -0.00226002 0.00163875 0.999996 0.0880442 0.0273504 -0.188242
FixedParameters: 0 0 0

#Transform 103
Transform: AffineTransform_float_3_3
Parameters: 0.999997 -0.00114163 0.00182271 0.00114708 0.999995 -0.00274748 -0.00182007 0.00275009 0.999995 0.105887 0.142715 -0.252687
FixedParameters: 0 0 0

#Transform 104
Transform: AffineTransform_float_3_3
Parameters: 0.999998 -0.0010797 0.00202735 0.00108399 0.999997 -0.0020017 -0.00202479 0.00200378 0.999996 0.0913578 0.0865335 -0.233639
FixedParameters: 0 0 0

#Transform 105
Transform: AffineTransform_float_3_3
Parameters: 0.999997 -0.00114723 0.00188609 0.00115139 0.999997 -0.00247327 -0.00188277 0.00247542 0.999995 0.0963589 0.104754 -0.2226
FixedParameters: 0 0 0

#Transform 106
Transform: AffineTransform_float_3_3
Parameters: 0.999997 -0.0012041 0.00181799 0.00120874 0.999996 -0.0025298 -0.00181554 0.00253199 0.999995 0.109639 0.0561874 -0.243898
FixedParameters: 0 0 0

#Transform 107
Transform: AffineTransform_float_3_3
Parameters: 0.999998 -0.00120545 0.00190739 0.00121032 0.999997 -0.00247106 -0.00190507 0.00247347 0.999995 0.104632 0.0984595 -0.242364
FixedParameters: 0 0 0

#Transform 108
Transform: AffineTransform_float_3_3
Parameters: 0.999998 -0.00113835 0.00204763 0.00114187 0.999997 -0.00187849 -0.00204606 0.00188085 0.999996 0.100616 0.066525 -0.216498
FixedParameters: 0 0 0

#Transform 109
Transform: AffineTransform_float_3_3
Parameters: 0.999997 -0.00111851 0.00182196 0.00112357 0.999996 -0.00254781 -0.00181895 0.0025497 0.999995 0.106122 0.0884495 -0.23839
FixedParameters: 0 0 0

#Transform 110
Transform: AffineTransform_float_3_3
Parameters: 0.999998 -0.000917682 0.00179781 0.000921061 0.999997 -0.00201075 -0.00179589 0.00201252 0.999996 0.105514 0.0333424 -0.216552
FixedParameters: 0 0 0

#Transform 111
Transform: AffineTransform_float_3_3
Parameters: 0.999997 -0.0011339 0.00187357 0.0011372 0.999998 -0.00165735 -0.00187192 0.00165942 0.999997 0.0993923 0.0942695 -0.227393
FixedParameters: 0 0 0

#Transform 112
Transform: AffineTransform_float_3_3
Parameters: 0.999997 -0.00125993 0.0021105 0.00126486 0.999996 -0.00246923 -0.00210757 0.00247159 0.999995 0.117686 0.101231 -0.225175
FixedParameters: 0 0 0

#Transform 113
Transform: AffineTransform_float_3_3
Parameters: 0.999997 -0.00128384 0.00204537 0.00128816 0.999997 -0.00231575 -0.00204178 0.00231805 0.999996 0.109859 0.0622074 -0.225141
FixedParameters: 0 0 0

#Transform 114
Transform: AffineTransform_float_3_3
Parameters: 0.999996 -0.00124767 0.00232576 0.00125106 0.999997 -0.00162298 -0.00232441 0.00162571 0.999996 0.112309 0.0342269 -0.205172
FixedParameters: 0 0 0

#Transform 115
Transform: AffineTransform_float_3_3
Parameters: 0.999997 -0.00135363 0.00200598 0.00135872 0.999997 -0.00231815 -0.0020024 0.0023214 0.999995 0.113998 0.133164 -0.251535
FixedParameters: 0 0 0

#Transform 116
Transform: AffineTransform_float_3_3
Parameters: 0.999997 -0.00143766 0.00203543 0.00144235 0.999997 -0.00218405 -0.00203184 0.00218631 0.999995 0.121545 0.0406788 -0.231521
FixedParameters: 0 0 0

#Transform 117
Transform: AffineTransform_float_3_3
Parameters: 0.999997 -0.00162342 0.00219782 0.00162715 0.999998 -0.00150749 -0.00219502 0.00151103 0.999996 0.11808 0.110989 -0.260653
FixedParameters: 0 0 0

#Transform 118
Transform: AffineTransform_float_3_3
Parameters: 0.999997 -0.0013052 0.00198708 0.00130973 0.999996 -0.00219522 -0.00198404 0.00219745 0.999995 0.121568 0.0612174 -0.237531
FixedParameters: 0 0 0

#Transform 119
Transform: AffineTransform_float_3_3
Parameters: 0.999997 -0.00130315 0.00199221 0.00130884 0.999995 -0.0028092 -0.00198817 0.00281144 0.999994 0.112712 0.0655053 -0.265692
FixedParameters: 0 0 0

#Transform 120
Transform: AffineTransform_float_3_3
Parameters: 0.999996 -0.00119736 0.00228234 0.00120184 0.999998 -0.00189884 -0.00228049 0.00190136 0.999995 0.106479 0.0484603 -0.192813
FixedParameters: 0 0 0

#Transform 121
Transform: AffineTransform_float_3_3
Parameters: 0.999997 -0.00113522 0.00245233 0.00113941 0.999998 -0.00189707 -0.00245038 0.00189957 0.999996 0.0930611 0.0530623 -0.191555
FixedParameters: 0 0 0

#Transform 122
Transform: AffineTransform_float_3_3
Parameters: 0.999997 -0.00117806 0.00194698 0.00118374 0.999996 -0.00287676 -0.00194349 0.00287917 0.999994 0.120997 0.138337 -0.211997
FixedParameters: 0 0 0

#Transform 123
Transform: AffineTransform_float_3_3
Parameters: 0.999997 -0.00135127 0.00201184 0.00135756 0.999994 -0.00301569 -0.00200791 0.00301881 0.999994 0.120845 0.1181 -0.26688
FixedParameters: 0 0 0

#Transform 124
Transform: AffineTransform_float_3_3
Parameters: 0.999997 -0.00130478 0.00198813 0.00130981 0.999997 -0.00232121 -0.00198477 0.00232345 0.999996 0.114509 0.0512641 -0.232769
FixedParameters: 0 0 0

#Transform 125
Transform: AffineTransform_float_3_3
Parameters: 0.999998 -0.00136917 0.00181198 0.00137513 0.999993 -0.00326169 -0.00180727 0.00326369 0.999993 0.126457 0.103527 -0.275586
FixedParameters: 0 0 0

#Transform 126
Transform: AffineTransform_float_3_3
Parameters: 0.999997 -0.00144761 0.00159815 0.00145178 0.999995 -0.00284358 -0.00159449 0.00284601 0.999995 0.121206 0.0523415 -0.271518
FixedParameters: 0 0 0

#Transform 127
Transform: AffineTransform_float_3_3
Parameters: 0.999997 -0.00114859 0.00179209 0.00115415 0.999995 -0.00273104 -0.00178851 0.00273298 0.999994 0.115091 0.0725724 -0.25133
FixedParameters: 0 0 0

#Transform 128
Transform: AffineTransform_float_3_3
Parameters: 0.999998 -0.00157136 0.00126244 0.00157601 0.99999 -0.00409161 -0.00125603 0.00409413 0.999991 0.137818 0.146479 -0.324238
FixedParameters: 0 0 0

#Transform 129
Transform: AffineTransform_float_3_3
Parameters: 0.999998 -0.00121973 0.00168225 0.00122469 0.999994 -0.00311662 -0.00167794 0.00311918 0.999994 0.118878 0.0790188 -0.267346
FixedParameters: 0 0 0

#Transform 130
Transform: AffineTransform_float_3_3
Parameters: 0.999997 -0.000990642 0.00196715 0.000996044 0.999995 -0.00292859 -0.00196335 0.00292955 0.999994 0.109177 0.0564872 -0.248741
FixedParameters: 0 0 0

#Transform 131
Transform: AffineTransform_float_3_3
Parameters: 0.999998 -0.00118896 0.00147913 0.0011946 0.999992 -0.00391077 -0.00147405 0.00391285 0.999991 0.133337 0.141458 -0.295935
FixedParameters: 0 0 0

#Transform 132
Transform: AffineTransform_float_3_3
Parameters: 0.999998 -0.00135693 0.00184524 0.00136281 0.999993 -0.00353242 -0.00184047 0.00353447 0.999992 0.12527 0.118176 -0.311963
FixedParameters: 0 0 0

#Transform 133
Transform: AffineTransform_float_3_3
Parameters: 0.999999 -0.00079752 0.00162803 0.000802561 0.999993 -0.0035383 -0.00162534 0.00354012 0.999992 0.113666 0.0911607 -0.285083
FixedParameters: 0 0 0

#Transform 134
Transform: AffineTransform_float_3_3
Parameters: 0.999999 -0.00107251 0.00144268 0.0010795 0.999989 -0.0046081 -0.00143794 0.00460976 0.999988 0.117376 0.153051 -0.332429
FixedParameters: 0 0 0

#Transform 135
Transform: AffineTransform_float_3_3
Parameters: 0.999998 -0.000961844 0.00184798 0.000967077 0.999994 -0.00316437 -0.00184484 0.00316638 0.999993 0.114376 0.0656939 -0.273137
FixedParameters: 0 0 0

#Transform 136
Transform: AffineTransform_float_3_3
Parameters: 0.999998 -0.000870772 0.00181728 0.000876883 0.999994 -0.00346366 -0.00181419 0.00346529 0.999992 0.108738 0.104986 -0.257258
FixedParameters: 0 0 0

#Transform 137
Transform: AffineTransform_float_3_3
Parameters: 0.999999 -0.00116287 0.00140535 0.00116816 0.999991 -0.00411438 -0.00140094 0.00411622 0.999991 0.134976 0.144006 -0.31058
FixedParameters: 0 0 0

#Transform 138
Transform: AffineTransform_float_3_3
Parameters: 0.999998 -0.00133293 0.00191042 0.00134029 0.999992 -0.00380601 -0.00190509 0.00380891 0.999991 0.123657 0.111402 -0.277026
FixedParameters: 0 0 0

#Transform 139
Transform: AffineTransform_float_3_3
Parameters: 0.999997 -0.00125803 0.00211468 0.0012649 0.999993 -0.0033109 -0.00211117 0.00331391 0.999993 0.11757 0.110062 -0.267493
FixedParameters: 0 0 0

#Transform 140
Transform: AffineTransform_float_3_3
Parameters: 0.999998 -0.00128517 0.00157671 0.001291 0.999993 -0.00372614 -0.00157135 0.00372736 0.999992 0.131874 0.104822 -0.287785
FixedParameters: 0 0 0

#Transform 141
Transform: AffineTransform_float_3_3
Parameters: 0.999997 -0.00130796 0.00197855 0.00131512 0.999993 -0.00353433 -0.00197317 0.00353655 0.999992 0.12158 0.104935 -0.29626
FixedParameters: 0 0 0

#Transform 142
Transform: AffineTransform_float_3_3
Parameters: 0.999998 -0.00122175 0.00194644 0.00122945 0.999994 -0.00348876 -0.00194213 0.00349133 0.999992 0.121771 0.099209 -0.264117
FixedParameters: 0 0 0

#Transform 143
Transform: AffineTransform_float_3_3
Parameters: 0.999998 -0.000961537 0.00168885 0.000969185 0.99999 -0.00429879 -0.00168445 0.00430127 0.999989 0.12596 0.139603 -0.313852
FixedParameters: 0 0 0

#Transform 144
Transform: AffineTransform_float_3_3
Parameters: 0.999997 -0.00131126 0.00197027 0.00131613 0.999996 -0.00254448 -0.00196596 0.00254747 0.999994 0.114304 0.0593386 -0.237793
FixedParameters: 0 0 0

#Transform 145
Transform: AffineTransform_float_3_3
Parameters: 0.999998 -0.000779392 0.00179002 0.00078684 0.999991 -0.00416594 -0.00178611 0.0041672 0.99999 0.115321 0.175046 -0.286331
FixedParameters: 0 0 0

#Transform 146
Transform: AffineTransform_float_3_3
Parameters: 0.999998 -0.000928744 0.00184192 0.000936343 0.999992 -0.00382966 -0.00183773 0.00383013 0.999991 0.12239 0.0555794 -0.267054
FixedParameters: 0 0 0

#Transform 147
Transform: AffineTransform_float_3_3
Parameters: 0.999998 -0.000760873 0.00187891 0.000766767 0.999995 -0.00319722 -0.00187606 0.00319855 0.999993 0.104324 0.102599 -0.257304
FixedParameters: 0 0 0

#Transform 148
Transform: AffineTransform_float_3_3
Parameters: 0.999998 -0.00101239 0.0014407 0.00101836 0.999991 -0.00401466 -0.00143585 0.00401603 0.999991 0.121274 0.155435 -0.3037
FixedParameters: 0 0 0

#Transform 149
Transform: AffineTransform_float_3_3
Parameters: 0.999997 -0.00104745 0.00187889 0.00105361 0.999995 -0.00311008 -0.00187567 0.00311247 0.999993 0.121783 0.103523 -0.286117
FixedParameters: 0 0 0

#Transform 150
Transform: AffineTransform_float_3_3
Parameters: 0.999998 -0.000890125 0.00182272 0.00089596 0.999994 -0.0032806 -0.00181889 0.00328232 0.999993 0.122378 0.0804313 -0.249417
FixedParameters: 0 0 0

#Transform 151
Transform: AffineTransform_float_3_3
Parameters: 0.999998 -0.000982293 0.00185875 0.000988896 0.999993 -0.00351928 -0.00185478 0.0035214 0.999992 0.121845 0.116865 -0.283709
FixedParameters: 0 0 0

#Transform 152
Transform: AffineTransform_float_3_3
Parameters: 0.999998 -0.00125465 0.00154393 0.00126085 0.999991 -0.00404011 -0.00153894 0.00404179 0.999991 0.128114 0.0865374 -0.29476
FixedParameters: 0 0 0

#Transform 153
Transform: AffineTransform_float_3_3
Parameters: 0.999998 -0.000959765 0.00185048 0.000966311 0.999993 -0.00351936 -0.00184666 0.00352137 0.999992 0.121699 0.131913 -0.289799
FixedParameters: 0 0 0

#Transform 154
Transform: AffineTransform_float_3_3
Parameters: 0.999998 -0.00104873 0.00179932 0.00105625 0.99999 -0.00436008 -0.00179463 0.00436167 0.999989 0.123997 0.127925 -0.290664
FixedParameters: 0 0 0

#Transform 155
Transform: AffineTransform_float_3_3
Parameters: 0.999998 -0.00126633 0.00157299 0.00127285 0.999991 -0.00406587 -0.00156784 0.00406765 0.999991 0.131969 0.0873526 -0.295192
FixedParameters: 0 0 0

#Transform 156
Transform: AffineTransform_float_3_3
Parameters: 0.999998 -0.000960129 0.00174506 0.000966294 0.999993 -0.00362753 -0.00174103 0.0036287 0.999992 0.124861 0.0896905 -0.290627
FixedParameters: 0 0 0

#Transform 157
Transform: AffineTransform_float_3_3
Parameters: 0.999998 -0.00110203 0.00170672 0.00110952 0.99999 -0.00420849 -0.0017013 0.00421071 0.99999 0.127079 0.104937 -0.26515
FixedParameters: 0 0 0

#Transform 158
Transform: AffineTransform_float_3_3
Parameters: 0.999997 -0.00146125 0.00156176 0.00146806 0.99999 -0.00430505 -0.00155527 0.00430818 0.999989 0.133948 0.09529 -0.277002
FixedParameters: 0 0 0

#Transform 159
Transform: AffineTransform_float_3_3
Parameters: 0.999997 -0.00115135 0.00188578 0.00115782 0.999993 -0.00352719 -0.00188153 0.00352858 0.999992 0.122552 0.110421 -0.291187
FixedParameters: 0 0 0

#Transform 160
Transform: AffineTransform_float_3_3
Parameters: 0.999998 -0.00110658 0.00161329 0.0011125 0.999991 -0.00406524 -0.00160911 0.00406726 0.999991 0.129393 0.127506 -0.251611
FixedParameters: 0 0 0

#Transform 161
Transform: AffineTransform_float_3_3
Parameters: 0.999998 -0.00111856 0.00174572 0.00112639 0.99999 -0.00431049 -0.00174087 0.0043122 0.999989 0.126001 0.127996 -0.287431
FixedParameters: 0 0 0

#Transform 162
Transform: AffineTransform_float_3_3
Parameters: 0.999999 -0.000792 0.00131279 0.000796976 0.999992 -0.00402279 -0.00130971 0.00402409 0.999991 0.134688 0.0935166 -0.27915
FixedParameters: 0 0 0

#Transform 163
Transform: AffineTransform_float_3_3
Parameters: 0.999998 -0.00100661 0.00139277 0.00101218 0.999991 -0.00413437 -0.00138866 0.00413498 0.999991 0.134043 0.141466 -0.264297
FixedParameters: 0 0 0

#Transform 164
Transform: AffineTransform_float_3_3
Parameters: 0.999998 -0.00101415 0.00167038 0.00102187 0.999989 -0.00447082 -0.00166611 0.00447266 0.999989 0.122865 0.142249 -0.293316
FixedParameters: 0 0 0

#Transform 165
Transform: AffineTransform_float_3_3
Parameters: 0.999998 -0.000809678 0.00184434 0.00081618 0.999993 -0.00351848 -0.00184158 0.00351993 0.999992 0.120845 0.109003 -0.261375
FixedParameters: 0 0 0

#Transform 166
Transform: AffineTransform_float_3_3
Parameters: 0.999999 -0.000849414 0.00155348 0.000856157 0.99999 -0.00438511 -0.0015499 0.00438556 0.999989 0.128613 0.150059 -0.280266
FixedParameters: 0 0 0

#Transform 167
Transform: AffineTransform_float_3_3
Parameters: 0.999998 -0.000937461 0.00145907 0.000943964 0.99999 -0.00426452 -0.00145529 0.00426571 0.99999 0.132009 0.0914798 -0.297738
FixedParameters: 0 0 0

#Transform 168
Transform: AffineTransform_float_3_3
Parameters: 0.999999 -0.00095301 0.00146007 0.000958374 0.999993 -0.00374062 -0.00145622 0.00374262 0.999992 0.122473 0.122347 -0.302822
FixedParameters: 0 0 0

#Transform 169
Transform: AffineTransform_float_3_3
Parameters: 0.999998 -0.000952868 0.00146048 0.000958372 0.999992 -0.00379261 -0.00145654 0.00379462 0.999992 0.132207 0.0836075 -0.28216
FixedParameters: 0 0 0

#Transform 170
Transform: AffineTransform_float_3_3
Parameters: 0.999999 -0.00107823 0.00112045 0.00108319 0.99999 -0.00445371 -0.0011154 0.00445469 0.999989 0.141962 0.117741 -0.303512
FixedParameters: 0 0 0

#Transform 171
Transform: AffineTransform_float_3_3
Parameters: 0.999998 -0.000944047 0.001291 0.000950003 0.999989 -0.00462232 -0.00128648 0.00462333 0.999988 0.136233 0.126028 -0.30938
FixedParameters: 0 0 0

#Transform 172
Transform: AffineTransform_float_3_3
Parameters: 0.999998 -0.000952916 0.00146035 0.000958372 0.999992 -0.0037755 -0.00145643 0.00377673 0.999992 0.131748 0.130496 -0.31219
FixedParameters: 0 0 0

#Transform 173
Transform: AffineTransform_float_3_3
Parameters: 0.999998 -0.00099078 0.00135721 0.000994878 0.999993 -0.00355632 -0.00135346 0.00355746 0.999993 0.135261 0.0710229 -0.290898
FixedParameters: 0 0 0

#Transform 174
Transform: AffineTransform_float_3_3
Parameters: 0.999999 -0.00108985 0.00108923 0.0010946 0.999989 -0.00465309 -0.00108459 0.00465479 0.999988 0.142772 0.1394 -0.296122
FixedParameters: 0 0 0

#Transform 175
Transform: AffineTransform_float_3_3
Parameters: 0.999999 -0.00100394 0.00105625 0.00100867 0.999989 -0.00462622 -0.00105152 0.0046269 0.999989 0.142919 0.126307 -0.308946
FixedParameters: 0 0 0

#Transform 176
Transform: AffineTransform_float_3_3
Parameters: 0.999998 -0.00098679 0.00136868 0.000991908 0.999989 -0.00451537 -0.00136458 0.00451728 0.999989 0.136664 0.174105 -0.336452
FixedParameters: 0 0 0

#Transform 177
Transform: AffineTransform_float_3_3
Parameters: 0.999999 -0.00109748 0.00106784 0.00110148 0.999991 -0.00421514 -0.00106315 0.00421605 0.999991 0.143264 0.135006 -0.306534
FixedParameters: 0 0 0

#Transform 178
Transform: AffineTransform_float_3_3
Parameters: 0.999998 -0.000977252 0.00139489 0.000984167 0.999987 -0.0050925 -0.00138973 0.0050938 0.999986 0.154378 0.145919 -0.316336
FixedParameters: 0 0 0

#Transform 179
Transform: AffineTransform_float_3_3
Parameters: 0.999998 -0.00135002 0.00159747 0.00135607 0.999992 -0.00396196 -0.00159286 0.00396343 0.999991 0.144783 0.112179 -0.314103
FixedParameters: 0 0 0

#Transform 180
Transform: AffineTransform_float_3_3
Parameters: 0.999998 -0.00120801 0.00145932 0.00121376 0.999991 -0.00412094 -0.00145452 0.00412303 0.99999 0.146114 0.126992 -0.287214
FixedParameters: 0 0 0

#Transform 181
Transform: AffineTransform_float_3_3
Parameters: 0.999998 -0.00134931 0.00159948 0.00135612 0.999991 -0.00420196 -0.00159422 0.00420342 0.99999 0.152259 0.109157 -0.297722
FixedParameters: 0 0 0

#Transform 182
Transform: AffineTransform_float_3_3
Parameters: 0.999997 -0.00131253 0.00169935 0.00131934 0.999993 -0.00346278 -0.00169482 0.00346505 0.999993 0.149193 0.108032 -0.298013
FixedParameters: 0 0 0

#Transform 183
Transform: AffineTransform_float_3_3
Parameters: 0.999999 -0.00125541 0.00136553 0.00126119 0.999989 -0.0044196 -0.00135958 0.00442083 0.999989 0.157007 0.184996 -0.330738
FixedParameters: 0 0 0

#Transform 184
Transform: AffineTransform_float_3_3
Parameters: 0.999998 -0.00135081 0.00159521 0.00135728 0.999993 -0.00369297 -0.00159072 0.00369444 0.999992 0.144111 0.052079 -0.281971
FixedParameters: 0 0 0

#Transform 185
Transform: AffineTransform_float_3_3
Parameters: 0.999997 -0.00130412 0.00172221 0.00131109 0.999992 -0.0038396 -0.00171734 0.0038419 0.999991 0.148786 0.0987099 -0.268375
FixedParameters: 0 0 0

#Transform 186
Transform: AffineTransform_float_3_3
Parameters: 0.999997 -0.00131746 0.00168606 0.00132637 0.999987 -0.00490294 -0.00167885 0.00490519 0.999987 0.166221 0.135928 -0.285324
FixedParameters: 0 0 0

#Transform 187
Transform: AffineTransform_float_3_3
Parameters: 0.999998 -0.00134677 0.0016067 0.00135471 0.999987 -0.00506093 -0.00160066 0.0050624 0.999986 0.154492 0.192294 -0.330945
FixedParameters: 0 0 0

#Transform 188
Transform: AffineTransform_float_3_3
Parameters: 0.999998 -0.00136664 0.00155257 0.00137408 0.999989 -0.00453804 -0.00154624 0.00454008 0.999989 0.14935 0.149055 -0.265891
FixedParameters: 0 0 0

#Transform 189
Transform: AffineTransform_float_3_3
