# transform file /out/sourcedata/freesurfer/sub-v2s13x29098_ses-1/mri/transforms/cc_up.lta
# created by oesteban on Wed Mar 11 04:53:30 2026

type      = 0 # LINEAR_VOX_TO_VOX
nxforms   = 1
mean      = 125.0000 128.0000 125.0000
sigma     = 10000.0000
1 4 4
9.999459981918335e-01 9.587154723703861e-03 4.035463556647301e-03 8.664883375167847e-01 
-9.587076492607594e-03 9.999541044235229e-01 -3.869038482662290e-05 2.022347831726074e+01 
-4.035649355500937e-03 -3.637979240772582e-12 9.999919533729553e-01 6.511919021606445e+00 
0.000000000000000e+00 0.000000000000000e+00 0.000000000000000e+00 1.000000000000000e+00 
src volume info
valid = 1  # volume info valid
filename = /out/sourcedata/freesurfer/sub-v2s13x29098_ses-1/mri/norm.mgz
volume = 256 256 256
voxelsize = 8.984374403953552e-01 8.984374403953552e-01 8.984374403953552e-01
xras   = -9.999999403953552e-01 6.542035663192891e-11 4.049228834179797e-12
yras   = 2.429537300507878e-11 -4.146410326200112e-09 -9.999999403953552e-01
zras   = -6.478766134687675e-11 9.999999403953552e-01 2.073205163100056e-09
cras   = 4.366462707519531e+00 -1.958267211914062e+00 3.483276367187500e+01
dst volume info
valid = 1  # volume info valid
filename = /out/sourcedata/freesurfer/sub-v2s13x29098_ses-1/mri/norm.mgz
volume = 256 256 256
voxelsize = 8.984374403953552e-01 8.984374403953552e-01 8.984374403953552e-01
xras   = -9.999999403953552e-01 6.542035663192891e-11 4.049228834179797e-12
yras   = 2.429537300507878e-11 -4.146410326200112e-09 -9.999999403953552e-01
zras   = -6.478766134687675e-11 9.999999403953552e-01 2.073205163100056e-09
cras   = 4.366462707519531e+00 -1.958267211914062e+00 3.483276367187500e+01
