type      = 1 # LINEAR_RAS_TO_RAS
nxforms   = 1
mean      = 0.0000 0.0000 0.0000
sigma     = 1.0000
1 4 4
1.070747971534729e+00 -1.922000013291836e-02 1.465800032019615e-02 -7.009429931640625e+00 
-6.983199715614319e-02 1.042888045310974e+00 2.297000028192997e-03 -1.450875854492188e+01 
-1.230799965560436e-02 -3.735000034794211e-03 1.118276953697205e+00 -3.194032287597656e+01 
0.000000000000000e+00 0.000000000000000e+00 0.000000000000000e+00 1.000000000000000e+00 
src volume info
valid = 1  # volume info valid
filename = /out/sourcedata/freesurfer/sub-v2s13x29098_ses-1/mri/orig_nu.mgz
volume = 256 256 256
voxelsize = 8.984374403953552e-01 8.984374403953552e-01 8.984374403953552e-01
xras   = -9.999999403953552e-01 6.542035663192891e-11 4.049228834179797e-12
yras   = 2.429537300507878e-11 -4.146410326200112e-09 -9.999999403953552e-01
zras   = -6.478766134687675e-11 9.999999403953552e-01 2.073205163100056e-09
cras   = 4.366462707519531e+00 -1.958267211914062e+00 3.483276367187500e+01
dst volume info
valid = 1  # volume info valid
filename = /opt/freesurfer/average/mni305.cor.mgz
volume = 256 256 256
voxelsize = 1.000000000000000e+00 1.000000000000000e+00 1.000000000000000e+00
xras   = -1.000000000000000e+00 0.000000000000000e+00 0.000000000000000e+00
yras   = 0.000000000000000e+00 0.000000000000000e+00 -1.000000000000000e+00
zras   = 0.000000000000000e+00 1.000000000000000e+00 0.000000000000000e+00
cras   = 0.000000000000000e+00 0.000000000000000e+00 0.000000000000000e+00
subject fsaverage
fscale 0.100000
