type      = 0 # LINEAR_VOX_TO_VOX
nxforms   = 1
mean      = 0.0000 0.0000 0.0000
sigma     = 1.0000
1 4 4
9.620000123977661e-01 1.316929515451193e-02 1.726796664297581e-02 2.753875732421875e+00 
-1.105796732008457e-02 1.004701852798462e+00 3.355661639943719e-03 -6.581863403320312e+00 
6.273967772722244e-02 -2.063714666292071e-03 9.369695782661438e-01 -1.647456359863281e+01 
0.000000000000000e+00 0.000000000000000e+00 0.000000000000000e+00 1.000000000000000e+00 
src volume info
valid = 1  # volume info valid
filename = /out/sourcedata/freesurfer/sub-v2s13x29098_ses-1/mri/orig.mgz
volume = 256 256 256
voxelsize = 8.984374403953552e-01 8.984374403953552e-01 8.984374403953552e-01
xras   = -9.999999403953552e-01 6.542035663192891e-11 4.049228834179797e-12
yras   = 2.429537300507878e-11 -4.146410326200112e-09 -9.999999403953552e-01
zras   = -6.478766134687675e-11 9.999999403953552e-01 2.073205163100056e-09
cras   = 4.366462707519531e+00 -1.958267211914062e+00 3.483276367187500e+01
dst volume info
valid = 1  # volume info valid
filename = /opt/freesurfer/average/mni305.cor.mgz
volume = 256 256 256
voxelsize = 1.000000000000000e+00 1.000000000000000e+00 1.000000000000000e+00
xras   = -1.000000000000000e+00 0.000000000000000e+00 0.000000000000000e+00
yras   = 0.000000000000000e+00 0.000000000000000e+00 -1.000000000000000e+00
zras   = 0.000000000000000e+00 1.000000000000000e+00 0.000000000000000e+00
cras   = 0.000000000000000e+00 0.000000000000000e+00 0.000000000000000e+00
subject fsaverage
fscale 0.100000
