# transform file transforms/talairach.lta
# created by oesteban on Wed Mar 11 03:24:15 2026

type      = 0 # LINEAR_VOX_TO_VOX
nxforms   = 1
mean      = 125.0000 128.0000 127.0000
sigma     = 10000.0000
1 4 4
9.131138920783997e-01 -5.239119636826217e-04 -1.450096257030964e-02 1.369651985168457e+01 
0.000000000000000e+00 9.898570179939270e-01 -2.936151809990406e-02 -8.041879534721375e-01 
1.480244286358356e-02 3.171837329864502e-02 8.779090642929077e-01 -5.757139682769775e+00 
0.000000000000000e+00 0.000000000000000e+00 0.000000000000000e+00 1.000000000000000e+00 
src volume info
valid = 1  # volume info valid
filename = nu.mgz
volume = 256 256 256
voxelsize = 8.984374403953552e-01 8.984374403953552e-01 8.984374403953552e-01
xras   = -9.999999403953552e-01 6.542035663192891e-11 4.049228834179797e-12
yras   = 2.429537300507878e-11 -4.146410326200112e-09 -9.999999403953552e-01
zras   = -6.478766134687675e-11 9.999999403953552e-01 2.073205163100056e-09
cras   = 4.366462707519531e+00 -1.958267211914062e+00 3.483276367187500e+01
dst volume info
valid = 1  # volume info valid
filename = /opt/freesurfer/average/RB_all_2020-01-02.gca
volume = 256 256 256
voxelsize = 1.000000000000000e+00 1.000000000000000e+00 1.000000000000000e+00
xras   = -1.000000000000000e+00 0.000000000000000e+00 0.000000000000000e+00
yras   = 0.000000000000000e+00 0.000000000000000e+00 -1.000000000000000e+00
zras   = 0.000000000000000e+00 1.000000000000000e+00 0.000000000000000e+00
cras   = 0.000000000000000e+00 0.000000000000000e+00 0.000000000000000e+00
