#Insight Transform File V1.0
#Transform 0
Transform: AffineTransform_float_3_3
Parameters: 0.999998 -0.000749431 0.0019247 0.000760453 0.999982 -0.0059072 -0.0019195 0.00590868 0.999981 0.0134788 -0.0330726 0.0910079
FixedParameters: 0 0 0

#Transform 1
Transform: AffineTransform_float_3_3
Parameters: 0.999997 -0.000735008 0.00200163 0.000743913 0.99999 -0.00440184 -0.00199845 0.00440246 0.999988 0.0158464 -0.0528602 0.0626888
FixedParameters: 0 0 0

#Transform 2
Transform: AffineTransform_float_3_3
Parameters: 0.999998 -0.000876155 0.00134308 0.000881755 0.999991 -0.00422968 -0.00133957 0.00423023 0.999991 0.0362274 0.0458835 0.0274833
FixedParameters: 0 0 0

#Transform 3
Transform: AffineTransform_float_3_3
Parameters: 0.999999 -0.000709922 0.000991143 0.0007121 0.999997 -0.00227614 -0.000989473 0.00227664 0.999997 0.0228043 -0.0203114 0.0629325
FixedParameters: 0 0 0

#Transform 4
Transform: AffineTransform_float_3_3
Parameters: 0.999999 -0.000843436 0.00101649 0.000846201 0.999996 -0.00259991 -0.00101465 0.00260073 0.999996 0.0190904 0.0329261 0.0297671
FixedParameters: 0 0 0

#Transform 5
Transform: AffineTransform_float_3_3
Parameters: 0.999999 -0.000841068 0.00103087 0.00084187 0.999999 -0.000963981 -0.00103003 0.000964804 0.999999 0.0240482 -0.0453764 0.0569282
FixedParameters: 0 0 0

#Transform 6
Transform: AffineTransform_float_3_3
Parameters: 1 -0.000448947 0.000519892 0.000449822 0.999998 -0.00194475 -0.000518927 0.00194522 0.999998 0.0232459 0.04865 0.0388481
FixedParameters: 0 0 0

#Transform 7
Transform: AffineTransform_float_3_3
Parameters: 0.999999 -0.000855057 0.000964242 0.000855965 0.999999 -0.00108535 -0.000963167 0.00108609 0.999999 0.0250614 -0.00701758 0.0242868
FixedParameters: 0 0 0

#Transform 8
Transform: AffineTransform_float_3_3
Parameters: 0.999999 -0.000815816 0.00114864 0.000817632 0.999998 -0.00181414 -0.00114723 0.00181511 0.999998 0.0147944 0.0431261 0.0489907
FixedParameters: 0 0 0

#Transform 9
Transform: AffineTransform_float_3_3
Parameters: 0.999999 -0.000840439 0.00103469 0.000841328 1 -0.000529198 -0.00103479 0.00052963 0.999999 0.024649 0.0239519 0.0595417
FixedParameters: 0 0 0

#Transform 10
Transform: AffineTransform_float_3_3
Parameters: 0.999998 -0.00120066 0.0011036 0.00120217 0.999999 -0.00130654 -0.00110222 0.00130789 0.999998 0.0291709 0.0776898 0.0396092
FixedParameters: 0 0 0

#Transform 11
Transform: AffineTransform_float_3_3
Parameters: 1 -0.00067453 0.000996964 0.000675018 1 -0.000839258 -0.000996614 0.000839692 1 0.0256391 0.0193481 0.0203573
FixedParameters: 0 0 0

#Transform 12
Transform: AffineTransform_float_3_3
Parameters: 0.999999 -0.000573233 0.000570187 0.000573242 1 -0.0010288 -0.000569786 0.00102945 1 0.00833832 0.0760854 0.0502847
FixedParameters: 0 0 0

#Transform 13
Transform: AffineTransform_float_3_3
Parameters: 0.999999 -0.000576334 0.000555465 0.000576318 1 -0.00103365 -0.000555051 0.0010343 1 0.0179165 0.0704981 0.022797
FixedParameters: 0 0 0

#Transform 14
Transform: AffineTransform_float_3_3
Parameters: 0.999999 -0.000382123 0.000619098 0.000382446 1 -0.000260793 -0.000618898 0.000261266 1 -0.00448944 0.0176955 0.0491615
FixedParameters: 0 0 0

#Transform 15
Transform: AffineTransform_float_3_3
Parameters: 0.999999 -0.000273403 0.000654142 0.000274416 0.999998 -0.00166432 -0.000654009 0.00166509 0.999999 0.000912074 0.0809742 -0.00398402
FixedParameters: 0 0 0

#Transform 16
Transform: AffineTransform_float_3_3
Parameters: 0.999999 -0.000361198 0.000938298 0.000361352 1 -8.18089e-05 -0.000938239 8.24869e-05 0.999999 0.0139473 0.00187612 0.0306087
FixedParameters: 0 0 0

#Transform 17
Transform: AffineTransform_float_3_3
Parameters: 0.999999 -0.000573832 0.000567379 0.000573433 0.999999 -0.000690753 -0.00056736 0.000691408 0.999999 0.0318396 0.0863416 -0.00586792
FixedParameters: 0 0 0

#Transform 18
Transform: AffineTransform_float_3_3
Parameters: 1 -1.69198e-05 0.000221099 1.67443e-05 1 0.000396935 -0.000221113 -0.000396928 1 0.0192328 -0.0286314 0.0221039
FixedParameters: 0 0 0

#Transform 19
Transform: AffineTransform_float_3_3
Parameters: 1 -3.35629e-05 0.000142632 3.3658e-05 1 -0.000333302 -0.00014261 0.000333312 1 0.00603676 0.0869498 -0.0206836
FixedParameters: 0 0 0

#Transform 20
Transform: AffineTransform_float_3_3
Parameters: 1 -3.93195e-05 0.000114491 3.92966e-05 1 0.000100004 -0.000114498 -9.99949e-05 1 0.00120042 0.0201204 0.00838598
FixedParameters: 0 0 0

#Transform 21
Transform: AffineTransform_float_3_3
Parameters: 1 -0.000208594 7.80547e-06 0.000208587 1 0.000499466 -8.01384e-06 -0.000499462 1 -0.0122309 0.0601607 0.00629193
FixedParameters: 0 0 0

#Transform 22
Transform: AffineTransform_float_3_3
Parameters: 1 -6.95607e-05 -2.90131e-05 6.9545e-05 1 -0.000269564 2.90506e-05 0.00026956 1 0.00344695 0.0616633 -0.0195816
FixedParameters: 0 0 0

#Transform 23
Transform: AffineTransform_float_3_3
Parameters: 1 0.000347961 -0.000496105 -0.000347595 1 0.00036911 0.000496362 -0.000368765 1 -0.0256108 0.0315672 0.00156596
FixedParameters: 0 0 0

#Transform 24
Transform: AffineTransform_float_3_3
Parameters: 1 9.02052e-05 -6.94603e-05 -9.03362e-05 0.999999 -0.000944595 6.92898e-05 0.000944607 0.999999 -0.030128 0.0698421 -0.0574502
FixedParameters: 0 0 0

#Transform 25
Transform: AffineTransform_float_3_3
Parameters: 1 0.000321926 -0.00011111 -0.000321985 1 -0.000264704 0.00011094 0.000264775 1 -0.0257592 0.038463 -0.0145286
FixedParameters: 0 0 0

#Transform 26
Transform: AffineTransform_float_3_3
Parameters: 1 -1.54396e-05 -0.000466879 1.503e-05 0.999999 -0.00150755 0.000466715 0.00150754 0.999999 -0.0107797 0.134357 -0.0874634
FixedParameters: 0 0 0

#Transform 27
Transform: AffineTransform_float_3_3
Parameters: 1 0.000396069 -0.000537929 -0.000396094 1 -2.25861e-05 0.000537911 2.30123e-05 1 -0.0366406 7.08085e-05 -0.0294962
FixedParameters: 0 0 0

#Transform 28
Transform: AffineTransform_float_3_3
Parameters: 1 0.000392942 -0.000548347 -0.000393883 1 -0.00106149 0.000548476 0.001061 1 -0.0293703 0.0360203 -0.048564
FixedParameters: 0 0 0

#Transform 29
Transform: AffineTransform_float_3_3
Parameters: 0.999999 0.000829058 -0.000630786 -0.000829327 0.999999 -0.000212463 0.000630433 0.000213509 1 -0.0217207 0.00110714 -0.0319
FixedParameters: 0 0 0

#Transform 30
Transform: AffineTransform_float_3_3
Parameters: 0.999999 0.00045457 -0.000557909 -0.000455195 0.999999 -0.000742294 0.000558202 0.000742279 1 -0.0390748 0.0626592 -0.0397173
FixedParameters: 0 0 0

#Transform 31
Transform: AffineTransform_float_3_3
Parameters: 1 0.000263423 -0.000515399 -0.000263963 0.999999 -0.000523537 0.000515114 0.000522893 1 -0.0151685 -0.00124321 -0.0812252
FixedParameters: 0 0 0

#Transform 32
Transform: AffineTransform_float_3_3
Parameters: 1 0.000260779 -0.000524146 -0.00026203 0.999999 -0.00140753 0.000524383 0.0014078 0.999999 -0.00993495 0.0426589 -0.100286
FixedParameters: 0 0 0

#Transform 33
Transform: AffineTransform_float_3_3
Parameters: 1 0.00027396 -0.000462778 -0.000274994 1 -0.00113915 0.000462148 0.00113941 0.999999 0.002395 0.00708559 -0.125182
FixedParameters: 0 0 0

#Transform 34
Transform: AffineTransform_float_3_3
Parameters: 1 -9.6657e-05 -0.000446372 9.66044e-05 1 -0.00117656 0.000446389 0.00117648 0.999999 -0.010873 0.0291415 -0.0931743
FixedParameters: 0 0 0

#Transform 35
Transform: AffineTransform_float_3_3
Parameters: 1 -0.000213766 0.000186497 0.000214374 0.999998 -0.0015813 -0.000185825 0.00158138 0.999998 -0.0130983 0.0629395 -0.160357
FixedParameters: 0 0 0

#Transform 36
Transform: AffineTransform_float_3_3
Parameters: 1 9.85181e-06 -0.000469336 -1.09839e-05 0.999999 -0.00122656 0.000469305 0.00122657 0.999999 -0.0114101 0.0800644 -0.120295
FixedParameters: 0 0 0

#Transform 37
Transform: AffineTransform_float_3_3
Parameters: 1 -0.000339558 -0.000406091 0.000338741 0.999998 -0.00227954 0.000407427 0.00228018 0.999997 -0.00761321 0.0779915 -0.118767
FixedParameters: 0 0 0

#Transform 38
Transform: AffineTransform_float_3_3
Parameters: 1 -0.000257934 -0.000425277 0.000256868 0.999997 -0.00246849 0.000426328 0.00246828 0.999997 0.00873523 0.030477 -0.12925
FixedParameters: 0 0 0

#Transform 39
Transform: AffineTransform_float_3_3
Parameters: 1 -0.000549181 -0.000355913 0.000548794 0.999999 -0.00168553 0.00035658 0.00168607 0.999999 0.0122532 0.0462231 -0.0512408
FixedParameters: 0 0 0

#Transform 40
Transform: AffineTransform_float_3_3
Parameters: 1 -0.000545171 -0.000342984 0.000544991 1 -0.000262548 0.00034327 0.000262174 1 -0.00684686 -0.0646008 -0.0120823
FixedParameters: 0 0 0

#Transform 41
Transform: AffineTransform_float_3_3
Parameters: 0.999999 -0.000567349 -0.000445302 0.000567484 1 -0.000968604 0.000446191 0.000968102 1 -0.00454949 0.0696306 -0.0778928
FixedParameters: 0 0 0

#Transform 42
Transform: AffineTransform_float_3_3
Parameters: 1 -0.000557452 -0.00040191 0.00055731 1 -0.000176983 0.000402107 0.000176535 1 0.0110871 0.0172622 -0.05813
FixedParameters: 0 0 0

#Transform 43
Transform: AffineTransform_float_3_3
Parameters: 0.999999 -0.000598892 -0.000594693 0.000598653 1 -0.00104024 0.000595738 0.00104044 0.999999 0.0141732 0.0499786 -0.0746714
FixedParameters: 0 0 0

#Transform 44
Transform: AffineTransform_float_3_3
Parameters: 0.999999 -0.00090589 -0.00027254 0.000905254 1 -0.00082646 0.000273064 0.000826891 1 0.0362622 0.0711248 -0.114598
FixedParameters: 0 0 0

#Transform 45
Transform: AffineTransform_float_3_3
Parameters: 0.999999 -0.000684702 -0.000312267 0.000685611 1 -0.000111516 0.000312214 0.000111093 1 0.0234121 0.0264339 -0.0155454
FixedParameters: 0 0 0

#Transform 46
Transform: AffineTransform_float_3_3
Parameters: 1 -0.000574731 0.000214692 0.000575223 0.999998 -0.00158159 -0.000213857 0.00158185 0.999998 0.0287629 0.091513 -0.0589561
FixedParameters: 0 0 0

#Transform 47
Transform: AffineTransform_float_3_3
Parameters: 0.999999 -0.00140521 -0.000171547 0.00140438 0.999999 -0.00129041 0.000173221 0.00129046 0.999999 0.0791958 0.0823343 -0.0405783
FixedParameters: 0 0 0

#Transform 48
Transform: AffineTransform_float_3_3
Parameters: 0.999997 -0.0020237 -0.000721889 0.00202264 0.999996 -0.00167384 0.000725329 0.00167238 0.999998 0.0989553 0.084919 -0.0453314
FixedParameters: 0 0 0

#Transform 49
Transform: AffineTransform_float_3_3
Parameters: 1 -0.00114106 -0.00035407 0.00114192 1 -0.000174421 0.000354273 0.000174131 1 0.0508316 0.0165682 -0.0167167
FixedParameters: 0 0 0

#Transform 50
Transform: AffineTransform_float_3_3
Parameters: 0.999999 -0.000873152 -0.000233178 0.000872544 1 -0.00090808 0.000233791 0.000908196 0.999999 0.0469436 0.0767921 0.025409
FixedParameters: 0 0 0

#Transform 51
Transform: AffineTransform_float_3_3
Parameters: 0.999999 -0.000882427 -0.00010247 0.00088226 1 -0.000909203 0.00010408 0.000909535 0.999999 0.0626177 0.0609489 -0.0428358
FixedParameters: 0 0 0

#Transform 52
Transform: AffineTransform_float_3_3
Parameters: 0.999998 -0.000981785 -0.0013692 0.00097928 0.999998 -0.00155463 0.00137086 0.00155328 0.999997 0.0560231 0.0683737 -0.0559351
FixedParameters: 0 0 0

#Transform 53
Transform: AffineTransform_float_3_3
Parameters: 0.999999 -0.000341512 -0.000756222 0.000342312 1 -0.000118134 0.000756097 0.000117622 0.999999 0.0512373 -0.0020533 -0.0201855
FixedParameters: 0 0 0

#Transform 54
Transform: AffineTransform_float_3_3
Parameters: 1 -0.000327485 -0.000345568 0.000326959 0.999999 -0.000761011 0.000346066 0.000760784 0.999999 0.0264953 0.0701348 -0.0371314
FixedParameters: 0 0 0

#Transform 55
Transform: AffineTransform_float_3_3
Parameters: 0.999999 -9.58625e-05 -0.000898901 9.5251e-05 1 -0.000340208 0.000898966 0.000340036 0.999999 0.0242761 0.0485647 -0.0248286
FixedParameters: 0 0 0

#Transform 56
Transform: AffineTransform_float_3_3
Parameters: 0.999999 -0.000556969 -0.000754725 0.000556405 1 -0.00103482 0.000755667 0.00103398 0.999999 0.0132092 0.0796556 0.00779534
FixedParameters: 0 0 0

#Transform 57
Transform: AffineTransform_float_3_3
Parameters: 0.999999 -0.00055591 -0.00075172 0.000555831 0.999999 -0.000703675 0.000752306 0.000704161 1 0.0232234 0.0771104 -0.00364467
FixedParameters: 0 0 0

#Transform 58
Transform: AffineTransform_float_3_3
Parameters: 0.999999 -0.00011551 -0.000844241 0.00011454 0.999999 -0.000694472 0.000845369 0.000693754 1 -0.0357946 0.0710824 0.0185554
FixedParameters: 0 0 0

#Transform 59
Transform: AffineTransform_float_3_3
Parameters: 0.999999 -0.000256048 -0.00082251 0.000254625 0.999999 -0.00147172 0.000823052 0.00147131 0.999998 -0.0217584 0.0504311 -0.0681389
FixedParameters: 0 0 0

#Transform 60
Transform: AffineTransform_float_3_3
Parameters: 1 -0.000229226 -0.000377855 0.000228283 1 -0.00100293 0.00037733 0.00100277 1 -0.0270605 0.0991557 -0.0362753
FixedParameters: 0 0 0

#Transform 61
Transform: AffineTransform_float_3_3
Parameters: 0.999999 0.000945281 0.000385814 -0.000945933 0.999999 -0.000421486 -0.000386397 0.000421667 0.999999 -0.0432018 -0.00127879 0.0363414
FixedParameters: 0 0 0

#Transform 62
Transform: AffineTransform_float_3_3
Parameters: 1 0.000342965 0.000407706 -0.000342387 0.999998 -0.001634 -0.000407647 0.00163371 0.999998 0.0196201 0.0930586 -0.0685511
FixedParameters: 0 0 0

#Transform 63
Transform: AffineTransform_float_3_3
Parameters: 1 -0.000177704 -1.53617e-05 0.000177674 0.999998 -0.00158549 1.59202e-05 0.00158548 0.999998 0.0217837 0.103129 -0.0522158
FixedParameters: 0 0 0

#Transform 64
Transform: AffineTransform_float_3_3
Parameters: 1 -0.00051209 -0.000495027 0.000511477 0.999998 -0.00162633 0.000496492 0.00162675 0.999998 0.0361921 0.0649422 -0.085474
FixedParameters: 0 0 0

#Transform 65
Transform: AffineTransform_float_3_3
Parameters: 0.999999 -0.000695388 -0.000462653 0.000694752 0.999999 -0.000686176 0.000463606 0.000685532 0.999999 0.0235241 0.0206203 -0.0302342
FixedParameters: 0 0 0

#Transform 66
Transform: AffineTransform_float_3_3
Parameters: 1 -0.0011034 -0.000133946 0.00110251 0.999997 -0.0018452 0.000136054 0.00184492 0.999999 0.0481386 0.0747927 -0.0787403
FixedParameters: 0 0 0

#Transform 67
Transform: AffineTransform_float_3_3
Parameters: 1 -0.00108338 -0.0003059 0.00108397 0.999999 -0.000623931 0.000307047 0.00062287 1 0.061081 0.0186966 -0.0412253
FixedParameters: 0 0 0

#Transform 68
Transform: AffineTransform_float_3_3
Parameters: 0.999999 -0.000779133 -0.00059499 0.000778375 0.999999 -0.00130286 0.00059583 0.00130195 0.999999 0.0493931 0.0988389 -0.0750707
FixedParameters: 0 0 0

#Transform 69
Transform: AffineTransform_float_3_3
Parameters: 0.999999 -0.000718463 -0.000595589 0.000718433 1 -2.69588e-05 0.000595637 2.70187e-05 0.999999 0.0386869 -0.0144806 -0.0245511
FixedParameters: 0 0 0

#Transform 70
Transform: AffineTransform_float_3_3
Parameters: 0.999999 -0.000458163 -0.00140669 0.000456335 0.999999 -0.000990606 0.00140739 0.000990127 0.999999 0.030339 0.0870017 -0.122562
FixedParameters: 0 0 0

#Transform 71
Transform: AffineTransform_float_3_3
Parameters: 0.999994 0.000658766 -0.00318125 -0.000659201 1 -0.000208133 0.00318075 0.00020987 0.999995 -0.0199531 0.0124261 -0.0598557
FixedParameters: 0 0 0

#Transform 72
Transform: AffineTransform_float_3_3
Parameters: 0.999997 0.000214637 -0.00244239 -0.000216935 0.999999 -0.00106305 0.0024413 0.00106309 0.999996 -0.0118126 0.0955443 -0.112239
FixedParameters: 0 0 0

#Transform 73
Transform: AffineTransform_float_3_3
Parameters: 0.999998 0.000239471 -0.00208413 -0.000239749 1 -5.65789e-05 0.0020841 5.74647e-05 0.999998 -0.000994049 0.0360746 -0.0672478
FixedParameters: 0 0 0

#Transform 74
Transform: AffineTransform_float_3_3
Parameters: 0.999998 0.000176755 -0.00188884 -0.000178457 0.999999 -0.000698502 0.00188838 0.000699064 0.999998 -0.00760133 0.0508283 -0.0258838
FixedParameters: 0 0 0

#Transform 75
Transform: AffineTransform_float_3_3
Parameters: 0.999998 1.29246e-05 -0.00192833 -1.54779e-05 0.999999 -0.00121705 0.00192886 0.00121699 0.999998 -0.00221211 0.0794727 -0.0829092
FixedParameters: 0 0 0

#Transform 76
Transform: AffineTransform_float_3_3
Parameters: 0.999999 5.03038e-05 -0.00186276 -5.11726e-05 0.999999 -0.000747681 0.00186228 0.000747766 0.999998 -0.00686294 0.0352776 -0.0458925
FixedParameters: 0 0 0

#Transform 77
Transform: AffineTransform_float_3_3
Parameters: 0.999998 0.000175102 -0.0018864 -0.00017818 0.999999 -0.00164777 0.00188617 0.00164793 0.999997 -0.0066265 0.129117 -0.0804592
FixedParameters: 0 0 0

#Transform 78
Transform: AffineTransform_float_3_3
Parameters: 0.999998 0.000223653 -0.00165995 -0.000225828 0.999999 -0.00130602 0.00165992 0.00130625 0.999998 0.0058936 0.0517824 -0.10985
FixedParameters: 0 0 0

#Transform 79
Transform: AffineTransform_float_3_3
Parameters: 0.999998 0.000218703 -0.00167953 -0.000222247 0.999999 -0.00170384 0.00167933 0.00170407 0.999997 -0.00400529 0.104539 -0.0968658
FixedParameters: 0 0 0

#Transform 80
Transform: AffineTransform_float_3_3
Parameters: 0.999998 -0.00018732 -0.00171737 0.000184727 0.999998 -0.00190016 0.00171724 0.00189903 0.999997 0.00786583 0.00903608 -0.123813
FixedParameters: 0 0 0

#Transform 81
Transform: AffineTransform_float_3_3
Parameters: 0.999998 -0.000223098 -0.00168493 0.000220096 0.999999 -0.00176748 0.00168509 0.00176715 0.999997 0.00847723 0.0110124 -0.0647864
FixedParameters: 0 0 0

#Transform 82
Transform: AffineTransform_float_3_3
Parameters: 0.999999 0.00010004 -0.00181208 -0.000104198 0.999998 -0.00201327 0.00181202 0.00201353 0.999997 0.00519859 0.0900518 -0.1087
FixedParameters: 0 0 0

#Transform 83
Transform: AffineTransform_float_3_3
Parameters: 0.999998 0.000166981 -0.00208601 -0.000167963 0.999999 -0.000694521 0.00208536 0.000694199 0.999997 -0.0105825 0.0289339 -0.0790878
FixedParameters: 0 0 0

#Transform 84
Transform: AffineTransform_float_3_3
Parameters: 0.999997 0.000280496 -0.00221461 -0.00028547 0.999998 -0.0020524 0.0022136 0.00205355 0.999995 -0.0245834 0.115641 -0.0886077
FixedParameters: 0 0 0

#Transform 85
Transform: AffineTransform_float_3_3
Parameters: 0.999998 0.000780554 -0.00188166 -0.000784479 0.999998 -0.0019364 0.00187995 0.00193843 0.999996 -0.0393633 0.0471574 -0.0745137
FixedParameters: 0 0 0

#Transform 86
Transform: AffineTransform_float_3_3
Parameters: 0.999999 0.000447856 -0.00174592 -0.000452256 0.999998 -0.00222338 0.00174525 0.00222444 0.999996 -0.0358538 0.0956567 -0.115062
FixedParameters: 0 0 0

#Transform 87
Transform: AffineTransform_float_3_3
Parameters: 0.999998 0.000393844 -0.00219685 -0.000395093 1 -0.000766745 0.00219681 0.000767964 0.999997 -0.0333292 0.0889818 -0.0590617
FixedParameters: 0 0 0

#Transform 88
Transform: AffineTransform_float_3_3
Parameters: 0.999998 0.000164031 -0.00209343 -0.000166152 0.999999 -0.00125152 0.00209337 0.0012521 0.999997 -0.0467539 0.0698112 -0.0604494
FixedParameters: 0 0 0

#Transform 89
Transform: AffineTransform_float_3_3
Parameters: 0.999997 0.00044756 -0.00215143 -0.000450112 0.999999 -0.00108999 0.00215101 0.0010909 0.999998 -0.0501989 0.0416501 -0.0682071
FixedParameters: 0 0 0

#Transform 90
Transform: AffineTransform_float_3_3
Parameters: 0.999999 0.000311378 -0.00180563 -0.000314305 0.999999 -0.00134664 0.00180437 0.00134727 0.999997 -0.0406158 0.111746 -0.0646079
FixedParameters: 0 0 0

#Transform 91
Transform: AffineTransform_float_3_3
Parameters: 0.999998 0.000241769 -0.00172219 -0.000243836 0.999999 -0.00151123 0.00172181 0.00151195 0.999998 -0.0246746 0.0556834 -0.0995401
FixedParameters: 0 0 0

#Transform 92
Transform: AffineTransform_float_3_3
Parameters: 0.999998 0.000597672 -0.00179784 -0.000599477 0.999999 -0.00109686 0.00179708 0.00109758 0.999998 -0.036074 0.0875842 -0.0664873
FixedParameters: 0 0 0

#Transform 93
Transform: AffineTransform_float_3_3
Parameters: 0.999998 0.000227262 -0.00198943 -0.000230632 0.999998 -0.0019326 0.00198967 0.0019334 0.999996 -0.0230165 0.0763822 -0.0967792
FixedParameters: 0 0 0

#Transform 94
Transform: AffineTransform_float_3_3
Parameters: 0.999997 0.000711683 -0.00207945 -0.000713972 0.999999 -0.000829011 0.00207902 0.000830541 0.999997 -0.025651 0.0436863 -0.0495822
FixedParameters: 0 0 0

#Transform 95
Transform: AffineTransform_float_3_3
Parameters: 0.999998 0.000156197 -0.00197589 -0.000160067 0.999998 -0.0020727 0.00197636 0.00207322 0.999996 -0.0308089 0.125847 -0.0765801
FixedParameters: 0 0 0

#Transform 96
Transform: AffineTransform_float_3_3
Parameters: 0.999998 0.000570422 -0.00181757 -0.000572554 0.999999 -0.000905632 0.00181729 0.000906274 0.999998 -0.0334134 0.0403244 -0.00125142
FixedParameters: 0 0 0

#Transform 97
Transform: AffineTransform_float_3_3
Parameters: 0.999999 0.000210131 -0.00171889 -0.000213908 0.999998 -0.00230252 0.00171807 0.00230366 0.999996 -0.0109511 0.116453 -0.0178781
FixedParameters: 0 0 0

#Transform 98
Transform: AffineTransform_float_3_3
Parameters: 0.999998 0.0012475 -0.00142017 -0.00124822 0.999999 0.00017146 0.0014198 -0.000169743 0.999999 -0.0427851 -0.103207 0.0753186
FixedParameters: 0 0 0

#Transform 99
Transform: AffineTransform_float_3_3
Parameters: 0.999998 0.000848869 -0.00137377 -0.000846838 0.999998 0.00159447 0.0013749 -0.00159397 0.999998 -0.055692 0.0812345 0.0582586
FixedParameters: 0 0 0

#Transform 100
Transform: AffineTransform_float_3_3
Parameters: 0.999999 -0.000150907 -0.00172044 0.000152397 0.999999 0.00101317 0.00172054 -0.00101382 0.999998 -0.0196821 0.216368 -0.0487893
FixedParameters: 0 0 0

#Transform 101
Transform: AffineTransform_float_3_3
Parameters: 0.999999 -7.22341e-05 -0.00135133 7.43497e-05 0.999998 0.00193839 0.00135067 -0.00193819 0.999997 -0.0185127 0.0391185 0.0568132
FixedParameters: 0 0 0

#Transform 102
Transform: AffineTransform_float_3_3
Parameters: 1 0.000175704 -0.00067041 -0.000176372 1 -0.000496843 0.000670225 0.000496163 1 -0.00191301 0.142061 -0.101774
FixedParameters: 0 0 0

#Transform 103
Transform: AffineTransform_float_3_3
Parameters: 1 1.72569e-05 -0.000621641 -1.79794e-05 1 -0.000581074 0.00062162 0.000581096 0.999999 0.0197775 0.0698322 0.0347467
FixedParameters: 0 0 0

#Transform 104
Transform: AffineTransform_float_3_3
Parameters: 1 -7.7236e-05 -0.00107573 7.72909e-05 1 3.46712e-05 0.00107573 -3.4436e-05 1 0.0177386 0.0657624 0.042536
FixedParameters: 0 0 0

#Transform 105
Transform: AffineTransform_float_3_3
Parameters: 0.999998 0.000224217 -0.00159923 -0.000222826 0.999999 0.000747487 0.00159976 -0.000747291 0.999998 0.00683813 0.0397928 0.114743
FixedParameters: 0 0 0

#Transform 106
Transform: AffineTransform_float_3_3
Parameters: 0.999998 -0.000478992 -0.00161215 0.000480277 1 0.000404158 0.00161176 -0.000405303 0.999998 0.0431166 0.0871774 0.0370073
FixedParameters: 0 0 0

#Transform 107
Transform: AffineTransform_float_3_3
Parameters: 0.999997 -0.00107891 -0.00184074 0.00107877 0.999999 0.000236778 0.00184045 -0.000239035 0.999998 0.0664955 0.056324 0.0454746
FixedParameters: 0 0 0

#Transform 108
Transform: AffineTransform_float_3_3
Parameters: 0.999999 -0.00153182 -0.000829533 0.00153141 0.999998 -0.000700561 0.000830508 0.000698948 1 0.0806191 0.140368 0.00647482
FixedParameters: 0 0 0

#Transform 109
Transform: AffineTransform_float_3_3
Parameters: 0.999998 -0.00187807 0.000211343 0.0018782 0.999998 -0.000786424 -0.000209366 0.00078642 0.999999 0.103701 -0.0156047 0.0208598
FixedParameters: 0 0 0

#Transform 110
Transform: AffineTransform_float_3_3
Parameters: 0.999999 -0.00145411 1.05125e-05 0.00145455 0.999997 -0.00187276 -8.2159e-06 0.00187242 0.999999 0.097193 0.062721 -0.00782049
FixedParameters: 0 0 0

#Transform 111
Transform: AffineTransform_float_3_3
Parameters: 0.999998 -0.00203507 0.000225189 0.00203533 0.999993 -0.00316318 -0.000218208 0.00316334 0.999995 0.103279 0.0875779 -0.0415927
FixedParameters: 0 0 0

#Transform 112
Transform: AffineTransform_float_3_3
Parameters: 0.999998 -0.0020143 0.000319407 0.00201468 0.999996 -0.00183692 -0.000315928 0.00183743 0.999999 0.102218 0.0698822 0.0142398
FixedParameters: 0 0 0

#Transform 113
Transform: AffineTransform_float_3_3
Parameters: 0.999998 -0.00216115 0.000597609 0.00216215 0.999994 -0.00264381 -0.000591856 0.00264522 0.999996 0.102724 0.130377 -0.00741028
FixedParameters: 0 0 0

#Transform 114
Transform: AffineTransform_float_3_3
Parameters: 0.999999 -0.00173205 0.000279269 0.00173218 0.999998 -0.000966359 -0.000277877 0.000966539 0.999999 0.0988025 0.0296401 -0.0116343
FixedParameters: 0 0 0

#Transform 115
Transform: AffineTransform_float_3_3
Parameters: 1 -0.00114219 -0.000416533 0.00114162 1 -0.000439901 0.000416569 0.000439473 0.999999 0.0896243 0.0641187 0.00710204
FixedParameters: 0 0 0

#Transform 116
Transform: AffineTransform_float_3_3
Parameters: 0.999998 -0.00196805 -0.000266352 0.00196711 0.999993 -0.00326244 0.000272893 0.00326196 0.999995 0.072373 0.0292963 0.0237962
FixedParameters: 0 0 0

#Transform 117
Transform: AffineTransform_float_3_3
Parameters: 0.999998 -0.00157315 -0.000339181 0.00157319 0.999997 -0.00196069 0.000342003 0.00196017 0.999998 0.0594198 0.0337265 0.0230205
FixedParameters: 0 0 0

#Transform 118
Transform: AffineTransform_float_3_3
Parameters: 0.999998 -0.00157237 -0.00033695 0.00157163 0.999998 -0.0016837 0.000339102 0.00168318 0.999999 0.0681942 0.0678678 0.0431084
FixedParameters: 0 0 0

#Transform 119
Transform: AffineTransform_float_3_3
Parameters: 0.999999 -0.00150623 -0.000434542 0.00150528 0.999998 -0.00177805 0.000437734 0.00177728 0.999998 0.0687033 0.129487 -0.00305899
FixedParameters: 0 0 0

#Transform 120
Transform: AffineTransform_float_3_3
Parameters: 1 -0.000822584 -0.000906219 0.000821877 1 -0.00081806 0.00090639 0.000817499 0.999999 0.0404965 0.0781422 0.0616096
FixedParameters: 0 0 0

#Transform 121
Transform: AffineTransform_float_3_3
Parameters: 0.999999 -0.00124833 -0.000545748 0.00124737 0.999999 -0.000696409 0.000546516 0.000695971 1 0.0581941 0.097804 0.031302
FixedParameters: 0 0 0

#Transform 122
Transform: AffineTransform_float_3_3
Parameters: 0.999999 -0.00153505 -0.000859305 0.00153486 0.999999 -9.63359e-05 0.000859624 9.5529e-05 1 0.0773878 0.0942221 0.0866317
FixedParameters: 0 0 0

#Transform 123
Transform: AffineTransform_float_3_3
Parameters: 0.999996 -0.0028565 -0.000512192 0.00285572 0.999995 -0.00112323 0.000515495 0.00112187 0.999999 0.144071 0.136168 0.0667375
FixedParameters: 0 0 0

#Transform 124
Transform: AffineTransform_float_3_3
Parameters: 0.999993 -0.00326213 -0.00192527 0.00326276 0.999995 0.000373839 0.00192407 -0.000380402 0.999998 0.15331 0.0655465 0.11634
FixedParameters: 0 0 0

#Transform 125
Transform: AffineTransform_float_3_3
Parameters: 0.999999 -0.000960949 0.000164512 0.00096095 1 -0.000566275 -0.000164407 0.000566199 1 0.0568604 0.0966343 0.156808
FixedParameters: 0 0 0

#Transform 126
Transform: AffineTransform_float_3_3
Parameters: 0.999999 -0.00181362 -0.000204462 0.00181373 0.999998 -0.0011052 0.000206318 0.00110499 1 0.0837293 0.0741023 0.0700099
FixedParameters: 0 0 0

#Transform 127
Transform: AffineTransform_float_3_3
Parameters: 0.999997 -0.00214695 1.96092e-05 0.00214641 0.999996 -0.00154933 -1.58863e-05 0.00154955 0.999998 0.0932976 0.00707071 0.175787
FixedParameters: 0 0 0

#Transform 128
Transform: AffineTransform_float_3_3
Parameters: 0.999999 -0.00180921 -0.00028631 0.00180853 0.999996 -0.00185659 0.00028989 0.0018561 0.999998 0.0767666 0.0765355 0.110507
FixedParameters: 0 0 0

#Transform 129
Transform: AffineTransform_float_3_3
Parameters: 0.999999 -0.00177976 -0.000267145 0.00178005 0.999996 -0.00199681 0.000270912 0.0019964 0.999998 0.061321 0.108404 0.0807751
FixedParameters: 0 0 0

#Transform 130
Transform: AffineTransform_float_3_3
Parameters: 0.999999 -0.00182638 -0.000291028 0.00182552 0.999998 -0.000780485 0.000291931 0.000779952 1 0.0722468 0.00499941 0.0957545
FixedParameters: 0 0 0

#Transform 131
Transform: AffineTransform_float_3_3
Parameters: 0.999999 -0.00176823 -0.000502332 0.00176755 0.999997 -0.00123796 0.000504555 0.00123672 0.999999 0.073753 0.100972 0.0643696
FixedParameters: 0 0 0

#Transform 132
Transform: AffineTransform_float_3_3
Parameters: 0.999999 -0.00160056 -0.000765069 0.00159951 0.999999 -0.00106022 0.000766318 0.00105922 0.999999 0.0596617 0.102266 -0.00335202
FixedParameters: 0 0 0

#Transform 133
Transform: AffineTransform_float_3_3
Parameters: 0.999999 -0.00115065 -0.000951919 0.00115071 0.999999 4.10777e-05 0.000951838 -4.1951e-05 1 0.0509103 0.113138 0.0346002
FixedParameters: 0 0 0

#Transform 134
Transform: AffineTransform_float_3_3
Parameters: 0.999998 -0.00158488 -0.00103669 0.00158521 0.999999 -0.000308834 0.00103748 0.000307383 0.999999 0.0499621 0.0885507 0.0139996
FixedParameters: 0 0 0

#Transform 135
Transform: AffineTransform_float_3_3
Parameters: 0.999999 -0.0013811 -0.00110333 0.00138035 0.999999 -0.000236577 0.00110303 0.000235371 0.999999 0.0476496 0.0807568 0.0560516
FixedParameters: 0 0 0

#Transform 136
Transform: AffineTransform_float_3_3
Parameters: 0.999999 -0.00158015 -0.00100712 0.00157941 0.999999 -0.00113431 0.00100835 0.00113258 0.999998 0.0499079 0.122519 0.00742055
FixedParameters: 0 0 0

#Transform 137
Transform: AffineTransform_float_3_3
Parameters: 0.999999 -0.00157317 -0.000981885 0.00157258 0.999999 -0.00018829 0.000981522 0.000187043 1 0.0389182 0.0679617 0.0872808
FixedParameters: 0 0 0

#Transform 138
Transform: AffineTransform_float_3_3
Parameters: 0.999998 -0.00147247 -0.000893126 0.00147074 0.999998 -0.00185538 0.000896217 0.00185329 0.999998 0.0476523 0.125936 0.00695724
FixedParameters: 0 0 0

#Transform 139
Transform: AffineTransform_float_3_3
Parameters: 0.999999 -0.00142672 -0.00101307 0.0014256 0.999998 -0.000926237 0.00101454 0.000924274 0.999999 0.062234 0.0599869 0.056678
FixedParameters: 0 0 0

#Transform 140
Transform: AffineTransform_float_3_3
Parameters: 0.999999 -0.00157036 -0.00095646 0.00156876 0.999997 -0.00164755 0.000959282 0.0016464 0.999998 0.0491829 0.102261 0.027693
FixedParameters: 0 0 0

#Transform 141
Transform: AffineTransform_float_3_3
Parameters: 0.999999 -0.00147977 -0.000535785 0.00147942 0.999999 -0.00033323 0.00053678 0.000332157 0.999999 0.0447441 0.0513124 0.0612197
FixedParameters: 0 0 0

#Transform 142
Transform: AffineTransform_float_3_3
Parameters: 0.999998 -0.00202026 -0.000480052 0.00202042 0.999998 -0.000641615 0.000481469 0.0006402 1 0.0952748 0.108445 0.0721203
FixedParameters: 0 0 0

#Transform 143
Transform: AffineTransform_float_3_3
Parameters: 0.999997 -0.00205371 -0.000649436 0.00205414 0.999998 0.000768737 0.000648459 -0.000769995 1 0.0963705 0.0531232 0.118038
FixedParameters: 0 0 0

#Transform 144
Transform: AffineTransform_float_3_3
Parameters: 0.999998 -0.00202914 -0.000525884 0.00202883 0.999998 -0.000105476 0.000525353 0.00010438 0.999999 0.095182 0.0649932 0.135727
FixedParameters: 0 0 0

#Transform 145
Transform: AffineTransform_float_3_3
Parameters: 0.999998 -0.00220932 -0.000386605 0.00220925 0.999998 -0.00082618 0.000388113 0.00082552 1 0.0964256 0.0315559 0.0978641
FixedParameters: 0 0 0

#Transform 146
Transform: AffineTransform_float_3_3
Parameters: 0.999996 -0.00257942 -0.000377483 0.00257836 0.999996 -0.000863515 0.000380011 0.000863524 1 0.101389 0.0829574 0.104963
FixedParameters: 0 0 0

#Transform 147
Transform: AffineTransform_float_3_3
Parameters: 0.999998 -0.00206303 -0.000306411 0.00206199 0.999996 -0.00200509 0.000310562 0.00200397 0.999998 0.0944441 0.0913825 0.0723164
FixedParameters: 0 0 0

#Transform 148
Transform: AffineTransform_float_3_3
Parameters: 0.999997 -0.00249077 -0.000301502 0.00248989 0.999997 -0.0007832 0.000303466 0.00078274 1 0.116139 0.0229164 0.100309
FixedParameters: 0 0 0

#Transform 149
Transform: AffineTransform_float_3_3
Parameters: 0.999995 -0.00294841 5.935e-05 0.00294842 0.999994 -0.00193404 -5.40074e-05 0.00193466 0.999998 0.128422 0.0457102 0.127424
FixedParameters: 0 0 0

#Transform 150
Transform: AffineTransform_float_3_3
Parameters: 0.999995 -0.00297402 -0.000269726 0.00297379 0.999995 -0.00112077 0.000273265 0.00111941 0.999999 0.141955 0.101407 0.0218645
FixedParameters: 0 0 0

#Transform 151
Transform: AffineTransform_float_3_3
Parameters: 0.999996 -0.00273805 -0.000327094 0.00273833 0.999995 -0.00132274 0.000330044 0.00132253 0.999999 0.145311 0.0742183 0.0351034
FixedParameters: 0 0 0

#Transform 152
Transform: AffineTransform_float_3_3
Parameters: 0.999996 -0.00274405 -0.000347909 0.00274404 0.999993 -0.00249737 0.000355137 0.00249654 0.999997 0.13947 0.10129 -0.0351849
FixedParameters: 0 0 0

#Transform 153
Transform: AffineTransform_float_3_3
Parameters: 0.999996 -0.00285322 0.000552373 0.002854 0.999995 -0.00178654 -0.000548051 0.00178813 0.999999 0.174437 0.0170847 -0.0153122
FixedParameters: 0 0 0

#Transform 154
Transform: AffineTransform_float_3_3
Parameters: 0.999995 -0.0030362 0.00111289 0.00303942 0.999992 -0.00259782 -0.00110476 0.00260078 0.999997 0.173448 0.0715713 -0.0390909
FixedParameters: 0 0 0

#Transform 155
Transform: AffineTransform_float_3_3
Parameters: 0.999993 -0.00341781 0.00106273 0.00341845 0.999993 -0.0012333 -0.00105899 0.00123636 0.999999 0.186059 0.00624055 -4.45037e-05
FixedParameters: 0 0 0

#Transform 156
Transform: AffineTransform_float_3_3
Parameters: 0.999994 -0.00330365 0.00159865 0.00330566 0.999994 -0.00155702 -0.00159287 0.00156153 0.999998 0.173639 0.0632909 -0.00871436
FixedParameters: 0 0 0

#Transform 157
Transform: AffineTransform_float_3_3
Parameters: 0.999991 -0.00357866 0.00199357 0.00358291 0.999992 -0.00196045 -0.00198698 0.00196738 0.999996 0.206079 0.0493097 -0.0651538
FixedParameters: 0 0 0

#Transform 158
Transform: AffineTransform_float_3_3
Parameters: 0.99999 -0.0038188 0.00226936 0.00382305 0.999991 -0.00194314 -0.00226175 0.00195181 0.999996 0.207478 0.069334 -0.0433652
FixedParameters: 0 0 0

#Transform 159
Transform: AffineTransform_float_3_3
Parameters: 0.999989 -0.00409765 0.00252264 0.00410187 0.99999 -0.00174433 -0.00251559 0.0017541 0.999996 0.226537 0.095919 -0.0740278
FixedParameters: 0 0 0

#Transform 160
Transform: AffineTransform_float_3_3
Parameters: 0.99999 -0.00360253 0.00242361 0.00360467 0.999993 -0.000813673 -0.00242147 0.00082326 0.999997 0.224554 0.0822565 0.03232
FixedParameters: 0 0 0

#Transform 161
Transform: AffineTransform_float_3_3
Parameters: 0.999991 -0.00358082 0.00253788 0.00357888 0.999994 0.000926404 -0.00254103 -0.00091747 0.999996 0.202616 0.0346566 0.0258882
FixedParameters: 0 0 0

#Transform 162
Transform: AffineTransform_float_3_3
Parameters: 0.999988 -0.00397937 0.0026544 0.00397881 0.999992 0.000143565 -0.00265459 -0.000132988 0.999997 0.207222 0.107245 -0.0135691
FixedParameters: 0 0 0

#Transform 163
Transform: AffineTransform_float_3_3
Parameters: 0.999989 -0.00428829 0.00220999 0.00428663 0.999991 0.000467041 -0.00221204 -0.000457609 0.999998 0.220035 0.0297041 -0.014834
FixedParameters: 0 0 0

#Transform 164
Transform: AffineTransform_float_3_3
Parameters: 0.999987 -0.00443245 0.00245243 0.00443453 0.99999 -0.000748716 -0.00244853 0.00075964 0.999996 0.209261 0.107955 -0.00171849
FixedParameters: 0 0 0

#Transform 165
Transform: AffineTransform_float_3_3
Parameters: 0.999987 -0.00440309 0.00259559 0.00440357 0.999991 -0.00013256 -0.00259542 0.000143684 0.999996 0.212649 0.0514548 0.021183
FixedParameters: 0 0 0

#Transform 166
Transform: AffineTransform_float_3_3
Parameters: 0.999985 -0.00458427 0.00277702 0.00458545 0.99999 -0.000462521 -0.00277455 0.000475329 0.999996 0.213831 0.0836982 0.0493133
FixedParameters: 0 0 0

#Transform 167
Transform: AffineTransform_float_3_3
Parameters: 0.999987 -0.00440294 0.00258898 0.00440679 0.99999 -0.00139754 -0.00258312 0.00140864 0.999995 0.212692 0.0624054 -0.00785639
FixedParameters: 0 0 0

#Transform 168
Transform: AffineTransform_float_3_3
Parameters: 0.999987 -0.00440298 0.00259079 0.00440543 0.999989 -0.00105035 -0.00258604 0.00106184 0.999996 0.198235 0.0819825 0.0142274
FixedParameters: 0 0 0

#Transform 169
Transform: AffineTransform_float_3_3
Parameters: 0.999988 -0.00405656 0.00251549 0.00406057 0.999991 -0.00146933 -0.00251002 0.00148016 0.999996 0.185268 0.121959 -0.0181604
FixedParameters: 0 0 0

#Transform 170
Transform: AffineTransform_float_3_3
Parameters: 0.99999 -0.00371596 0.00269684 0.00372136 0.999991 -0.00203087 -0.00268878 0.00204082 0.999994 0.156329 0.0556389 0.0719022
FixedParameters: 0 0 0

#Transform 171
Transform: AffineTransform_float_3_3
Parameters: 0.999991 -0.0035783 0.00253449 0.00358398 0.999991 -0.00225465 -0.00252636 0.00226361 0.999994 0.164009 0.0243754 0.0679823
FixedParameters: 0 0 0

#Transform 172
Transform: AffineTransform_float_3_3
Parameters: 0.99999 -0.00376793 0.00245159 0.00377286 0.999991 -0.00197741 -0.0024449 0.00198631 0.999995 0.177228 0.0966807 -0.0222193
FixedParameters: 0 0 0

#Transform 173
Transform: AffineTransform_float_3_3
Parameters: 0.99999 -0.00376791 0.00246073 0.00376857 0.999993 -0.000418436 -0.00245935 0.000427366 0.999997 0.183781 0.016799 0.0535691
FixedParameters: 0 0 0

#Transform 174
Transform: AffineTransform_float_3_3
Parameters: 0.999988 -0.00398409 0.00283033 0.00398643 0.999991 -0.000733373 -0.00282822 0.000744501 0.999996 0.184102 0.0943448 0.00317611
FixedParameters: 0 0 0

#Transform 175
Transform: AffineTransform_float_3_3
Parameters: 0.999989 -0.00396663 0.00251226 0.00396322 0.999992 0.00131508 -0.00251725 -0.00130521 0.999996 0.191113 0.00727433 0.0350018
FixedParameters: 0 0 0

#Transform 176
Transform: AffineTransform_float_3_3
Parameters: 0.999986 -0.00430535 0.00303967 0.00430138 0.99999 0.00137288 -0.00304528 -0.00135992 0.999994 0.188033 0.167898 0.0856589
FixedParameters: 0 0 0

#Transform 177
Transform: AffineTransform_float_3_3
Parameters: 0.999987 -0.00439667 0.00261145 0.00438911 0.999986 0.00317037 -0.00262589 -0.00315921 0.999991 0.192668 0.0774438 0.141692
FixedParameters: 0 0 0

#Transform 178
Transform: AffineTransform_float_3_3
Parameters: 0.999985 -0.00481872 0.00269715 0.00481115 0.999984 0.00288893 -0.00271134 -0.00287606 0.999993 0.207278 0.134184 0.230526
FixedParameters: 0 0 0

#Transform 179
Transform: AffineTransform_float_3_3
Parameters: 0.999985 -0.00481848 0.00269203 0.00481346 0.999987 0.0018267 -0.00270144 -0.00181334 0.999995 0.207298 0.143257 0.117592
FixedParameters: 0 0 0

#Transform 180
Transform: AffineTransform_float_3_3
Parameters: 0.999985 -0.00461568 0.00289409 0.0046078 0.999985 0.00287514 -0.00290817 -0.00286205 0.999992 0.203146 0.0820836 0.131713
FixedParameters: 0 0 0

#Transform 181
Transform: AffineTransform_float_3_3
Parameters: 0.999984 -0.00477889 0.00288028 0.00477478 0.999987 0.00147486 -0.00288815 -0.00146133 0.999995 0.205115 0.0632239 0.086238
FixedParameters: 0 0 0

#Transform 182
Transform: AffineTransform_float_3_3
Parameters: 0.999985 -0.00478042 0.00287789 0.00477397 0.999986 0.00219389 -0.00288893 -0.0021804 0.999993 0.205256 0.055532 0.15663
FixedParameters: 0 0 0

#Transform 183
Transform: AffineTransform_float_3_3
Parameters: 0.999982 -0.00524293 0.00311492 0.00523819 0.999985 0.0015288 -0.00312277 -0.00151319 0.999994 0.209592 0.0716116 0.122314
FixedParameters: 0 0 0

#Transform 184
Transform: AffineTransform_float_3_3
Parameters: 0.999981 -0.00519568 0.00335207 0.00518688 0.999983 0.00268173 -0.00336552 -0.0026645 0.999991 0.225108 0.0851346 0.109098
FixedParameters: 0 0 0

#Transform 185
Transform: AffineTransform_float_3_3
Parameters: 0.999981 -0.00529319 0.00336696 0.00528601 0.999983 0.00239603 -0.00337888 -0.00237839 0.999991 0.225818 0.0933792 0.112479
FixedParameters: 0 0 0

#Transform 186
Transform: AffineTransform_float_3_3
Parameters: 0.99998 -0.00534257 0.00335213 0.00533076 0.999979 0.00375619 -0.00337259 -0.00373879 0.999987 0.227393 -0.00211984 0.139666
FixedParameters: 0 0 0

#Transform 187
Transform: AffineTransform_float_3_3
Parameters: 0.999979 -0.00556803 0.00354478 0.00555611 0.999978 0.0035658 -0.0035648 -0.00354657 0.999987 0.235895 0.0594199 0.171804
FixedParameters: 0 0 0

#Transform 188
Transform: AffineTransform_float_3_3
Parameters: 0.999982 -0.00494556 0.00322412 0.00493116 0.999978 0.00456106 -0.00324683 -0.00454549 0.999985 0.2186 0.0239582 0.190585
FixedParameters: 0 0 0

