# transform file /out/sourcedata/freesurfer/sub-v2s13x29135_ses-1/mri/transforms/cc_up.lta
# created by oesteban on Wed Mar 11 06:56:13 2026

type      = 0 # LINEAR_VOX_TO_VOX
nxforms   = 1
mean      = 126.0000 144.0000 128.0000
sigma     = 10000.0000
1 4 4
9.991561770439148e-01 -1.016525179147720e-02 -3.979216516017914e-02 7.671723365783691e+00 
1.015719957649708e-02 9.999482631683350e-01 -4.045183013658971e-04 5.770512580871582e+00 
3.979422152042389e-02 2.910382698728675e-11 9.992077946662903e-01 2.062675714492798e+00 
0.000000000000000e+00 0.000000000000000e+00 0.000000000000000e+00 1.000000000000000e+00 
src volume info
valid = 1  # volume info valid
filename = /out/sourcedata/freesurfer/sub-v2s13x29135_ses-1/mri/norm.mgz
volume = 256 256 256
voxelsize = 8.984374403953552e-01 8.984374403953552e-01 8.984374403953552e-01
xras   = -1.000000119209290e+00 9.556180291525607e-10 0.000000000000000e+00
yras   = -6.478766134687675e-11 -1.658564130480045e-08 -9.999999403953552e-01
zras   = 1.781660652344641e-10 1.000000000000000e+00 3.317128260960089e-08
cras   = -4.186653137207031e+00 -9.460220336914062e-01 1.540455627441406e+01
dst volume info
valid = 1  # volume info valid
filename = /out/sourcedata/freesurfer/sub-v2s13x29135_ses-1/mri/norm.mgz
volume = 256 256 256
voxelsize = 8.984374403953552e-01 8.984374403953552e-01 8.984374403953552e-01
xras   = -1.000000119209290e+00 9.556180291525607e-10 0.000000000000000e+00
yras   = -6.478766134687675e-11 -1.658564130480045e-08 -9.999999403953552e-01
zras   = 1.781660652344641e-10 1.000000000000000e+00 3.317128260960089e-08
cras   = -4.186653137207031e+00 -9.460220336914062e-01 1.540455627441406e+01
