# transform file transforms/talairach.lta
# created by oesteban on Wed Mar 11 05:27:35 2026

type      = 0 # LINEAR_VOX_TO_VOX
nxforms   = 1
mean      = 126.0000 144.0000 128.0000
sigma     = 10000.0000
1 4 4
9.512247443199158e-01 -2.385328710079193e-02 -3.444256633520126e-02 1.258476066589355e+01 
3.380752727389336e-02 9.697448015213013e-01 2.030964493751526e-01 -4.324480438232422e+01 
3.152729570865631e-02 -1.601886004209518e-01 8.872756361961365e-01 1.714905548095703e+01 
0.000000000000000e+00 0.000000000000000e+00 0.000000000000000e+00 1.000000000000000e+00 
src volume info
valid = 1  # volume info valid
filename = nu.mgz
volume = 256 256 256
voxelsize = 8.984374403953552e-01 8.984374403953552e-01 8.984374403953552e-01
xras   = -1.000000119209290e+00 9.556180291525607e-10 0.000000000000000e+00
yras   = -6.478766134687675e-11 -1.658564130480045e-08 -9.999999403953552e-01
zras   = 1.781660652344641e-10 1.000000000000000e+00 3.317128260960089e-08
cras   = -4.186653137207031e+00 -9.460220336914062e-01 1.540455627441406e+01
dst volume info
valid = 1  # volume info valid
filename = /opt/freesurfer/average/RB_all_2020-01-02.gca
volume = 256 256 256
voxelsize = 1.000000000000000e+00 1.000000000000000e+00 1.000000000000000e+00
xras   = -1.000000000000000e+00 0.000000000000000e+00 0.000000000000000e+00
yras   = 0.000000000000000e+00 0.000000000000000e+00 -1.000000000000000e+00
zras   = 0.000000000000000e+00 1.000000000000000e+00 0.000000000000000e+00
cras   = 0.000000000000000e+00 0.000000000000000e+00 0.000000000000000e+00
