type      = 0 # LINEAR_VOX_TO_VOX
nxforms   = 1
mean      = 0.0000 0.0000 0.0000
sigma     = 1.0000
1 4 4
9.773931503295898e-01 -4.546990618109703e-03 -4.186718538403511e-02 9.767036437988281e+00 
3.322152793407440e-02 9.654787778854370e-01 1.614491790533066e-01 -3.597384643554688e+01 
4.545914381742477e-02 -1.709600687026978e-01 9.389892816543579e-01 9.321159362792969e+00 
0.000000000000000e+00 0.000000000000000e+00 0.000000000000000e+00 1.000000000000000e+00 
src volume info
valid = 1  # volume info valid
filename = /out/sourcedata/freesurfer/sub-v2s13x29135_ses-1/mri/orig.mgz
volume = 256 256 256
voxelsize = 8.984374403953552e-01 8.984374403953552e-01 8.984374403953552e-01
xras   = -1.000000119209290e+00 9.556180291525607e-10 0.000000000000000e+00
yras   = -6.478766134687675e-11 -1.658564130480045e-08 -9.999999403953552e-01
zras   = 1.781660652344641e-10 1.000000000000000e+00 3.317128260960089e-08
cras   = -4.186653137207031e+00 -9.460220336914062e-01 1.540455627441406e+01
dst volume info
valid = 1  # volume info valid
filename = /opt/freesurfer/average/mni305.cor.mgz
volume = 256 256 256
voxelsize = 1.000000000000000e+00 1.000000000000000e+00 1.000000000000000e+00
xras   = -1.000000000000000e+00 0.000000000000000e+00 0.000000000000000e+00
yras   = 0.000000000000000e+00 0.000000000000000e+00 -1.000000000000000e+00
zras   = 0.000000000000000e+00 1.000000000000000e+00 0.000000000000000e+00
cras   = 0.000000000000000e+00 0.000000000000000e+00 0.000000000000000e+00
subject fsaverage
fscale 0.100000
