type      = 1 # LINEAR_RAS_TO_RAS
nxforms   = 1
mean      = 0.0000 0.0000 0.0000
sigma     = 1.0000
1 4 4
1.087880969047546e+00 4.659999907016754e-02 -5.061000119894743e-03 3.744286060333252e+00 
-5.059799924492836e-02 1.045135974884033e+00 1.902859956026077e-01 -1.670671081542969e+01 
3.697700053453445e-02 -1.797000020742416e-01 1.074620008468628e+00 -1.094527959823608e+00 
0.000000000000000e+00 0.000000000000000e+00 0.000000000000000e+00 1.000000000000000e+00 
src volume info
valid = 1  # volume info valid
filename = /out/sourcedata/freesurfer/sub-v2s13x29135_ses-1/mri/orig_nu.mgz
volume = 256 256 256
voxelsize = 8.984374403953552e-01 8.984374403953552e-01 8.984374403953552e-01
xras   = -1.000000119209290e+00 9.556180291525607e-10 0.000000000000000e+00
yras   = -6.478766134687675e-11 -1.658564130480045e-08 -9.999999403953552e-01
zras   = 1.781660652344641e-10 1.000000000000000e+00 3.317128260960089e-08
cras   = -4.186653137207031e+00 -9.460220336914062e-01 1.540455627441406e+01
dst volume info
valid = 1  # volume info valid
filename = /opt/freesurfer/average/mni305.cor.mgz
volume = 256 256 256
voxelsize = 1.000000000000000e+00 1.000000000000000e+00 1.000000000000000e+00
xras   = -1.000000000000000e+00 0.000000000000000e+00 0.000000000000000e+00
yras   = 0.000000000000000e+00 0.000000000000000e+00 -1.000000000000000e+00
zras   = 0.000000000000000e+00 1.000000000000000e+00 0.000000000000000e+00
cras   = 0.000000000000000e+00 0.000000000000000e+00 0.000000000000000e+00
subject fsaverage
fscale 0.100000
