#Insight Transform File V1.0
#Transform 0
Transform: AffineTransform_float_3_3
Parameters: 1 0.00050605 0.000973311 -0.000505476 0.999999 -0.000791433 -0.000973944 0.000790787 0.999999 -0.0824887 -0.00357383 0.078386
FixedParameters: 0 0 0

#Transform 1
Transform: AffineTransform_float_3_3
Parameters: 0.999999 0.000229238 0.00132345 -0.000228637 1 -0.000220333 -0.00132356 0.000220063 0.999999 -0.0809991 -0.0153571 0.0925406
FixedParameters: 0 0 0

#Transform 2
Transform: AffineTransform_float_3_3
Parameters: 0.999999 0.000539668 0.00126651 -0.00053995 1 0.000118225 -0.00126638 -0.000119256 0.999999 -0.0867708 -0.0115245 0.0424004
FixedParameters: 0 0 0

#Transform 3
Transform: AffineTransform_float_3_3
Parameters: 0.999999 0.000172332 0.000992331 -0.000171831 0.999999 -0.000748429 -0.000992419 0.000748426 0.999999 -0.0789622 0.0524579 0.0571747
FixedParameters: 0 0 0

#Transform 4
Transform: AffineTransform_float_3_3
Parameters: 1 0.000375377 0.00109463 -0.000374763 1 -0.000272382 -0.00109484 0.000271897 1 -0.07855 0.00754846 0.0657442
FixedParameters: 0 0 0

#Transform 5
Transform: AffineTransform_float_3_3
Parameters: 1 0.000488519 0.00108591 -0.000487974 1 -0.000242415 -0.00108615 0.00024169 1 -0.0842852 0.0536147 0.0706612
FixedParameters: 0 0 0

#Transform 6
Transform: AffineTransform_float_3_3
Parameters: 0.999999 0.000160843 0.000927242 -0.000160847 1 -0.000529028 -0.000927242 0.000529068 1 -0.077526 0.00620966 0.0764711
FixedParameters: 0 0 0

#Transform 7
Transform: AffineTransform_float_3_3
Parameters: 1 9.20032e-05 0.000533048 -9.25726e-05 1 0.000534134 -0.000532949 -0.000534233 0.999999 -0.047069 0.0163589 0.0594945
FixedParameters: 0 0 0

#Transform 8
Transform: AffineTransform_float_3_3
Parameters: 1 6.8183e-05 0.00039385 -6.80434e-05 1 -0.000177222 -0.000393874 0.000177169 1 -0.0454197 0.056375 -0.0117085
FixedParameters: 0 0 0

#Transform 9
Transform: AffineTransform_float_3_3
Parameters: 1 5.41469e-05 0.000313603 -5.45263e-05 1 0.000605046 -0.000313537 -0.00060508 1 -0.0439472 0.0200005 0.0211694
FixedParameters: 0 0 0

#Transform 10
Transform: AffineTransform_float_3_3
Parameters: 1 3.9736e-06 0.000386203 -3.71533e-06 1 -0.000334372 -0.000386206 0.000334369 1 -0.0443283 0.0431027 -0.0223827
FixedParameters: 0 0 0

#Transform 11
Transform: AffineTransform_float_3_3
Parameters: 1 5.50131e-05 0.000318319 -5.52118e-05 1 0.000312078 -0.000318285 -0.000312113 1 -0.0367013 -0.0286465 0.0182856
FixedParameters: 0 0 0

#Transform 12
Transform: AffineTransform_float_3_3
Parameters: 1 6.45751e-05 0.000373162 -6.4521e-05 1 -7.24151e-05 -0.000373171 7.2367e-05 1 -0.0378856 0.0411271 -0.00661404
FixedParameters: 0 0 0

#Transform 13
Transform: AffineTransform_float_3_3
Parameters: 1 6.51334e-05 0.000375969 -6.48533e-05 1 -0.000372402 -0.000376017 0.000372353 1 -0.0447958 0.0252545 -0.0014646
FixedParameters: 0 0 0

#Transform 14
Transform: AffineTransform_float_3_3
Parameters: 1 6.60826e-05 0.000380722 -6.54121e-05 0.999999 -0.000880379 -0.000380838 0.000880328 0.999999 -0.0269738 0.0513621 -0.0178738
FixedParameters: 0 0 0

#Transform 15
Transform: AffineTransform_float_3_3
Parameters: 1 -4.74607e-05 0.000399204 4.70753e-05 0.999999 -0.000751323 -0.000398963 0.000751364 0.999999 -0.0253248 0.0181422 -0.00218697
FixedParameters: 0 0 0

#Transform 16
Transform: AffineTransform_float_3_3
Parameters: 1 6.28864e-05 0.000364616 -6.34992e-05 0.999999 0.000840544 -0.000364509 -0.00084059 0.999999 -0.025744 -0.0648553 0.0586417
FixedParameters: 0 0 0

#Transform 17
Transform: AffineTransform_float_3_3
Parameters: 1 9.38461e-05 0.000543363 -9.42582e-05 1 0.000379225 -0.000543291 -0.000379328 1 -0.0114653 0.0126214 0.0309334
FixedParameters: 0 0 0

#Transform 18
Transform: AffineTransform_float_3_3
Parameters: 1 6.44283e-05 0.000372422 -6.44333e-05 1 6.58136e-06 -0.000372421 -6.62935e-06 1 -0.0258182 -0.0639175 0.0234102
FixedParameters: 0 0 0

#Transform 19
Transform: AffineTransform_float_3_3
Parameters: 1 6.36983e-05 0.000368735 -6.39937e-05 1 0.000400564 -0.000368683 -0.000400611 1 -0.00981965 0.00408934 0.0160396
FixedParameters: 0 0 0

#Transform 20
Transform: AffineTransform_float_3_3
Parameters: 1 -1.06723e-05 0.000384302 1.05796e-05 1 0.000120615 -0.000384305 -0.000120607 1 -0.00771327 -0.0140281 0.00378137
FixedParameters: 0 0 0

#Transform 21
Transform: AffineTransform_float_3_3
Parameters: 1 -9.22744e-08 -7.80976e-07 9.27305e-08 1 0.000292006 7.80923e-07 -0.000292006 1 -0.0172659 -0.0228405 0.00849509
FixedParameters: 0 0 0

#Transform 22
Transform: AffineTransform_float_3_3
Parameters: 1 7.91708e-05 0.000456574 -7.8657e-05 1 -0.000562641 -0.000456663 0.000562569 0.999999 -0.0101207 0.0227307 -0.0289447
FixedParameters: 0 0 0

#Transform 23
Transform: AffineTransform_float_3_3
Parameters: 1 -0.00026268 0.000488164 0.000262504 1 0.000180347 -0.000488259 -0.000180091 1 0.00461309 -0.0330004 -0.000405772
FixedParameters: 0 0 0

#Transform 24
Transform: AffineTransform_float_3_3
Parameters: 1 6.48596e-05 0.000374593 -6.46907e-05 1 -0.000225408 -0.000374623 0.00022536 1 -0.015693 0.0374162 -0.0104376
FixedParameters: 0 0 0

#Transform 25
Transform: AffineTransform_float_3_3
Parameters: 1 0.000468586 0.000298207 -0.000468866 1 0.000470385 -0.000297766 -0.000470665 1 -0.0389155 -0.0708431 0.0266648
FixedParameters: 0 0 0

#Transform 26
Transform: AffineTransform_float_3_3
Parameters: 0.999999 0.000730468 0.000256858 -0.000730492 1 4.42898e-05 -0.000256803 -4.37231e-05 1 -0.0650706 -0.00952859 0.0406724
FixedParameters: 0 0 0

#Transform 27
Transform: AffineTransform_float_3_3
Parameters: 1 0.000613056 -1.71281e-05 -0.000613054 1 4.17607e-05 1.71793e-05 -4.17397e-05 1 -0.0563304 -0.0351191 0.0616524
FixedParameters: 0 0 0

#Transform 28
Transform: AffineTransform_float_3_3
Parameters: 1 0.000667683 -0.000216914 -0.000667713 0.999999 -0.000461926 0.000217282 0.000462225 1 -0.048054 -0.0325137 0.00844978
FixedParameters: 0 0 0

#Transform 29
Transform: AffineTransform_float_3_3
Parameters: 1 0.000344912 -0.000100027 -0.000345004 1 -0.000461415 9.97085e-05 0.000461484 1 -0.0495638 -0.025511 -0.00569988
FixedParameters: 0 0 0

#Transform 30
Transform: AffineTransform_float_3_3
Parameters: 1 0.000382904 -2.15134e-05 -0.000382918 1 -0.00033564 2.12563e-05 0.000335657 1 -0.0466185 -0.0358256 0.019815
FixedParameters: 0 0 0

#Transform 31
Transform: AffineTransform_float_3_3
Parameters: 1 0.000229061 -8.37796e-05 -0.00022907 1 -5.34326e-05 8.37551e-05 5.3471e-05 1 -0.0390996 -0.03812 0.0279287
FixedParameters: 0 0 0

#Transform 32
Transform: AffineTransform_float_3_3
Parameters: 1 0.000435894 0.000137765 -0.000435772 1 -0.000443133 -0.000138151 0.000443013 1 -0.0492932 -0.0307096 0.0408982
FixedParameters: 0 0 0

#Transform 33
Transform: AffineTransform_float_3_3
Parameters: 1 0.000271355 -2.60464e-05 -0.000271444 0.999999 -0.00135889 2.53118e-05 0.00135891 0.999999 -0.0449473 -0.0425284 0.0219192
FixedParameters: 0 0 0

#Transform 34
Transform: AffineTransform_float_3_3
Parameters: 1 -6.33139e-06 -3.57443e-05 6.27366e-06 0.999999 -0.000807383 3.57545e-05 0.000807382 0.999999 -0.0416551 0.0164481 0.0624541
FixedParameters: 0 0 0

#Transform 35
Transform: AffineTransform_float_3_3
Parameters: 1 5.13782e-05 0.000297479 -5.16982e-05 1 0.000537888 -0.000297423 -0.000537919 1 -0.035604 -0.0337734 0.0935284
FixedParameters: 0 0 0

#Transform 36
Transform: AffineTransform_float_3_3
Parameters: 1 3.65728e-05 0.000213196 -3.71621e-05 0.999994 0.00342821 -0.000213096 -0.00342823 0.999994 -0.0456325 -0.00165245 0.172523
FixedParameters: 0 0 0

#Transform 37
Transform: AffineTransform_float_3_3
Parameters: 0.999999 -0.000344953 -0.00143388 0.000353338 0.999985 0.0053569 0.00143236 -0.00535753 0.999984 -0.00759936 -0.00174495 0.309048
FixedParameters: 0 0 0

#Transform 38
Transform: AffineTransform_float_3_3
Parameters: 1 3.75009e-05 -0.00100613 -3.44575e-05 0.999995 0.00310375 0.00100589 -0.00310368 0.999994 -0.0302253 0.0113532 0.162208
FixedParameters: 0 0 0

#Transform 39
Transform: AffineTransform_float_3_3
Parameters: 0.999999 3.92248e-05 -0.00157722 -3.40357e-05 0.999995 0.0032896 0.00157735 -0.00329009 0.999994 -0.0228352 -0.0126993 0.277709
FixedParameters: 0 0 0

#Transform 40
Transform: AffineTransform_float_3_3
Parameters: 0.999997 -0.00154275 -0.00227885 0.00155712 0.999979 0.00621233 0.00226905 -0.00621577 0.999978 -0.0170347 -0.15383 0.301804
FixedParameters: 0 0 0

#Transform 41
Transform: AffineTransform_float_3_3
Parameters: 0.999994 -0.00277059 -0.00224365 0.00283058 0.999627 0.0271654 0.00216761 -0.0271722 0.999629 0.124762 -0.0122182 -0.906093
FixedParameters: 0 0 0

#Transform 42
Transform: AffineTransform_float_3_3
Parameters: 0.999996 -0.00255389 -0.00125619 0.00259271 0.999495 0.031683 0.00117461 -0.0316853 0.999497 0.0747333 0.368245 -0.526583
FixedParameters: 0 0 0

#Transform 43
Transform: AffineTransform_float_3_3
Parameters: 0.999997 -0.000265922 -0.00221053 0.000304165 0.999849 0.0174083 0.00220522 -0.0174088 0.999846 0.045142 0.0767537 0.405038
FixedParameters: 0 0 0

#Transform 44
Transform: AffineTransform_float_3_3
Parameters: 0.999997 -0.000142292 -0.00232911 0.000174176 0.999907 0.0136764 0.00232721 -0.0136764 0.999903 -0.000561131 0.0258523 0.389423
FixedParameters: 0 0 0

#Transform 45
Transform: AffineTransform_float_3_3
Parameters: 0.999999 0.000138561 0.00116656 -0.000153846 0.999914 0.0131278 -0.00116438 -0.0131278 0.999913 0.00755078 0.071544 0.138251
FixedParameters: 0 0 0

#Transform 46
Transform: AffineTransform_float_3_3
Parameters: 0.999994 0.000218867 0.00320896 -0.000238347 0.999982 0.00596796 -0.00320745 -0.00596873 0.999977 -0.0531714 -0.027256 -0.33329
FixedParameters: 0 0 0

#Transform 47
Transform: AffineTransform_float_3_3
Parameters: 0.999984 0.00127464 0.0055133 -0.00129711 0.999991 0.00416056 -0.00550869 -0.00416851 0.999977 -0.0977803 0.0799301 -0.406237
FixedParameters: 0 0 0

#Transform 48
Transform: AffineTransform_float_3_3
Parameters: 0.999992 -4.80584e-05 0.00392518 1.40566e-05 0.999962 0.00865886 -0.00392549 -0.00865881 0.999955 -0.111354 0.167393 -0.774775
FixedParameters: 0 0 0

#Transform 49
Transform: AffineTransform_float_3_3
Parameters: 0.999966 0.00134031 0.00813433 -0.00140466 0.999968 0.00789545 -0.00812374 -0.00790655 0.999936 -0.0125382 0.107405 -0.679085
FixedParameters: 0 0 0

#Transform 50
Transform: AffineTransform_float_3_3
Parameters: 0.999448 -0.00226119 0.0331709 0.0021717 0.999994 0.00273098 -0.0331765 -0.0026579 0.999446 0.0614907 -0.0117982 -0.556191
FixedParameters: 0 0 0

#Transform 51
Transform: AffineTransform_float_3_3
Parameters: 0.999519 0.00212042 0.0309436 -0.00204655 0.999995 -0.00240695 -0.030948 0.00234185 0.999519 -0.0927307 0.0174606 -0.545888
FixedParameters: 0 0 0

#Transform 52
Transform: AffineTransform_float_3_3
Parameters: 0.999564 -0.000136538 0.0295245 0.000175364 0.999999 -0.00129051 -0.0295243 0.00129462 0.999563 -0.0126951 0.0227644 -0.534399
FixedParameters: 0 0 0

#Transform 53
Transform: AffineTransform_float_3_3
Parameters: 0.999595 -0.000131397 0.0284571 0.000216337 0.999996 -0.00296646 -0.0284574 0.002971 0.999591 -0.0226092 0.0394597 -0.816983
FixedParameters: 0 0 0

#Transform 54
Transform: AffineTransform_float_3_3
Parameters: 0.999603 0.00146003 0.0281343 -0.00146694 0.999999 0.00023552 -0.028134 -0.000277087 0.999604 -0.104513 0.0842451 -0.84868
FixedParameters: 0 0 0

#Transform 55
Transform: AffineTransform_float_3_3
Parameters: 0.999514 0.000409359 0.0311827 -0.000454957 0.999999 0.00145603 -0.0311817 -0.00147006 0.999512 -0.0415985 0.106542 -0.923602
FixedParameters: 0 0 0

#Transform 56
Transform: AffineTransform_float_3_3
Parameters: 0.999724 -0.000943757 0.0234999 0.000919074 0.999999 0.00108378 -0.0235002 -0.00106146 0.999723 0.313207 0.0441182 -0.364015
FixedParameters: 0 0 0

#Transform 57
Transform: AffineTransform_float_3_3
Parameters: 0.999796 0.00158132 0.020145 -0.00151817 0.999994 -0.00312841 -0.0201496 0.00309656 0.999792 0.162046 0.0827386 -0.299185
FixedParameters: 0 0 0

#Transform 58
Transform: AffineTransform_float_3_3
Parameters: 0.999809 0.00283218 0.0193629 -0.00284341 0.999996 0.000534267 -0.0193615 -0.000589112 0.999813 0.116497 0.236939 -1.09321
FixedParameters: 0 0 0

#Transform 59
Transform: AffineTransform_float_3_3
Parameters: 0.999804 0.00104415 0.0197608 -0.001157 0.999983 0.0057006 -0.0197552 -0.00572255 0.999788 0.295382 0.0833806 -1.82728
FixedParameters: 0 0 0

#Transform 60
Transform: AffineTransform_float_3_3
Parameters: 0.999831 0.00227753 0.0182393 -0.00232 0.999995 0.00231907 -0.0182338 -0.00236166 0.999831 0.205178 0.0741473 -1.77733
FixedParameters: 0 0 0

#Transform 61
Transform: AffineTransform_float_3_3
Parameters: 0.999868 0.00337752 0.0159098 -0.00346243 0.99998 0.00526264 -0.0158922 -0.00531666 0.999859 0.050009 0.136483 -1.76976
FixedParameters: 0 0 0

#Transform 62
Transform: AffineTransform_float_3_3
Parameters: 0.999964 0.001478 0.00835313 -0.00151893 0.999986 0.00500874 -0.00834552 -0.00502053 0.999953 0.0746358 0.0420432 -1.96079
FixedParameters: 0 0 0

#Transform 63
Transform: AffineTransform_float_3_3
Parameters: 0.999978 0.00355216 0.00558876 -0.00356848 0.999989 0.00295531 -0.00557781 -0.00297475 0.99998 0.0361919 0.019083 -2.38818
FixedParameters: 0 0 0

#Transform 64
Transform: AffineTransform_float_3_3
Parameters: 0.999999 0.000536581 0.00122485 -0.00053674 1 7.18231e-05 -0.00122478 -7.186e-05 0.999999 0.113466 0.012178 -2.66498
FixedParameters: 0 0 0

#Transform 65
Transform: AffineTransform_float_3_3
Parameters: 0.999998 0.00142745 -0.000657082 -0.00143589 0.999902 -0.0139579 0.000636743 0.0139583 0.999902 -0.205939 -0.775558 -2.61059
FixedParameters: 0 0 0

#Transform 66
Transform: AffineTransform_float_3_3
Parameters: 0.999986 0.00224447 0.0048114 -0.00164741 0.992692 -0.120663 -0.00504767 0.120653 0.992682 -0.585071 -1.90281 -6.96229
FixedParameters: 0 0 0

#Transform 67
Transform: AffineTransform_float_3_3
Parameters: 0.999892 0.00269428 0.0144255 -0.00265579 0.999993 -0.00268583 -0.0144331 0.00264753 0.999892 -0.074133 -2.19376 0.681158
FixedParameters: 0 0 0

#Transform 68
Transform: AffineTransform_float_3_3
Parameters: 0.999012 -0.017681 0.0407799 0.0120463 0.990841 0.134497 -0.0427846 -0.133873 0.990075 0.654625 -1.73753 5.29961
FixedParameters: 0 0 0

#Transform 69
Transform: AffineTransform_float_3_3
Parameters: 0.999278 -0.00902287 0.0369194 0.00781301 0.999432 0.0327781 -0.0371943 -0.0324662 0.998781 0.516464 0.392793 1.49719
FixedParameters: 0 0 0

#Transform 70
Transform: AffineTransform_float_3_3
Parameters: 0.999346 -0.00157425 0.0361274 0.00140038 0.999987 0.00484645 -0.0361348 -0.00479253 0.999336 0.314442 0.204497 1.12435
FixedParameters: 0 0 0

#Transform 71
Transform: AffineTransform_float_3_3
Parameters: 0.999413 -0.000663364 0.0342461 0.000758815 0.999996 -0.00279549 -0.0342435 0.0028205 0.999409 0.271602 -0.0713321 1.44763
FixedParameters: 0 0 0

#Transform 72
Transform: AffineTransform_float_3_3
Parameters: 0.999647 -0.00106796 0.0265415 0.000788433 0.999944 0.0105526 -0.0265514 -0.0105279 0.999592 0.046224 -0.659696 2.52926
FixedParameters: 0 0 0

#Transform 73
Transform: AffineTransform_float_3_3
Parameters: 0.999888 0.000343675 0.0150166 -0.000327712 0.999999 -0.00107094 -0.0150173 0.00106514 0.999887 0.0531027 -0.0270201 0.706651
FixedParameters: 0 0 0

#Transform 74
Transform: AffineTransform_float_3_3
Parameters: 0.999856 0.00134912 0.016916 -0.00125288 0.999982 -0.00571133 -0.016923 0.00568946 0.999841 -0.0106852 -0.221396 1.21723
FixedParameters: 0 0 0

#Transform 75
Transform: AffineTransform_float_3_3
Parameters: 0.99986 0.00125128 0.0166684 -0.00117183 0.999988 -0.00481881 -0.0166749 0.00479884 0.999849 -0.0181316 -0.13922 1.21378
FixedParameters: 0 0 0

#Transform 76
Transform: AffineTransform_float_3_3
Parameters: 0.999876 -0.00542815 0.0147689 0.00528039 0.999936 0.0100062 -0.0148219 -0.0099267 0.999841 0.166035 -0.764061 0.909313
FixedParameters: 0 0 0

#Transform 77
Transform: AffineTransform_float_3_3
Parameters: 0.999449 -0.0304321 0.0132495 0.0293043 0.9965 0.0782863 -0.0155854 -0.0778548 0.996843 0.839223 -3.28782 -0.0630322
FixedParameters: 0 0 0

#Transform 78
Transform: AffineTransform_float_3_3
Parameters: 0.999591 -0.0219199 0.0183919 0.0205105 0.997075 0.0736337 -0.0199522 -0.0732264 0.997116 0.509122 -1.32485 0.123175
FixedParameters: 0 0 0

#Transform 79
Transform: AffineTransform_float_3_3
Parameters: 0.999864 -0.00709916 0.0149152 0.00646871 0.999099 0.0419481 -0.0151995 -0.0418453 0.999009 0.20312 -0.158893 0.481785
FixedParameters: 0 0 0

#Transform 80
Transform: AffineTransform_float_3_3
Parameters: 0.999961 -0.00180489 0.00870233 0.00158102 0.99967 0.0256248 -0.00874532 -0.0256099 0.999634 0.0154847 -0.163484 0.635024
FixedParameters: 0 0 0

#Transform 81
Transform: AffineTransform_float_3_3
Parameters: 0.999961 -0.00197853 0.00864183 0.00182383 0.99984 0.0178098 -0.008676 -0.0177934 0.999804 0.0201672 -0.18591 0.657071
FixedParameters: 0 0 0

#Transform 82
Transform: AffineTransform_float_3_3
Parameters: 0.999962 -0.00198832 0.00852894 0.00184451 0.999856 0.0168774 -0.00856155 -0.0168605 0.999821 0.00917596 -0.132944 0.665142
FixedParameters: 0 0 0

#Transform 83
Transform: AffineTransform_float_3_3
Parameters: 0.999899 -0.00190963 0.0140598 0.00175173 0.999936 0.0112539 -0.0140801 -0.0112279 0.999838 -0.0290362 -0.192862 1.02208
FixedParameters: 0 0 0

#Transform 84
Transform: AffineTransform_float_3_3
Parameters: 0.999799 0.00221542 0.0199408 -0.00227572 0.999993 0.00300476 -0.0199344 -0.00304894 0.999796 -0.104904 -0.234542 0.484272
FixedParameters: 0 0 0

#Transform 85
Transform: AffineTransform_float_3_3
Parameters: 0.999729 0.00063562 0.0232514 -0.000794793 0.999977 0.00679172 -0.0232468 -0.00680916 0.999706 0.0100361 -0.176818 0.135875
FixedParameters: 0 0 0

#Transform 86
Transform: AffineTransform_float_3_3
Parameters: 0.999669 -0.000380867 0.0257079 0.000212657 0.999979 0.00655014 -0.0257103 -0.00654211 0.999648 0.00304347 -0.0174969 -0.601772
FixedParameters: 0 0 0

#Transform 87
Transform: AffineTransform_float_3_3
Parameters: 0.999679 0.0015566 0.0252811 -0.00168337 0.999986 0.00496262 -0.0252738 -0.00500302 0.999668 -0.124655 -0.172836 -1.92957
FixedParameters: 0 0 0

#Transform 88
Transform: AffineTransform_float_3_3
Parameters: 0.999768 0.00157492 0.0214657 -0.00187194 0.999903 0.0138219 -0.0214416 -0.0138588 0.999673 -0.403637 0.0228287 -3.42267
FixedParameters: 0 0 0

#Transform 89
Transform: AffineTransform_float_3_3
Parameters: 0.999473 -0.00741078 0.0316155 0.00634894 0.999417 0.033544 -0.0318449 -0.0333256 0.998937 -0.361539 -0.0542534 -5.69631
FixedParameters: 0 0 0

#Transform 90
Transform: AffineTransform_float_3_3
Parameters: 0.999672 -0.00800204 0.0243425 0.00728151 0.999536 0.0295731 -0.0245675 -0.0293859 0.999267 0.186968 -0.031399 -4.46859
FixedParameters: 0 0 0

#Transform 91
Transform: AffineTransform_float_3_3
Parameters: 0.999729 -0.00776408 0.0219205 0.00734108 0.999786 0.0193222 -0.0220661 -0.0191567 0.999573 0.103722 -0.00696423 -3.62523
FixedParameters: 0 0 0

#Transform 92
Transform: AffineTransform_float_3_3
Parameters: 0.999821 -0.0060266 0.0179451 0.00575515 0.999868 0.0151763 -0.0180341 -0.0150706 0.999724 0.089334 0.0165587 -3.14059
FixedParameters: 0 0 0

#Transform 93
Transform: AffineTransform_float_3_3
Parameters: 0.999801 -0.00547818 0.019167 0.00521183 0.99989 0.0139315 -0.0192414 -0.0138289 0.99972 0.0673788 -0.0489185 -2.74719
FixedParameters: 0 0 0

#Transform 94
Transform: AffineTransform_float_3_3
Parameters: 0.999822 -0.00417877 0.0183925 0.00390208 0.99988 0.0150113 -0.0184533 -0.0149363 0.999718 0.0224736 -0.000245716 -2.45552
FixedParameters: 0 0 0

#Transform 95
Transform: AffineTransform_float_3_3
Parameters: 0.999833 -0.00378681 0.0178369 0.00354485 0.999901 0.0135522 -0.0178864 -0.0134868 0.999749 0.0263003 -0.0162177 -2.40808
FixedParameters: 0 0 0

#Transform 96
Transform: AffineTransform_float_3_3
Parameters: 0.999851 -0.00292846 0.0170105 0.00272453 0.999925 0.0119705 -0.0170442 -0.0119221 0.999783 0.00216215 0.00748373 -2.37532
FixedParameters: 0 0 0

#Transform 97
Transform: AffineTransform_float_3_3
Parameters: 0.999828 -0.0015616 0.0184972 0.00141945 0.999969 0.00770897 -0.0185085 -0.00768102 0.999799 0.000942624 -0.0545752 -2.2677
FixedParameters: 0 0 0

#Transform 98
Transform: AffineTransform_float_3_3
Parameters: 0.999925 -0.00671169 0.0102323 0.00657184 0.999886 0.0136216 -0.0103226 -0.0135536 0.999855 0.0939395 0.0091578 -2.74497
FixedParameters: 0 0 0

#Transform 99
Transform: AffineTransform_float_3_3
Parameters: 0.999992 -0.0039596 0.000770199 0.00394535 0.999849 0.0169547 -0.000836477 -0.0169513 0.999856 0.044138 -0.148843 -2.69572
FixedParameters: 0 0 0

#Transform 100
Transform: AffineTransform_float_3_3
Parameters: 0.999985 -0.00498781 0.00225717 0.00495273 0.99987 0.0153307 -0.00233338 -0.0153192 0.999879 -0.0941973 -0.144187 -2.75644
FixedParameters: 0 0 0

#Transform 101
Transform: AffineTransform_float_3_3
Parameters: 0.999979 -0.000235644 0.0063688 0.000225162 0.999999 0.00165164 -0.00636928 -0.00164987 0.999979 -0.0643378 0.00715642 -0.0628452
FixedParameters: 0 0 0

#Transform 102
Transform: AffineTransform_float_3_3
Parameters: 0.99998 0.00124014 0.00612638 -0.00122348 0.999995 -0.00286775 -0.00613026 0.00286037 0.999977 -0.110198 -0.203548 -0.0994402
FixedParameters: 0 0 0

#Transform 103
Transform: AffineTransform_float_3_3
Parameters: 0.999973 0.00140427 0.00723584 -0.00134959 0.99997 -0.00765061 -0.00724621 0.00764053 0.999944 -0.143264 0.00578806 -0.241271
FixedParameters: 0 0 0

#Transform 104
Transform: AffineTransform_float_3_3
Parameters: 0.999952 0.00152161 0.00968448 -0.00145366 0.999975 -0.00696616 -0.00969562 0.00695142 0.999929 -0.0328932 -0.0792655 -0.102621
FixedParameters: 0 0 0

#Transform 105
Transform: AffineTransform_float_3_3
Parameters: 0.99993 0.000470894 0.0118533 -0.000440139 0.999997 -0.0025643 -0.0118543 0.00255817 0.999926 -0.104247 -0.014332 -0.264815
FixedParameters: 0 0 0

#Transform 106
Transform: AffineTransform_float_3_3
Parameters: 0.999932 0.000199409 0.0116241 -0.000175681 0.999998 -0.00205808 -0.0116245 0.00205548 0.99993 -0.12781 -0.00699131 -0.498869
FixedParameters: 0 0 0

#Transform 107
Transform: AffineTransform_float_3_3
Parameters: 0.999971 -0.000112262 0.00765903 8.21848e-05 0.999992 0.00398679 -0.00765897 -0.00398663 0.999963 -0.263021 -0.207574 -1.91698
FixedParameters: 0 0 0

#Transform 108
Transform: AffineTransform_float_3_3
Parameters: 0.999955 -0.00102942 0.00939513 0.000999654 0.999994 0.00316779 -0.00939833 -0.00315858 0.999951 0.0572769 0.154426 -2.0652
FixedParameters: 0 0 0

#Transform 109
Transform: AffineTransform_float_3_3
Parameters: 0.99996 -0.000319378 0.0089773 0.000368961 0.999984 -0.00551838 -0.00897493 0.00552198 0.999945 0.0681226 0.0163177 -1.92681
FixedParameters: 0 0 0

#Transform 110
Transform: AffineTransform_float_3_3
Parameters: 0.999965 -0.000285793 0.00834419 0.000345054 0.999975 -0.00708789 -0.00834155 0.00709045 0.99994 0.0872211 -0.0358975 -2.03303
FixedParameters: 0 0 0

#Transform 111
Transform: AffineTransform_float_3_3
Parameters: 0.999963 -0.00025825 0.00866713 0.000367267 0.999922 -0.0125206 -0.00866281 0.0125231 0.999884 0.0433665 -0.0277511 -2.30697
FixedParameters: 0 0 0

#Transform 112
Transform: AffineTransform_float_3_3
Parameters: 0.999963 0.0013471 0.00839875 -0.00126299 0.999949 -0.0100282 -0.00841233 0.0100164 0.999914 -0.0221917 -0.037305 -2.13379
FixedParameters: 0 0 0

#Transform 113
Transform: AffineTransform_float_3_3
Parameters: 0.999961 0.00269043 0.00841664 -0.00259525 0.999933 -0.0113295 -0.00844584 0.0113078 0.9999 -0.142207 -0.0469334 -1.56354
FixedParameters: 0 0 0

#Transform 114
Transform: AffineTransform_float_3_3
Parameters: 0.999967 0.00179196 0.00800038 -0.00169894 0.999931 -0.0115918 -0.00802079 0.0115781 0.999901 -0.114923 0.00441606 -1.68417
FixedParameters: 0 0 0

#Transform 115
Transform: AffineTransform_float_3_3
Parameters: 0.99998 0.000902119 0.00614062 -0.000823886 0.99992 -0.0126625 -0.00615112 0.0126572 0.999901 -0.120272 -0.104787 -1.93196
FixedParameters: 0 0 0

#Transform 116
Transform: AffineTransform_float_3_3
Parameters: 0.999963 -0.000777793 0.00860181 0.000740914 0.99999 0.00427075 -0.0086053 -0.00426452 0.999954 -0.044236 -0.091615 -2.45041
FixedParameters: 0 0 0

#Transform 117
Transform: AffineTransform_float_3_3
Parameters: 0.999971 0.00172428 0.00739622 -0.00173008 0.999998 0.000810262 -0.00739554 -0.000822329 0.999972 -0.0748273 -0.383094 0.865523
FixedParameters: 0 0 0

#Transform 118
Transform: AffineTransform_float_3_3
Parameters: 0.999983 -0.00136116 0.00561538 0.0011992 0.999584 0.0288373 -0.00565247 -0.0288307 0.999568 -0.22297 -0.969827 0.19079
FixedParameters: 0 0 0

#Transform 119
Transform: AffineTransform_float_3_3
Parameters: 0.999786 -0.0064298 0.0196782 0.00550822 0.998902 0.0465101 -0.0199556 -0.0463919 0.998724 -0.130631 -0.600904 1.91698
FixedParameters: 0 0 0

#Transform 120
Transform: AffineTransform_float_3_3
Parameters: 0.999951 -0.000219064 0.00985637 0.000159028 0.999981 0.00611896 -0.00985783 -0.00611682 0.999933 -0.104659 0.129035 1.51108
FixedParameters: 0 0 0

#Transform 121
Transform: AffineTransform_float_3_3
Parameters: 0.99997 0.000773719 0.00774121 -0.000808499 0.999989 0.0045193 -0.00773808 -0.00452532 0.999959 -0.139618 -0.158436 1.25035
FixedParameters: 0 0 0

#Transform 122
Transform: AffineTransform_float_3_3
Parameters: 0.999971 0.000322474 0.00765636 -0.000338056 0.999998 0.0021021 -0.00765575 -0.00210437 0.999968 -0.103378 -0.11736 1.02843
FixedParameters: 0 0 0

#Transform 123
Transform: AffineTransform_float_3_3
Parameters: 0.999981 0.000568798 0.00626999 -0.000542331 0.999991 -0.00416444 -0.00627216 0.00416109 0.999971 -0.125081 -0.212608 0.587091
FixedParameters: 0 0 0

#Transform 124
Transform: AffineTransform_float_3_3
Parameters: 0.999991 -0.00252602 0.00309781 0.00257904 0.999848 -0.0172259 -0.00305342 0.0172343 0.999847 -1.47138 0.389035 -3.38159
FixedParameters: 0 0 0

#Transform 125
Transform: AffineTransform_float_3_3
Parameters: 0.99987 0.00828915 0.0138279 -0.00795622 0.999682 -0.0239283 -0.0140212 0.0238154 0.999618 -1.231 -0.11971 -4.81967
FixedParameters: 0 0 0

#Transform 126
Transform: AffineTransform_float_3_3
Parameters: 0.999992 0.00151959 -0.0035652 -0.00160916 0.999682 -0.0251847 0.00352575 0.0251908 0.999677 -0.537471 0.729211 -5.71716
FixedParameters: 0 0 0

#Transform 127
Transform: AffineTransform_float_3_3
Parameters: 0.999992 0.00165098 -0.00363079 -0.00175814 0.999558 -0.0296746 0.00358006 0.029681 0.999553 -0.486659 0.135302 -5.15709
FixedParameters: 0 0 0

#Transform 128
Transform: AffineTransform_float_3_3
Parameters: 0.999988 0.0045015 0.00199635 -0.00443358 0.999449 -0.032896 -0.00214379 0.0328867 0.999457 -0.491854 0.0624492 -4.18435
FixedParameters: 0 0 0

#Transform 129
Transform: AffineTransform_float_3_3
Parameters: 0.999877 -0.000385634 0.0156643 0.000633587 0.999875 -0.0158369 -0.0156565 0.0158449 0.999752 -0.351422 -0.420485 -2.02385
FixedParameters: 0 0 0

#Transform 130
Transform: AffineTransform_float_3_3
Parameters: 0.999708 -0.00128892 -0.0241385 0.00124678 0.999997 -0.00179222 0.0241402 0.00176167 0.999707 -0.44182 0.807035 -12.075
FixedParameters: 0 0 0

#Transform 131
Transform: AffineTransform_float_3_3
Parameters: 0.999881 0.00186184 -0.0152808 -0.00205623 0.999917 -0.0126909 0.015256 0.0127212 0.999803 -0.542882 0.259702 -6.27757
FixedParameters: 0 0 0

#Transform 132
Transform: AffineTransform_float_3_3
Parameters: 0.999992 0.00384143 0.000264007 -0.00385047 0.997564 0.0696592 4.25623e-06 -0.0696601 0.997571 -0.549364 2.33812 -9.1954
FixedParameters: 0 0 0

#Transform 133
Transform: AffineTransform_float_3_3
Parameters: 0.999982 0.00169591 -0.00586005 -0.00148933 0.999385 0.035025 0.00591588 -0.035015 0.999369 -0.417176 1.15666 -7.47998
FixedParameters: 0 0 0

#Transform 134
Transform: AffineTransform_float_3_3
Parameters: 0.999936 -0.000302272 -0.011262 0.000638071 0.999554 0.029834 0.0112474 -0.0298392 0.999492 -0.368604 1.07891 -8.22865
FixedParameters: 0 0 0

#Transform 135
Transform: AffineTransform_float_3_3
Parameters: 0.999958 0.000838688 -0.00918032 -0.000669399 0.999829 0.018489 0.00919419 -0.0184818 0.999787 -0.34736 0.771644 -7.6856
FixedParameters: 0 0 0

#Transform 136
Transform: AffineTransform_float_3_3
Parameters: 0.999953 0.000739579 -0.00970882 -0.000578388 0.999861 0.0166332 0.00972036 -0.0166262 0.999814 -0.354649 0.709173 -7.62003
FixedParameters: 0 0 0

#Transform 137
Transform: AffineTransform_float_3_3
Parameters: 0.99996 0.000869693 -0.0088657 -0.000723452 0.999864 0.0164876 0.00887887 -0.0164811 0.999825 -0.388305 0.694809 -7.61438
FixedParameters: 0 0 0

#Transform 138
Transform: AffineTransform_float_3_3
Parameters: 0.999968 0.000978932 -0.00796551 -0.000879202 0.999922 0.0124981 0.00797665 -0.0124906 0.99989 -0.385061 0.583438 -7.44426
FixedParameters: 0 0 0

#Transform 139
Transform: AffineTransform_float_3_3
Parameters: 0.999964 0.000754939 -0.00843336 -0.000656361 0.999931 0.0117408 0.00844191 -0.0117344 0.999896 -0.360082 0.566374 -7.28138
FixedParameters: 0 0 0

#Transform 140
Transform: AffineTransform_float_3_3
Parameters: 0.999875 -0.000660255 -0.0157671 0.000891021 0.999893 0.0146127 0.0157561 -0.0146253 0.999768 -0.464381 0.508389 -7.06788
FixedParameters: 0 0 0

#Transform 141
Transform: AffineTransform_float_3_3
Parameters: 0.999435 0.00124157 -0.0335917 -0.000543557 0.999784 0.0207829 0.0336105 -0.0207524 0.999219 -1.35437 0.145746 -5.25919
FixedParameters: 0 0 0

#Transform 142
Transform: AffineTransform_float_3_3
Parameters: 0.999871 0.00118423 -0.0160502 -0.000561592 0.99925 0.0387222 0.0160837 -0.0387081 0.999121 -0.175508 -1.13431 1.09564
FixedParameters: 0 0 0

#Transform 143
Transform: AffineTransform_float_3_3
Parameters: 0.999926 0.00142839 -0.0120703 -0.00114876 0.999731 0.0231629 0.0120996 -0.0231482 0.999659 -0.152997 0.359549 0.546483
FixedParameters: 0 0 0

#Transform 144
Transform: AffineTransform_float_3_3
Parameters: 0.999928 0.000733566 -0.0119497 -0.000498886 0.999806 0.0196381 0.011962 -0.0196312 0.999736 -0.129007 0.145472 0.524148
FixedParameters: 0 0 0

#Transform 145
Transform: AffineTransform_float_3_3
Parameters: 0.999924 0.00116164 -0.0123007 -0.000915246 0.9998 0.0199891 0.0123211 -0.0199767 0.999724 -0.138588 0.129169 0.532019
FixedParameters: 0 0 0

#Transform 146
Transform: AffineTransform_float_3_3
Parameters: 0.999921 0.000429085 -0.0125629 -0.000166355 0.999782 0.0209025 0.0125693 -0.0208994 0.999702 -0.116891 0.14183 0.41967
FixedParameters: 0 0 0

#Transform 147
Transform: AffineTransform_float_3_3
Parameters: 0.99992 0.000344529 -0.0126461 -0.000110102 0.999828 0.018553 0.0126507 -0.01855 0.999748 -0.0825994 0.150162 0.499188
FixedParameters: 0 0 0

#Transform 148
Transform: AffineTransform_float_3_3
Parameters: 0.999965 0.000687382 -0.00840705 -0.000485911 0.999712 0.0239832 0.00842152 -0.0239781 0.999677 -0.222472 -0.316965 2.94373
FixedParameters: 0 0 0

#Transform 149
Transform: AffineTransform_float_3_3
Parameters: 0.999976 -0.00350274 0.00601914 0.00329717 0.999421 0.0338587 -0.00613474 -0.0338378 0.999409 0.246008 -0.762005 4.1042
FixedParameters: 0 0 0

#Transform 150
Transform: AffineTransform_float_3_3
Parameters: 0.999979 -0.00635134 0.00141643 0.00627183 0.998712 0.05034 -0.00173439 -0.0503296 0.998731 0.266239 -0.551897 3.2669
FixedParameters: 0 0 0

#Transform 151
Transform: AffineTransform_float_3_3
Parameters: 0.999922 -0.00955945 0.00801545 0.00858368 0.993433 0.114094 -0.00905318 -0.114017 0.993437 0.390626 -0.604186 4.39887
FixedParameters: 0 0 0

#Transform 152
Transform: AffineTransform_float_3_3
Parameters: 0.999996 -0.00257877 -0.000682252 0.00261588 0.998017 0.062887 0.000518613 -0.0628887 0.998021 0.172731 0.222275 3.58385
FixedParameters: 0 0 0

#Transform 153
Transform: AffineTransform_float_3_3
Parameters: 0.999999 -0.00140322 -2.04529e-05 0.00140236 0.998529 0.0542028 -5.51988e-05 -0.0542033 0.99853 0.145222 -0.0925721 3.72172
FixedParameters: 0 0 0

#Transform 154
Transform: AffineTransform_float_3_3
Parameters: 0.999998 -0.0018781 0.000636459 0.00184533 0.998844 0.0480312 -0.000725992 -0.0480295 0.998845 0.153284 -0.0111415 3.61058
FixedParameters: 0 0 0

#Transform 155
Transform: AffineTransform_float_3_3
Parameters: 0.999997 -0.0022321 -0.000496606 0.00225087 0.99912 0.0418694 0.000403163 -0.0418702 0.999123 0.169345 -0.0667209 3.45533
FixedParameters: 0 0 0

#Transform 156
Transform: AffineTransform_float_3_3
Parameters: 0.999998 -0.00147886 -0.000889581 0.00151345 0.999188 0.0402593 0.000829611 -0.0402607 0.999189 0.0903633 0.0933019 2.91883
FixedParameters: 0 0 0

#Transform 157
Transform: AffineTransform_float_3_3
Parameters: 0.999996 -0.00212867 -0.00170167 0.00219834 0.999118 0.0419179 0.00161105 -0.0419213 0.99912 0.061075 0.0485402 3.55654
FixedParameters: 0 0 0

#Transform 158
Transform: AffineTransform_float_3_3
Parameters: 0.999914 5.92703e-05 0.0131629 -0.000570851 0.999243 0.0389052 -0.0131509 -0.0389093 0.999156 -0.166239 -0.646147 5.04456
FixedParameters: 0 0 0

#Transform 159
Transform: AffineTransform_float_3_3
Parameters: 0.999952 -2.75278e-05 -0.00980911 0.000241889 0.999761 0.0218541 0.00980588 -0.0218557 0.999713 -0.0394321 0.693343 2.06935
FixedParameters: 0 0 0

#Transform 160
Transform: AffineTransform_float_3_3
Parameters: 0.999973 0.00309781 -0.00666787 -0.00297977 0.99984 0.0175966 0.00672121 -0.0175768 0.999823 -0.207734 0.244826 2.42325
FixedParameters: 0 0 0

#Transform 161
Transform: AffineTransform_float_3_3
Parameters: 0.999958 0.000970238 -0.00909279 -0.000765394 0.999748 0.022435 0.00911125 -0.0224271 0.999707 -0.181619 -0.121102 0.485996
FixedParameters: 0 0 0

#Transform 162
Transform: AffineTransform_float_3_3
Parameters: 0.999977 -0.00174106 -0.00661773 0.00191496 0.999653 0.0262571 0.00656967 -0.0262696 0.999633 -0.249149 0.487981 -1.59057
FixedParameters: 0 0 0

#Transform 163
Transform: AffineTransform_float_3_3
Parameters: 0.999854 5.64524e-05 -0.0171038 0.00012963 0.999941 0.010851 0.017103 -0.0108515 0.999795 -0.304709 -0.0937191 -1.93562
FixedParameters: 0 0 0

#Transform 164
Transform: AffineTransform_float_3_3
Parameters: 0.999916 0.0027944 -0.0126717 -0.00267144 0.999949 0.00974037 0.0126991 -0.00970556 0.999873 -0.419408 0.331862 -2.78017
FixedParameters: 0 0 0

#Transform 165
Transform: AffineTransform_float_3_3
Parameters: 0.999424 0.00403645 -0.0337047 -0.00282922 0.999355 0.0357984 0.033827 -0.0356827 0.998791 -1.87466 0.205588 -6.91144
FixedParameters: 0 0 0

#Transform 166
Transform: AffineTransform_float_3_3
Parameters: 0.999868 0.00719715 -0.0145319 -0.00737099 0.999901 -0.012017 0.0144446 0.0121225 0.999822 -0.476828 1.356 -8.67537
FixedParameters: 0 0 0

#Transform 167
Transform: AffineTransform_float_3_3
Parameters: 0.999997 0.00176147 -0.00138014 -0.00171863 0.99954 0.0302718 0.00143285 -0.0302696 0.999541 -0.1932 -0.153084 -6.08858
FixedParameters: 0 0 0

#Transform 168
Transform: AffineTransform_float_3_3
Parameters: 0.999779 -0.0109607 0.0179535 0.00812761 0.988516 0.150898 -0.019401 -0.150719 0.988387 -0.806209 2.20081 -5.16385
FixedParameters: 0 0 0

#Transform 169
Transform: AffineTransform_float_3_3
Parameters: 0.999991 0.00073111 -0.00423085 -0.000471092 0.998134 0.0610523 0.00426851 -0.0610489 0.998126 -0.675407 2.3293 -12.2197
FixedParameters: 0 0 0

#Transform 170
Transform: AffineTransform_float_3_3
Parameters: 0.999978 0.00554188 0.003803 -0.00578909 0.997635 0.0684884 -0.00341474 -0.0685096 0.997645 -0.88122 0.455076 -6.28086
FixedParameters: 0 0 0

#Transform 171
Transform: AffineTransform_float_3_3
Parameters: 0.999942 0.000762718 0.0107574 -0.0011884 0.999214 0.039621 -0.0107194 -0.0396319 0.999157 -0.489293 -0.0275466 -5.59994
FixedParameters: 0 0 0

#Transform 172
Transform: AffineTransform_float_3_3
Parameters: 0.999899 -0.00303102 0.0138956 0.00272456 0.999754 0.0220181 -0.0139589 -0.0219779 0.999661 -0.424609 0.73061 -5.63524
FixedParameters: 0 0 0

#Transform 173
Transform: AffineTransform_float_3_3
Parameters: 0.999883 -0.00266616 0.0150527 0.00234182 0.999766 0.0215012 -0.015106 -0.0214635 0.999656 -0.447222 0.636134 -5.45944
FixedParameters: 0 0 0

#Transform 174
Transform: AffineTransform_float_3_3
Parameters: 0.999839 -0.00261428 0.0177483 0.00232741 0.999867 0.0161765 -0.0177887 -0.0161325 0.999711 -0.387799 0.697684 -7.08923
FixedParameters: 0 0 0

#Transform 175
Transform: AffineTransform_float_3_3
Parameters: 0.999787 -0.00358936 0.02034 0.00323046 0.999839 0.0176346 -0.0204 -0.0175648 0.999638 -0.522729 0.74337 -6.16377
FixedParameters: 0 0 0

#Transform 176
Transform: AffineTransform_float_3_3
Parameters: 0.999971 -0.00238421 0.00717998 0.00203007 0.998802 0.0488786 -0.0072876 -0.0488626 0.998779 -0.315622 0.252368 -5.1085
FixedParameters: 0 0 0

#Transform 177
Transform: AffineTransform_float_3_3
Parameters: 0.999795 -0.0063888 0.0191693 0.00548041 0.998878 0.0470412 -0.0194476 -0.0469264 0.998709 -0.435822 0.165205 -7.02373
FixedParameters: 0 0 0

#Transform 178
Transform: AffineTransform_float_3_3
Parameters: 0.999785 -0.00674926 0.0196193 0.00589376 0.999044 0.0433204 -0.0198928 -0.0431961 0.998868 -0.219968 0.614395 -8.12404
FixedParameters: 0 0 0

#Transform 179
Transform: AffineTransform_float_3_3
Parameters: 0.999948 -0.00416573 0.00931657 0.00389593 0.999577 0.0288421 -0.00943208 -0.0288043 0.999541 0.017701 0.924975 -10.1965
FixedParameters: 0 0 0

#Transform 180
Transform: AffineTransform_float_3_3
Parameters: 0.999989 -0.003012 0.00358325 0.00289668 0.999492 0.0317425 -0.00367712 -0.031732 0.999489 -0.289452 0.46343 -8.58444
FixedParameters: 0 0 0

#Transform 181
Transform: AffineTransform_float_3_3
Parameters: 0.999993 -0.00177081 0.00329354 0.00165783 0.999427 0.0337999 -0.00335173 -0.0337947 0.999424 -0.248377 0.582159 -8.71284
FixedParameters: 0 0 0

#Transform 182
Transform: AffineTransform_float_3_3
Parameters: 0.999981 -0.00579984 0.00194227 0.00575514 0.99974 0.0220877 -0.00206907 -0.022076 0.999754 -0.27244 0.665547 -8.64245
FixedParameters: 0 0 0

#Transform 183
Transform: AffineTransform_float_3_3
Parameters: 0.999987 -0.00252064 0.00432872 0.00246776 0.999923 0.0121406 -0.00435968 -0.01213 0.999917 -0.265317 0.58253 -8.20017
FixedParameters: 0 0 0

#Transform 184
Transform: AffineTransform_float_3_3
Parameters: 0.999982 -0.00239513 0.00555953 0.00233278 0.999934 0.0111988 -0.00558656 -0.0111853 0.999922 -0.199141 0.417853 -7.20498
FixedParameters: 0 0 0

#Transform 185
Transform: AffineTransform_float_3_3
Parameters: 0.999982 -0.00256798 0.00540239 0.00254141 0.999985 0.00491976 -0.00541467 -0.00490604 0.999973 -0.202474 0.55137 -7.13739
FixedParameters: 0 0 0

#Transform 186
Transform: AffineTransform_float_3_3
Parameters: 0.999948 -0.00260521 0.00989955 0.0024745 0.99991 0.0131997 -0.009933 -0.0131739 0.999864 -0.26965 -0.0872242 -4.02036
FixedParameters: 0 0 0

#Transform 187
Transform: AffineTransform_float_3_3
Parameters: 0.999955 -0.00484495 0.00808278 0.00473438 0.999895 0.0136997 -0.00814848 -0.0136612 0.999873 -0.208751 0.36089 -4.53371
FixedParameters: 0 0 0

#Transform 188
Transform: AffineTransform_float_3_3
Parameters: 0.999968 -0.00563332 0.00559279 0.0055398 0.999847 0.0166187 -0.00568568 -0.0165865 0.999846 -0.102723 0.540779 -4.44541
FixedParameters: 0 0 0

#Transform 189
Transform: AffineTransform_float_3_3
Parameters: 0.999967 -0.00574736 0.00575699 0.00548858 0.999016 0.0440019 -0.00600391 -0.0439683 0.999015 -0.0989617 0.666374 -4.4444
FixedParameters: 0 0 0

#Transform 190
Transform: AffineTransform_float_3_3
Parameters: 0.9999 -0.00616466 0.0127558 0.00565405 0.999198 0.0396547 -0.0129901 -0.039579 0.999132 -0.347091 0.972732 -8.14418
FixedParameters: 0 0 0

#Transform 191
Transform: AffineTransform_float_3_3
