#Insight Transform File V1.0
#Transform 0
Transform: AffineTransform_float_3_3
Parameters: 0.999981 0.00415756 -0.00450155 -0.00406187 0.999771 0.0210293 0.004588 -0.0210104 0.999768 -0.0795276 -0.308153 -0.495889
FixedParameters: 0 0 0

#Transform 1
Transform: AffineTransform_float_3_3
Parameters: 0.999987 0.00331157 -0.00397484 -0.00321708 0.999719 0.0234713 0.0040515 -0.0234577 0.999716 -0.0572923 -0.414672 -0.846945
FixedParameters: 0 0 0

#Transform 2
Transform: AffineTransform_float_3_3
Parameters: 0.999991 0.00333499 -0.00247745 -0.00330715 0.999932 0.0112284 0.00251493 -0.0112203 0.999934 -0.0296182 -0.216669 0.137278
FixedParameters: 0 0 0

#Transform 3
Transform: AffineTransform_float_3_3
Parameters: 0.999994 0.00307064 -0.00199654 -0.0030572 0.999973 0.00675633 0.00201782 -0.00675049 0.999975 -0.0418809 -0.135664 0.163513
FixedParameters: 0 0 0

#Transform 4
Transform: AffineTransform_float_3_3
Parameters: 0.999992 0.00335441 -0.00225513 -0.00333748 0.999965 0.0076317 0.00228063 -0.00762398 0.999969 -0.0365321 -0.123816 0.154498
FixedParameters: 0 0 0

#Transform 5
Transform: AffineTransform_float_3_3
Parameters: 0.999992 0.0033599 -0.00246368 -0.00333971 0.999962 0.00808452 0.00249159 -0.00807538 0.999965 -0.0302296 -0.141128 0.204364
FixedParameters: 0 0 0

#Transform 6
Transform: AffineTransform_float_3_3
Parameters: 0.999992 0.00337188 -0.00246221 -0.00335324 0.999966 0.00749758 0.00248821 -0.00748933 0.999969 -0.0300067 -0.13011 -0.0713588
FixedParameters: 0 0 0

#Transform 7
Transform: AffineTransform_float_3_3
Parameters: 0.999994 0.00245226 -0.00230816 -0.00244108 0.999985 0.00480986 0.0023203 -0.00480401 0.999985 -0.00555024 -0.089974 -0.0107322
FixedParameters: 0 0 0

#Transform 8
Transform: AffineTransform_float_3_3
Parameters: 0.999992 0.0026628 -0.00277568 -0.00265163 0.999989 0.00378056 0.0027852 -0.00377314 0.999989 -0.00910123 -0.140018 0.207866
FixedParameters: 0 0 0

#Transform 9
Transform: AffineTransform_float_3_3
Parameters: 0.999992 0.00290943 -0.00269097 -0.00289896 0.999989 0.00379685 0.00270147 -0.00378886 0.999989 -0.00596236 -0.169223 0.16655
FixedParameters: 0 0 0

#Transform 10
Transform: AffineTransform_float_3_3
Parameters: 0.999994 0.00252393 -0.0023027 -0.00251943 0.999995 0.00225196 0.00230894 -0.002247 0.999995 -0.000392069 -0.0789219 0.0569044
FixedParameters: 0 0 0

#Transform 11
Transform: AffineTransform_float_3_3
Parameters: 0.999994 0.00230795 -0.00254207 -0.0023032 0.999995 0.00185893 0.00254636 -0.00185325 0.999995 0.00342279 -0.133143 0.0417375
FixedParameters: 0 0 0

#Transform 12
Transform: AffineTransform_float_3_3
Parameters: 0.999993 0.00238574 -0.00273784 -0.00237652 0.999992 0.00320793 0.00274536 -0.00320191 0.999991 0.0105724 -0.117846 0.102444
FixedParameters: 0 0 0

#Transform 13
Transform: AffineTransform_float_3_3
Parameters: 0.999995 0.00248563 -0.00229795 -0.00248032 0.999994 0.002432 0.00230491 -0.00242598 0.999995 -0.0055065 -0.140299 0.174176
FixedParameters: 0 0 0

#Transform 14
Transform: AffineTransform_float_3_3
Parameters: 0.999993 0.00249531 -0.00259385 -0.00248941 0.999995 0.00227009 0.00260006 -0.00226351 0.999994 0.00274981 0.0439761 -0.262837
FixedParameters: 0 0 0

#Transform 15
Transform: AffineTransform_float_3_3
Parameters: 0.999999 0.000482431 0.000794186 -0.000488774 0.999975 0.00714858 -0.000791084 -0.00714939 0.999974 0.0845492 -0.217017 -0.327745
FixedParameters: 0 0 0

#Transform 16
Transform: AffineTransform_float_3_3
Parameters: 0.999994 0.000426138 0.00357768 -0.000432914 0.999999 0.00178745 -0.00357708 -0.00178871 0.999992 -0.0986125 -0.220498 -0.512795
FixedParameters: 0 0 0

#Transform 17
Transform: AffineTransform_float_3_3
Parameters: 0.999999 0.0012552 0.000122779 -0.00125562 0.999998 0.00111419 -0.000120969 -0.00111451 1 0.00425486 0.038238 0.0397829
FixedParameters: 0 0 0

#Transform 18
Transform: AffineTransform_float_3_3
Parameters: 0.999999 0.00133857 -0.000489925 -0.00133832 0.999998 0.00158538 0.000492359 -0.00158534 0.999998 0.0160752 -0.0828587 0.0594548
FixedParameters: 0 0 0

#Transform 19
Transform: AffineTransform_float_3_3
Parameters: 0.999999 0.00124722 -0.000301402 -0.00124669 0.999998 0.00141571 0.000302959 -0.00141528 0.999999 -0.00782793 -0.0778364 0.0579697
FixedParameters: 0 0 0

#Transform 20
Transform: AffineTransform_float_3_3
Parameters: 1 -5.09966e-05 -8.63287e-05 5.09809e-05 1 -9.08433e-05 8.63379e-05 9.08345e-05 1 0.0140079 0.0218472 -0.00613458
FixedParameters: 0 0 0

#Transform 21
Transform: AffineTransform_float_3_3
Parameters: 1 -3.89258e-05 -1.11735e-05 3.89381e-05 1 0.000549884 1.11307e-05 -0.000549885 1 0.00318942 -0.0844318 0.0794159
FixedParameters: 0 0 0

#Transform 22
Transform: AffineTransform_float_3_3
Parameters: 1 0.000241069 -0.000136189 -0.000240968 1 0.000373036 0.000136369 -0.00037297 1 -0.00403365 -0.0536986 0.070049
FixedParameters: 0 0 0

#Transform 23
Transform: AffineTransform_float_3_3
Parameters: 1 0.000445596 -0.000168093 -0.00044547 1 0.000373981 0.000168426 -0.000373831 1 -0.00422501 -0.0374538 0.0713022
FixedParameters: 0 0 0

#Transform 24
Transform: AffineTransform_float_3_3
Parameters: 0.999999 0.000805656 -0.000230969 -0.000805286 0.999999 0.00117289 0.000231872 -0.00117252 1 0.00470144 0.0316632 -0.122656
FixedParameters: 0 0 0

#Transform 25
Transform: AffineTransform_float_3_3
Parameters: 0.999991 -0.00136245 0.00397323 0.00134177 0.999986 0.00514449 -0.00398012 -0.00513883 0.999979 -0.0890603 -0.0936706 -0.252351
FixedParameters: 0 0 0

#Transform 26
Transform: AffineTransform_float_3_3
Parameters: 0.999996 -0.000480167 0.00298117 0.000458661 0.999973 0.00733613 -0.00298546 -0.00733496 0.999969 -0.0687605 -0.0828593 -0.645827
FixedParameters: 0 0 0

#Transform 27
Transform: AffineTransform_float_3_3
Parameters: 0.999999 0.000844421 -0.000626509 -0.000833779 0.999855 0.0169642 0.00064136 -0.0169633 0.999856 0.00237849 -0.281395 -0.694828
FixedParameters: 0 0 0

#Transform 28
Transform: AffineTransform_float_3_3
Parameters: 0.999998 0.000368601 0.00180876 -0.000391396 0.999919 0.0127089 -0.0018038 -0.0127098 0.999917 -0.0663038 -0.145198 -0.500209
FixedParameters: 0 0 0

#Transform 29
Transform: AffineTransform_float_3_3
Parameters: 0.999999 -5.7482e-05 0.00169987 3.62883e-05 0.999916 0.0129462 -0.00170068 -0.0129467 0.999915 -0.0810381 -0.266625 -0.241894
FixedParameters: 0 0 0

#Transform 30
Transform: AffineTransform_float_3_3
Parameters: 0.999998 -0.00048562 0.00180637 0.000470286 0.999965 0.00842143 -0.00181074 -0.00842033 0.999963 -0.0779933 -0.131189 -0.0960945
FixedParameters: 0 0 0

#Transform 31
Transform: AffineTransform_float_3_3
Parameters: 0.999995 0.00201758 -0.0024035 -0.00202956 0.999986 -0.00487128 0.00239316 0.00487599 0.999985 0.0304378 0.180844 -0.229616
FixedParameters: 0 0 0

#Transform 32
Transform: AffineTransform_float_3_3
Parameters: 0.999999 0.000795773 0.00129121 -0.000790648 0.999991 -0.00415352 -0.0012939 0.00415277 0.999991 -0.0575078 0.0344212 -0.46579
FixedParameters: 0 0 0

#Transform 33
Transform: AffineTransform_float_3_3
Parameters: 0.999999 0.00068148 -0.000668326 -0.000682266 0.999998 -0.00143004 0.000667211 0.00143095 0.999999 -0.0109831 0.0950947 -0.207011
FixedParameters: 0 0 0

#Transform 34
Transform: AffineTransform_float_3_3
Parameters: 0.999999 0.00047691 -0.000599036 -0.000477034 0.999999 0.000718332 0.000599885 -0.00071871 0.999999 -0.00995428 -0.139949 -0.0338912
FixedParameters: 0 0 0

#Transform 35
Transform: AffineTransform_float_3_3
Parameters: 0.999999 0.000474863 -0.00061598 -0.00047441 0.999999 0.0013072 0.000616398 -0.00130758 0.999999 -0.0100791 -0.0849073 -0.0266141
FixedParameters: 0 0 0

#Transform 36
Transform: AffineTransform_float_3_3
Parameters: 0.999999 0.000813913 0.00027868 -0.000814263 0.999998 0.00178415 -0.000277901 -0.00178462 0.999999 -0.0136034 0.0389572 -0.200646
FixedParameters: 0 0 0

#Transform 37
Transform: AffineTransform_float_3_3
Parameters: 1 0.000498706 -0.000473009 -0.000496832 0.999995 0.00329537 0.000475469 -0.00329521 0.999994 -0.00963781 -0.103676 0.0368871
FixedParameters: 0 0 0

#Transform 38
Transform: AffineTransform_float_3_3
Parameters: 1 0.000569676 -8.16763e-06 -0.000569848 0.999995 0.00292158 1.05165e-05 -0.00292158 0.999995 -0.030002 -0.0531109 -0.072675
FixedParameters: 0 0 0

#Transform 39
Transform: AffineTransform_float_3_3
Parameters: 0.999999 0.00066397 0.000607782 -0.000666649 0.999993 0.00349189 -0.000605408 -0.00349272 0.999993 -0.0414347 -0.0534666 -0.0151547
FixedParameters: 0 0 0

#Transform 40
Transform: AffineTransform_float_3_3
Parameters: 0.999989 -7.26898e-05 0.0047728 2.46585e-05 0.999949 0.010056 -0.00477319 -0.0100557 0.999938 -0.093886 -0.228031 -1.41795
FixedParameters: 0 0 0

#Transform 41
Transform: AffineTransform_float_3_3
Parameters: 0.999997 -0.00216548 0.00112617 0.00215764 0.999974 0.00696883 -0.00114135 -0.00696632 0.999976 0.0465805 -0.0953 -0.221544
FixedParameters: 0 0 0

#Transform 42
Transform: AffineTransform_float_3_3
Parameters: 0.999995 -0.000516877 0.00312942 0.000496933 0.999978 0.00662276 -0.00313241 -0.0066209 0.999974 -0.0791939 -0.0704231 -0.222156
FixedParameters: 0 0 0

#Transform 43
Transform: AffineTransform_float_3_3
Parameters: 0.999994 -0.00104797 0.00320885 0.00102642 0.999978 0.00662462 -0.00321573 -0.00662051 0.999973 -0.0551496 -0.148299 -0.315564
FixedParameters: 0 0 0

#Transform 44
Transform: AffineTransform_float_3_3
Parameters: 0.999996 -0.00166147 0.00255299 0.00165051 0.999989 0.00433041 -0.00255993 -0.00432539 0.999987 -0.0247078 -0.0711818 0.0419741
FixedParameters: 0 0 0

#Transform 45
Transform: AffineTransform_float_3_3
Parameters: 0.999997 -0.00128932 0.00166995 0.00128344 0.999992 0.00377539 -0.00167463 -0.00377295 0.999991 -0.032756 -0.0852953 -0.148458
FixedParameters: 0 0 0

#Transform 46
Transform: AffineTransform_float_3_3
Parameters: 0.999997 -0.00148098 0.00224468 0.0014726 0.999992 0.00384467 -0.00225031 -0.0038418 0.99999 -0.0856154 -0.0658927 -0.335147
FixedParameters: 0 0 0

#Transform 47
Transform: AffineTransform_float_3_3
Parameters: 0.999997 -0.00105753 0.00220474 0.00105406 0.999998 0.00153472 -0.00220645 -0.0015326 0.999996 -0.0376187 0.00104643 -0.00614678
FixedParameters: 0 0 0

#Transform 48
Transform: AffineTransform_float_3_3
Parameters: 0.999998 -0.000778104 0.00217055 0.000777404 1 0.000661983 -0.00217087 -0.000661154 0.999997 -0.0509105 -0.0285236 -0.0551118
FixedParameters: 0 0 0

#Transform 49
Transform: AffineTransform_float_3_3
Parameters: 0.999997 -0.0011463 0.00190666 0.00114619 0.999999 3.45185e-05 -0.00190672 -3.2052e-05 0.999998 -0.0267154 -0.0766045 0.00993982
FixedParameters: 0 0 0

#Transform 50
Transform: AffineTransform_float_3_3
Parameters: 0.999999 -0.00057827 0.00107677 0.000577675 0.999999 0.00126594 -0.00107755 -0.00126469 0.999998 -0.0315607 -0.0115265 -0.113048
FixedParameters: 0 0 0

#Transform 51
Transform: AffineTransform_float_3_3
Parameters: 1 -0.000180999 0.00063073 0.000179698 0.999999 0.00178477 -0.000631524 -0.00178454 0.999998 -0.0580959 -0.0672077 -0.190285
FixedParameters: 0 0 0

#Transform 52
Transform: AffineTransform_float_3_3
Parameters: 0.999999 -6.80727e-05 0.000720199 6.70799e-05 0.999998 0.00203566 -0.000720771 -0.00203652 0.999997 -0.061865 -0.0515049 -0.151562
FixedParameters: 0 0 0

#Transform 53
Transform: AffineTransform_float_3_3
Parameters: 0.999999 -0.00010335 0.000859982 0.000102136 0.999997 0.00248693 -0.000859963 -0.00248675 0.999996 -0.068369 -0.0549356 -0.180193
FixedParameters: 0 0 0

#Transform 54
Transform: AffineTransform_float_3_3
Parameters: 1 -0.000444448 0.001107 0.000442252 0.999998 0.00194524 -0.00110804 -0.00194426 0.999997 -0.070451 -0.0592482 -0.172005
FixedParameters: 0 0 0

#Transform 55
Transform: AffineTransform_float_3_3
Parameters: 1 -2.52015e-05 0.000994817 2.40441e-05 1 0.00107811 -0.000995024 -0.00107806 0.999999 -0.0715914 0.0480631 -0.438547
FixedParameters: 0 0 0

#Transform 56
Transform: AffineTransform_float_3_3
Parameters: 0.999999 -0.000347491 0.000633252 0.000347001 1 0.00115171 -0.000634204 -0.00115127 0.999999 -0.0576344 0.0142268 -0.24684
FixedParameters: 0 0 0

#Transform 57
Transform: AffineTransform_float_3_3
Parameters: 0.999999 -0.000330024 0.00086908 0.000328511 0.999999 0.000870083 -0.000869654 -0.000869206 0.999999 -0.0641875 -0.0408798 -0.207603
FixedParameters: 0 0 0

#Transform 58
Transform: AffineTransform_float_3_3
Parameters: 1 -0.000164443 0.00065858 0.000163908 1 0.001142 -0.000659107 -0.00114179 0.999999 -0.0592918 -0.031477 -0.216874
FixedParameters: 0 0 0

#Transform 59
Transform: AffineTransform_float_3_3
Parameters: 1 -0.000494289 0.0011079 0.000491679 0.999997 0.00262929 -0.00110898 -0.00262819 0.999996 -0.0712108 -0.027071 -0.430809
FixedParameters: 0 0 0

#Transform 60
Transform: AffineTransform_float_3_3
Parameters: 0.999996 -0.0010358 0.00233429 0.00102808 0.999993 0.0034971 -0.00233777 -0.0034948 0.999991 -0.0893996 -0.0572078 -0.634615
FixedParameters: 0 0 0

#Transform 61
Transform: AffineTransform_float_3_3
Parameters: 0.999997 -0.00100235 0.0025127 0.000997379 0.999998 0.00184277 -0.002515 -0.00184029 0.999995 -0.0646795 -0.0440765 -0.403934
FixedParameters: 0 0 0

#Transform 62
Transform: AffineTransform_float_3_3
Parameters: 0.999996 -0.00177858 0.00241131 0.00176915 0.99999 0.00403289 -0.00241905 -0.00402808 0.999989 -0.0391268 -0.0829223 -0.109695
FixedParameters: 0 0 0

#Transform 63
Transform: AffineTransform_float_3_3
Parameters: 0.999996 -0.00172363 0.00240607 0.00171182 0.999988 0.00455996 -0.00241417 -0.00455608 0.999987 -0.0471267 -0.0874909 -0.123199
FixedParameters: 0 0 0

#Transform 64
Transform: AffineTransform_float_3_3
Parameters: 0.999997 -0.00170759 0.0016894 0.00170036 0.99999 0.00420982 -0.00169672 -0.00420715 0.99999 -0.0416388 -0.0762892 -0.161285
FixedParameters: 0 0 0

#Transform 65
Transform: AffineTransform_float_3_3
Parameters: 0.999996 -0.00168662 0.00227595 0.00167714 0.999991 0.00385128 -0.00228203 -0.00384737 0.99999 -0.0683171 -0.122765 -0.192305
FixedParameters: 0 0 0

#Transform 66
Transform: AffineTransform_float_3_3
Parameters: 0.999997 -0.0016348 0.00217136 0.00162423 0.999988 0.00453513 -0.00217842 -0.00453179 0.999987 -0.0568633 -0.111327 -0.181289
FixedParameters: 0 0 0

#Transform 67
Transform: AffineTransform_float_3_3
Parameters: 0.999996 -0.00170945 0.0024402 0.00169978 0.99999 0.00403612 -0.00244739 -0.0040325 0.999989 -0.061129 -0.0424627 -0.279211
FixedParameters: 0 0 0

#Transform 68
Transform: AffineTransform_float_3_3
Parameters: 0.999997 -0.00194238 0.00189967 0.00193543 0.99999 0.00398331 -0.00190726 -0.00397903 0.99999 -0.0269809 -0.131994 -0.278979
FixedParameters: 0 0 0

#Transform 69
Transform: AffineTransform_float_3_3
Parameters: 0.999994 -0.00198539 0.00255941 0.00197392 0.999988 0.00444289 -0.0025686 -0.00443744 0.999986 -0.0414551 -0.0495991 -0.245256
FixedParameters: 0 0 0

#Transform 70
Transform: AffineTransform_float_3_3
Parameters: 0.999997 -0.00164631 0.00209809 0.00163634 0.999987 0.00482037 -0.00210536 -0.00481721 0.999986 -0.0370559 -0.185432 -0.0452787
FixedParameters: 0 0 0

#Transform 71
Transform: AffineTransform_float_3_3
Parameters: 0.999997 -0.00163681 0.00215593 0.0016272 0.999989 0.00431493 -0.00216329 -0.00431068 0.999988 -0.0427869 -0.0855412 -0.107147
FixedParameters: 0 0 0

#Transform 72
Transform: AffineTransform_float_3_3
Parameters: 0.999996 -0.00160286 0.00237435 0.00159357 0.999991 0.00386138 -0.00237997 -0.00385723 0.99999 -0.0523575 -0.0353964 -0.143152
FixedParameters: 0 0 0

#Transform 73
Transform: AffineTransform_float_3_3
Parameters: 0.999996 -0.00175476 0.00223938 0.00174789 0.999994 0.00308694 -0.00224415 -0.00308285 0.999993 -0.033581 -0.00775606 -0.256998
FixedParameters: 0 0 0

#Transform 74
Transform: AffineTransform_float_3_3
Parameters: 0.999996 -0.00162715 0.00220981 0.0016193 0.999993 0.00334862 -0.00221465 -0.00334489 0.999992 -0.0329757 -0.0707819 -0.236691
FixedParameters: 0 0 0

#Transform 75
Transform: AffineTransform_float_3_3
Parameters: 0.999996 -0.00180485 0.00226997 0.00179649 0.999991 0.00382625 -0.00227702 -0.00382308 0.99999 -0.0332269 -0.115613 -0.227598
FixedParameters: 0 0 0

#Transform 76
Transform: AffineTransform_float_3_3
Parameters: 0.999996 -0.00157362 0.00256989 0.00156227 0.99999 0.00415846 -0.00257636 -0.00415479 0.999988 -0.0278112 -0.0952814 -0.218201
FixedParameters: 0 0 0

#Transform 77
Transform: AffineTransform_float_3_3
Parameters: 0.999996 -0.00184807 0.00244318 0.00184065 0.999993 0.00314732 -0.0024489 -0.00314301 0.999992 -0.0355188 -0.104378 -0.224069
FixedParameters: 0 0 0

#Transform 78
Transform: AffineTransform_float_3_3
Parameters: 0.999996 -0.00198661 0.00226204 0.00197886 0.999992 0.00349737 -0.00226904 -0.00349244 0.999991 -0.0316308 -0.095842 -0.218518
FixedParameters: 0 0 0

#Transform 79
Transform: AffineTransform_float_3_3
Parameters: 0.999996 -0.00182735 0.00217988 0.0018197 0.999992 0.00360026 -0.00218614 -0.00359636 0.999991 -0.0360606 -0.0994211 -0.219324
FixedParameters: 0 0 0

#Transform 80
Transform: AffineTransform_float_3_3
Parameters: 0.999997 -0.00155708 0.00175733 0.0015543 0.999997 0.00176644 -0.00176029 -0.0017638 0.999997 -0.0240851 -0.0167665 -0.248273
FixedParameters: 0 0 0

#Transform 81
Transform: AffineTransform_float_3_3
Parameters: 0.999997 -0.00150268 0.00183184 0.00149565 0.999991 0.00406216 -0.00183814 -0.00405977 0.99999 -0.0607356 -0.0761757 -0.191839
FixedParameters: 0 0 0

#Transform 82
Transform: AffineTransform_float_3_3
Parameters: 0.999996 -0.00156648 0.0023745 0.00155702 0.999991 0.00389433 -0.00237995 -0.00389035 0.99999 -0.0567469 -0.153167 -0.167492
FixedParameters: 0 0 0

#Transform 83
Transform: AffineTransform_float_3_3
Parameters: 0.999992 -0.00157205 0.00350254 0.0015516 0.999982 0.00582985 -0.00351174 -0.00582458 0.999977 -0.0923767 -0.0977437 -0.213821
FixedParameters: 0 0 0

#Transform 84
Transform: AffineTransform_float_3_3
Parameters: 0.999993 -2.28209e-05 0.00385662 -4.07295e-05 0.999864 0.016464 -0.00385623 -0.0164636 0.999857 -0.144976 -0.445853 0.339796
FixedParameters: 0 0 0

#Transform 85
Transform: AffineTransform_float_3_3
Parameters: 0.999999 -0.000216754 0.000700235 0.000202741 0.99982 0.0189741 -0.000703254 -0.0189738 0.999819 -0.0705142 -0.190757 -0.270018
FixedParameters: 0 0 0

#Transform 86
Transform: AffineTransform_float_3_3
Parameters: 0.999998 -0.00109763 0.00163152 0.00106642 0.999817 0.0190598 -0.0016515 -0.0190586 0.999817 -0.0634664 -0.374088 -0.339253
FixedParameters: 0 0 0

#Transform 87
Transform: AffineTransform_float_3_3
Parameters: 0.999987 -0.00311228 0.00386691 0.00297364 0.999374 0.035275 -0.00397411 -0.0352636 0.99937 -0.1204 -0.608117 -0.997219
FixedParameters: 0 0 0

#Transform 88
Transform: AffineTransform_float_3_3
Parameters: 0.999991 -0.0036933 0.00217898 0.0036171 0.999413 0.0340655 -0.00230385 -0.0340572 0.999418 -0.0306913 -0.570419 -0.750568
FixedParameters: 0 0 0

#Transform 89
Transform: AffineTransform_float_3_3
Parameters: 0.999977 -0.00676604 0.000581256 0.00674468 0.999503 0.0307941 -0.000788528 -0.0307891 0.999525 0.18265 -0.513138 -0.81156
FixedParameters: 0 0 0

#Transform 90
Transform: AffineTransform_float_3_3
Parameters: 0.999987 0.00078908 0.00507488 -0.000944025 0.999529 0.0306479 -0.00504852 -0.0306525 0.999517 -0.234754 -0.538992 -0.757393
FixedParameters: 0 0 0

#Transform 91
Transform: AffineTransform_float_3_3
Parameters: 0.999976 -0.00344062 0.00609165 0.00332689 0.999822 0.0185499 -0.00615381 -0.0185288 0.999809 -0.0864251 -0.33029 -0.41519
FixedParameters: 0 0 0

#Transform 92
Transform: AffineTransform_float_3_3
Parameters: 0.999998 -0.000852597 0.0018888 0.000843358 0.999989 0.00473244 -0.00189209 -0.0047308 0.999987 -0.0169538 -0.138527 0.188929
FixedParameters: 0 0 0

#Transform 93
Transform: AffineTransform_float_3_3
Parameters: 0.999994 -0.00143949 0.00323228 0.00141292 0.999967 0.00804875 -0.00324402 -0.00804423 0.999963 -0.0850528 -0.137837 -0.268869
FixedParameters: 0 0 0

#Transform 94
Transform: AffineTransform_float_3_3
Parameters: 0.999993 -0.00241733 0.00274728 0.00234749 0.999683 0.0250651 -0.00280694 -0.0250581 0.999682 -0.0689856 -0.352797 -1.06703
FixedParameters: 0 0 0

#Transform 95
Transform: AffineTransform_float_3_3
Parameters: 0.999994 -0.00223511 0.00262508 0.00217531 0.999747 0.0223802 -0.00267445 -0.0223748 0.999746 -0.0354168 -0.363796 -0.842338
FixedParameters: 0 0 0

#Transform 96
Transform: AffineTransform_float_3_3
Parameters: 0.999991 -0.00273173 0.00335618 0.00266257 0.999786 0.0205207 -0.00341106 -0.0205116 0.999784 -0.0559446 -0.310489 -0.742114
FixedParameters: 0 0 0

#Transform 97
Transform: AffineTransform_float_3_3
Parameters: 0.999988 -0.00270105 0.00398868 0.0026618 0.999948 0.00987658 -0.00401538 -0.00986509 0.999943 -0.0499146 -0.241495 -0.0787582
FixedParameters: 0 0 0

#Transform 98
Transform: AffineTransform_float_3_3
Parameters: 0.999992 -0.00262144 0.00296686 0.00259676 0.999963 0.00819089 -0.00298799 -0.0081831 0.999962 -0.0184948 -0.183542 0.184889
FixedParameters: 0 0 0

#Transform 99
Transform: AffineTransform_float_3_3
Parameters: 0.999992 -0.00262208 0.00296494 0.00259643 0.999961 0.00835387 -0.00298693 -0.00834609 0.999961 -0.0180697 -0.214593 0.211763
FixedParameters: 0 0 0

#Transform 100
Transform: AffineTransform_float_3_3
Parameters: 0.999989 -0.00246113 0.0040583 0.00238205 0.999809 0.0193655 -0.00410477 -0.0193559 0.999804 -0.0340154 -0.244189 -0.471664
FixedParameters: 0 0 0

#Transform 101
Transform: AffineTransform_float_3_3
Parameters: 0.999986 -0.00217334 0.00486049 0.0020721 0.999784 0.0206432 -0.00490415 -0.0206334 0.999775 -0.0414801 -0.28502 -0.92968
FixedParameters: 0 0 0

#Transform 102
Transform: AffineTransform_float_3_3
Parameters: 0.999995 -0.00223369 0.00247889 0.0022007 0.999909 0.013303 -0.0025087 -0.0132974 0.999909 0.0103503 -0.349129 0.425794
FixedParameters: 0 0 0

#Transform 103
Transform: AffineTransform_float_3_3
Parameters: 0.999993 -0.00259902 0.00286247 0.00255935 0.999903 0.013709 -0.00289783 -0.0137008 0.999902 -0.00447212 -0.344887 0.438527
FixedParameters: 0 0 0

#Transform 104
Transform: AffineTransform_float_3_3
Parameters: 0.999994 -0.00229906 0.00223217 0.00226477 0.999883 0.0151301 -0.00226607 -0.0151249 0.999883 0.00631763 -0.340035 0.194453
FixedParameters: 0 0 0

#Transform 105
Transform: AffineTransform_float_3_3
Parameters: 0.999993 -0.00137128 0.00351597 0.00128134 0.999673 0.0255395 -0.00354954 -0.0255344 0.999667 -0.060729 -0.555394 -0.500737
FixedParameters: 0 0 0

#Transform 106
Transform: AffineTransform_float_3_3
Parameters: 0.999995 -0.00129134 0.00290021 0.00126705 0.999964 0.00839492 -0.00291033 -0.0083903 0.999961 -0.0495398 -0.132886 0.274175
FixedParameters: 0 0 0

#Transform 107
Transform: AffineTransform_float_3_3
Parameters: 0.999995 -0.00143393 0.00296278 0.00140804 0.999964 0.00848175 -0.00297551 -0.00847738 0.99996 -0.0347713 -0.185766 0.292567
FixedParameters: 0 0 0

#Transform 108
Transform: AffineTransform_float_3_3
Parameters: 0.999994 -0.00149541 0.00289 0.00147191 0.999966 0.00811693 -0.00290256 -0.00811271 0.999962 -0.0344858 -0.200196 0.311017
FixedParameters: 0 0 0

#Transform 109
Transform: AffineTransform_float_3_3
Parameters: 0.999995 -0.00150304 0.00296083 0.00148076 0.999973 0.0072198 -0.00297138 -0.00721502 0.99997 -0.0292611 -0.167862 0.293533
FixedParameters: 0 0 0

#Transform 110
Transform: AffineTransform_float_3_3
Parameters: 0.999997 -0.000228965 0.00234535 0.000229353 1 -0.000280841 -0.00234507 0.000281882 0.999998 -0.00914219 0.16422 -0.337062
FixedParameters: 0 0 0

#Transform 111
Transform: AffineTransform_float_3_3
Parameters: 0.999997 -0.00100105 0.00217028 0.000991988 0.999991 0.00405842 -0.00217462 -0.00405661 0.999989 -0.0147177 -0.125907 0.0422643
FixedParameters: 0 0 0

#Transform 112
Transform: AffineTransform_float_3_3
Parameters: 0.999997 -0.000988937 0.00226043 0.000977837 0.999987 0.00501951 -0.00226602 -0.00501728 0.999985 -0.0173377 -0.101534 0.0154856
FixedParameters: 0 0 0

#Transform 113
Transform: AffineTransform_float_3_3
Parameters: 0.999997 -0.000926452 0.00225162 0.00091572 0.999987 0.00495816 -0.00225649 -0.00495558 0.999985 -0.0115452 -0.0897906 -0.0211752
FixedParameters: 0 0 0

#Transform 114
Transform: AffineTransform_float_3_3
Parameters: 0.999997 -0.000907583 0.00245765 0.00089384 0.999984 0.0055804 -0.00246274 -0.00557818 0.999981 -0.017884 -0.101635 0.00104602
FixedParameters: 0 0 0

#Transform 115
Transform: AffineTransform_float_3_3
Parameters: 0.999995 -0.000917116 0.00274747 0.000901726 0.999983 0.00585233 -0.00275262 -0.00584954 0.999979 -0.0311452 -0.0364184 0.00237876
FixedParameters: 0 0 0

#Transform 116
Transform: AffineTransform_float_3_3
Parameters: 0.999995 -0.000859088 0.00315079 0.000837637 0.999976 0.00686061 -0.00315672 -0.00685782 0.999972 -0.0332978 -0.0168046 -0.0933863
FixedParameters: 0 0 0

#Transform 117
Transform: AffineTransform_float_3_3
Parameters: 0.999984 -0.00254473 0.00505429 0.0024159 0.999675 0.0254012 -0.0051177 -0.0253889 0.999664 -0.0299552 -0.13994 -1.02844
FixedParameters: 0 0 0

#Transform 118
Transform: AffineTransform_float_3_3
Parameters: 0.999977 -0.00279959 0.00620254 0.0026453 0.999691 0.0247307 -0.00626924 -0.0247139 0.999675 -0.0784777 -0.707439 -1.24987
FixedParameters: 0 0 0

#Transform 119
Transform: AffineTransform_float_3_3
Parameters: 0.999997 -6.98964e-05 0.00217649 5.44912e-05 0.999975 0.00717554 -0.00217684 -0.00717562 0.999972 -0.015683 -0.146148 0.0170693
FixedParameters: 0 0 0

#Transform 120
Transform: AffineTransform_float_3_3
Parameters: 0.999996 -0.000213047 0.00297995 0.000171638 0.999904 0.0138578 -0.00298269 -0.0138573 0.999899 -0.0851632 -0.221232 -0.171592
FixedParameters: 0 0 0

#Transform 121
Transform: AffineTransform_float_3_3
Parameters: 0.999996 -0.000550838 0.00274252 0.000435525 0.999128 0.0417604 -0.00276299 -0.0417583 0.999124 -0.0369381 -0.951166 -0.528801
FixedParameters: 0 0 0

#Transform 122
Transform: AffineTransform_float_3_3
Parameters: 0.999997 0.00142201 0.0017962 -0.00148194 0.999421 0.0339914 -0.00174697 -0.0339936 0.999421 -0.041338 -0.76036 -0.580193
FixedParameters: 0 0 0

#Transform 123
Transform: AffineTransform_float_3_3
Parameters: 0.999999 -0.00112271 0.000926797 0.0010983 0.999672 0.0255608 -0.000955193 -0.0255594 0.999673 0.042033 -0.384723 -0.144551
FixedParameters: 0 0 0

#Transform 124
Transform: AffineTransform_float_3_3
Parameters: 0.999998 -0.000592824 0.00139826 0.000560422 0.999732 0.0231513 -0.00141108 -0.0231502 0.999731 -0.0410575 -0.399494 -0.0798061
FixedParameters: 0 0 0

#Transform 125
Transform: AffineTransform_float_3_3
Parameters: 0.999999 -0.000684655 0.00140769 0.000651204 0.999725 0.0234234 -0.00142311 -0.023423 0.999725 -0.0309891 -0.448629 -0.151157
FixedParameters: 0 0 0

#Transform 126
Transform: AffineTransform_float_3_3
Parameters: 0.999999 -0.00108672 0.00132637 0.00105223 0.999675 0.0254788 -0.00135305 -0.0254767 0.999674 -0.020158 -0.465785 -0.273728
FixedParameters: 0 0 0

#Transform 127
Transform: AffineTransform_float_3_3
Parameters: 0.99996 -0.00664243 0.0060324 0.00646347 0.999551 0.0292368 -0.0062238 -0.0291969 0.999555 -0.00333341 -0.473841 -1.23292
FixedParameters: 0 0 0

#Transform 128
Transform: AffineTransform_float_3_3
Parameters: 0.999999 0.000725629 0.000268277 -0.000728184 0.999935 0.0114322 -0.00026036 -0.011433 0.999934 0.0133976 -0.161692 0.147493
FixedParameters: 0 0 0

#Transform 129
Transform: AffineTransform_float_3_3
Parameters: 0.999998 -3.61063e-05 0.00220413 1.07797e-05 0.999934 0.0114541 -0.00220461 -0.011454 0.999932 -0.0471675 -0.241013 0.17216
FixedParameters: 0 0 0

#Transform 130
Transform: AffineTransform_float_3_3
Parameters: 0.999995 -0.000155999 0.00327726 9.62411e-05 0.999836 0.0181217 -0.00328007 -0.0181213 0.99983 -0.0607057 -0.297679 0.229259
FixedParameters: 0 0 0

#Transform 131
Transform: AffineTransform_float_3_3
Parameters: 0.999997 -0.000657582 0.0024074 0.000546135 0.998949 0.0458255 -0.00243428 -0.0458244 0.998946 -0.0736945 -0.970871 0.319799
FixedParameters: 0 0 0

#Transform 132
Transform: AffineTransform_float_3_3
Parameters: 0.999995 -0.00321053 0.000860373 0.00317493 0.999247 0.0386868 -0.000984219 -0.0386832 0.999251 0.0847506 -0.737575 0.155075
FixedParameters: 0 0 0

#Transform 133
Transform: AffineTransform_float_3_3
Parameters: 0.999973 -0.00714414 -0.00155548 0.00719288 0.999378 0.0345189 0.00130839 -0.0345283 0.999403 0.27965 -0.603566 0.101274
FixedParameters: 0 0 0

#Transform 134
Transform: AffineTransform_float_3_3
Parameters: 0.999936 -0.00452948 0.0103789 0.00430467 0.999759 0.0214972 -0.0104736 -0.0214512 0.999715 -0.188614 -0.35002 -0.359478
FixedParameters: 0 0 0

#Transform 135
Transform: AffineTransform_float_3_3
Parameters: 0.999981 -0.000519769 0.00599951 7.56881e-05 0.997278 0.0737257 -0.00602115 -0.0737245 0.997261 -0.158364 -1.64289 0.101305
FixedParameters: 0 0 0

#Transform 136
Transform: AffineTransform_float_3_3
Parameters: 0.999999 -0.000207528 0.00140109 0.000211593 0.999996 -0.00294224 -0.00140021 0.00294188 0.999995 -0.0352317 0.250854 -0.442389
FixedParameters: 0 0 0

#Transform 137
Transform: AffineTransform_float_3_3
Parameters: 0.999996 -0.000729453 0.00276506 0.000707673 0.99997 0.00767139 -0.0027702 -0.00766932 0.999967 -0.0534008 -0.249881 -0.305267
FixedParameters: 0 0 0

#Transform 138
Transform: AffineTransform_float_3_3
Parameters: 0.999996 -0.00103629 0.00244 0.00103705 0.999999 -0.000145854 -0.00243968 0.000148666 0.999997 -0.00761941 -0.00114818 -0.283865
FixedParameters: 0 0 0

#Transform 139
Transform: AffineTransform_float_3_3
Parameters: 0.999994 -0.00125471 0.00317691 0.00124898 0.999998 0.00176343 -0.00317909 -0.00176025 0.999994 -0.0277314 -0.110577 -0.28426
FixedParameters: 0 0 0

#Transform 140
Transform: AffineTransform_float_3_3
Parameters: 0.999994 -0.0011268 0.00344592 0.0011117 0.999989 0.00451017 -0.00345037 -0.00450691 0.999984 -0.0373676 -0.107455 -0.195372
FixedParameters: 0 0 0

#Transform 141
Transform: AffineTransform_float_3_3
Parameters: 0.999992 -0.00163506 0.00361196 0.00162618 0.999996 0.00257402 -0.00361674 -0.00256796 0.99999 -0.0392036 -0.0207539 -0.286543
FixedParameters: 0 0 0

#Transform 142
Transform: AffineTransform_float_3_3
Parameters: 0.999983 -0.00108998 0.0057957 0.00105604 0.999982 0.0058997 -0.00580151 -0.00589343 0.999966 -0.0657482 -0.00335628 -0.886893
FixedParameters: 0 0 0

#Transform 143
Transform: AffineTransform_float_3_3
Parameters: 0.999981 -0.00152065 0.00590161 0.00145258 0.999932 0.0115692 -0.00591833 -0.0115596 0.999916 -0.094867 -0.268616 -0.796392
FixedParameters: 0 0 0

#Transform 144
Transform: AffineTransform_float_3_3
Parameters: 0.999975 -0.00168929 0.00692487 0.00161698 0.999945 0.0103389 -0.00694168 -0.0103272 0.999922 -0.112205 -0.236875 -0.665397
FixedParameters: 0 0 0

#Transform 145
Transform: AffineTransform_float_3_3
Parameters: 0.999976 -0.00173463 0.00670323 0.00166998 0.999952 0.00965144 -0.00671976 -0.00964045 0.999931 -0.112337 -0.173269 -0.624864
FixedParameters: 0 0 0

#Transform 146
Transform: AffineTransform_float_3_3
Parameters: 0.999978 -0.00161458 0.00648137 0.00155418 0.999955 0.00931715 -0.00649694 -0.00930687 0.999935 -0.109264 -0.136985 -0.602742
FixedParameters: 0 0 0

#Transform 147
Transform: AffineTransform_float_3_3
Parameters: 0.999975 -0.00171498 0.00689115 0.00165661 0.999962 0.00848845 -0.00690551 -0.00847676 0.99994 -0.123516 -0.17449 -0.566259
FixedParameters: 0 0 0

#Transform 148
Transform: AffineTransform_float_3_3
Parameters: 0.999987 -0.00188141 0.00464846 0.00184061 0.99996 0.00872792 -0.00466492 -0.00871913 0.999951 -0.0375793 -0.187126 -0.517622
FixedParameters: 0 0 0

#Transform 149
Transform: AffineTransform_float_3_3
Parameters: 0.999955 -0.00249603 0.00915494 0.00236439 0.999893 0.014427 -0.00918989 -0.0144048 0.999854 -0.150089 -0.0332451 -1.50438
FixedParameters: 0 0 0

#Transform 150
Transform: AffineTransform_float_3_3
Parameters: 0.999935 -0.00335503 0.0108623 0.0030701 0.999652 0.0261986 -0.0109466 -0.0261632 0.999598 -0.234759 -0.566664 -1.10168
FixedParameters: 0 0 0

#Transform 151
Transform: AffineTransform_float_3_3
Parameters: 0.999977 -0.00269467 0.00612164 0.00258845 0.999847 0.0172638 -0.00616757 -0.0172476 0.999832 -0.0348858 -0.299252 -0.00385862
FixedParameters: 0 0 0

#Transform 152
Transform: AffineTransform_float_3_3
Parameters: 0.999988 -0.00222183 0.0042961 0.00215613 0.999881 0.0152653 -0.00432971 -0.0152554 0.999874 0.0312927 -0.306103 0.319224
FixedParameters: 0 0 0

#Transform 153
Transform: AffineTransform_float_3_3
Parameters: 0.999987 -0.00209335 0.00456079 0.00202406 0.999882 0.0151811 -0.00459267 -0.0151716 0.999874 0.0286385 -0.307793 0.295829
FixedParameters: 0 0 0

#Transform 154
Transform: AffineTransform_float_3_3
Parameters: 0.99999 -0.00250399 0.00361473 0.00244711 0.999873 0.01576 -0.00365319 -0.0157509 0.999869 0.0616192 -0.255303 0.461374
FixedParameters: 0 0 0

#Transform 155
Transform: AffineTransform_float_3_3
Parameters: 0.999993 -0.000876967 0.00349158 0.000783984 0.999643 0.0267141 -0.00351353 -0.0267114 0.999637 0.0491391 -0.437655 0.0406608
FixedParameters: 0 0 0

#Transform 156
Transform: AffineTransform_float_3_3
Parameters: 0.999994 0.00182014 -0.00282772 -0.00178641 0.999928 0.0119155 0.00284965 -0.0119102 0.999925 0.145188 -0.236955 0.394638
FixedParameters: 0 0 0

#Transform 157
Transform: AffineTransform_float_3_3
Parameters: 1 0.000477953 0.000846536 -0.000492918 0.999833 0.0182694 -0.000837497 -0.0182704 0.999832 0.0599505 -0.408749 0.552871
FixedParameters: 0 0 0

#Transform 158
Transform: AffineTransform_float_3_3
Parameters: 0.999996 -0.000344075 0.00284947 0.000284671 0.999781 0.0208981 -0.00285596 -0.020897 0.999777 0.0311635 -0.435874 0.305461
FixedParameters: 0 0 0

#Transform 159
Transform: AffineTransform_float_3_3
Parameters: 0.99999 -0.00120762 0.00429245 0.00111004 0.999742 0.0226936 -0.004318 -0.0226886 0.999734 0.014716 -0.371363 -0.143649
FixedParameters: 0 0 0

#Transform 160
Transform: AffineTransform_float_3_3
Parameters: 0.999981 -0.00130808 0.00605345 0.00118624 0.999799 0.0200103 -0.00607881 -0.0200025 0.999781 -0.00982429 -0.356938 -0.124226
FixedParameters: 0 0 0

#Transform 161
Transform: AffineTransform_float_3_3
Parameters: 0.999981 -0.00139825 0.0060768 0.00124316 0.999675 0.0254741 -0.00611087 -0.0254666 0.999657 0.1414 0.145579 -2.8649
FixedParameters: 0 0 0

#Transform 162
Transform: AffineTransform_float_3_3
Parameters: 0.999972 -0.00394103 0.00637374 0.00370743 0.999336 0.0362465 -0.00651272 -0.0362217 0.999322 0.0950788 -0.46775 -1.93179
FixedParameters: 0 0 0

#Transform 163
Transform: AffineTransform_float_3_3
Parameters: 0.999985 -0.00504312 -0.00167858 0.00510902 0.999108 0.0419269 0.00146553 -0.0419344 0.999119 0.332122 -0.842742 0.270083
FixedParameters: 0 0 0

#Transform 164
Transform: AffineTransform_float_3_3
Parameters: 0.999996 -0.00271583 0.00114273 0.00268615 0.999685 0.0249481 -0.00121046 -0.0249453 0.999688 0.144743 -0.59155 0.417569
FixedParameters: 0 0 0

#Transform 165
Transform: AffineTransform_float_3_3
Parameters: 0.999996 -0.0026812 0.00126886 0.00264908 0.999684 0.0249856 -0.00133561 -0.0249822 0.999687 0.133986 -0.490672 0.441222
FixedParameters: 0 0 0

#Transform 166
Transform: AffineTransform_float_3_3
Parameters: 0.999995 -0.00271318 0.00187045 0.00266615 0.999689 0.0247949 -0.00193658 -0.0247897 0.99969 0.121902 -0.515895 0.389335
FixedParameters: 0 0 0

#Transform 167
Transform: AffineTransform_float_3_3
Parameters: 0.999948 -0.00574182 0.00842264 0.00521824 0.998129 0.060918 -0.00875677 -0.0608712 0.998107 -0.039424 -1.33538 -0.557433
FixedParameters: 0 0 0

#Transform 168
Transform: AffineTransform_float_3_3
Parameters: 0.999997 -0.00132789 0.00196 0.0012729 0.999605 0.0280779 -0.00199661 -0.028075 0.999604 0.108916 -0.500698 0.432305
FixedParameters: 0 0 0

#Transform 169
Transform: AffineTransform_float_3_3
Parameters: 0.999997 -0.00105126 0.0025865 0.000977039 0.999593 0.0285091 -0.00261476 -0.0285068 0.99959 0.0549114 -0.500035 0.238893
FixedParameters: 0 0 0

#Transform 170
Transform: AffineTransform_float_3_3
Parameters: 0.999995 -0.00114333 0.00301987 0.00108235 0.999798 0.0200644 -0.00304176 -0.0200614 0.999794 0.070802 -0.356051 0.329023
FixedParameters: 0 0 0

#Transform 171
Transform: AffineTransform_float_3_3
Parameters: 0.999997 -0.00152385 0.00210506 0.00148482 0.999834 0.0181162 -0.00213218 -0.0181131 0.999834 0.0722448 -0.390042 0.353481
FixedParameters: 0 0 0

#Transform 172
Transform: AffineTransform_float_3_3
Parameters: 0.999997 -0.00133652 0.00220697 0.00127968 0.999667 0.0257684 -0.0022412 -0.0257658 0.999666 0.10622 -0.445123 -0.00511331
FixedParameters: 0 0 0

#Transform 173
Transform: AffineTransform_float_3_3
Parameters: 0.999991 -0.00202267 0.00377807 0.00196379 0.999879 0.0154517 -0.00380933 -0.015444 0.999873 0.0825128 -0.181256 -0.0163366
FixedParameters: 0 0 0

#Transform 174
Transform: AffineTransform_float_3_3
Parameters: 0.999989 -0.00194277 0.00433349 0.00188072 0.999895 0.0144168 -0.00436103 -0.014409 0.999887 0.0578476 -0.283994 -0.0184009
FixedParameters: 0 0 0

#Transform 175
Transform: AffineTransform_float_3_3
Parameters: 0.999991 -0.00247169 0.00333898 0.00239398 0.99973 0.0231051 -0.00339491 -0.0230965 0.999727 0.0383959 -0.444701 -0.539753
FixedParameters: 0 0 0

#Transform 176
Transform: AffineTransform_float_3_3
Parameters: 0.999997 -0.00180058 0.00162555 0.0017607 0.999706 0.0241883 -0.00166858 -0.0241853 0.999706 0.135232 -0.46292 -0.547785
FixedParameters: 0 0 0

#Transform 177
Transform: AffineTransform_float_3_3
Parameters: 0.999994 -0.00155603 0.00306859 0.00152056 0.999933 0.0114605 -0.00308604 -0.0114557 0.99993 0.0871732 -0.26653 0.0121928
FixedParameters: 0 0 0

#Transform 178
Transform: AffineTransform_float_3_3
Parameters: 0.999994 -0.00152655 0.00328086 0.00149006 0.999937 0.0111646 -0.00329804 -0.0111594 0.999932 0.0635236 -0.225146 0.0179937
FixedParameters: 0 0 0

#Transform 179
Transform: AffineTransform_float_3_3
Parameters: 0.999994 -0.00190828 0.0028477 0.00187529 0.999933 0.0114625 -0.00286983 -0.0114569 0.99993 0.0796649 -0.277677 0.0339705
FixedParameters: 0 0 0

#Transform 180
Transform: AffineTransform_float_3_3
Parameters: 0.999996 -0.00171891 0.00246411 0.00169533 0.999952 0.00963486 -0.00248051 -0.00963075 0.999951 0.0881665 -0.149711 -0.0815632
FixedParameters: 0 0 0

#Transform 181
Transform: AffineTransform_float_3_3
Parameters: 0.999991 -0.00199597 0.00349742 0.00196079 0.999948 0.00996315 -0.00351692 -0.00995583 0.999945 0.0720129 -0.177438 -0.133414
FixedParameters: 0 0 0

#Transform 182
Transform: AffineTransform_float_3_3
Parameters: 0.999995 -0.00224295 0.00232422 0.00224948 0.999994 -0.00270794 -0.00231814 0.00271325 0.999994 0.15829 0.000749919 -0.176261
FixedParameters: 0 0 0

#Transform 183
Transform: AffineTransform_float_3_3
Parameters: 0.999993 -0.00184049 0.00325927 0.00184099 0.999999 -6.07362e-05 -0.00325898 6.63741e-05 0.999994 0.0891274 -0.0452086 -0.0597966
FixedParameters: 0 0 0

#Transform 184
Transform: AffineTransform_float_3_3
Parameters: 0.999999 -0.000774347 0.00141596 0.000788106 0.999955 -0.00950015 -0.0014082 0.0095004 0.999954 0.145909 0.166477 -0.192287
FixedParameters: 0 0 0

#Transform 185
Transform: AffineTransform_float_3_3
Parameters: 0.999997 -0.00140893 0.00180357 0.00142533 0.999959 -0.00898081 -0.00179082 0.0089839 0.999958 0.12471 0.0918811 -0.276348
FixedParameters: 0 0 0

#Transform 186
Transform: AffineTransform_float_3_3
Parameters: 0.999996 -0.00185411 0.00213867 0.00187819 0.999933 -0.011442 -0.00211642 0.0114457 0.999932 0.150233 0.26401 -0.277914
FixedParameters: 0 0 0

#Transform 187
Transform: AffineTransform_float_3_3
Parameters: 1 -0.000833697 0.000734526 0.000833225 0.999999 0.00109959 -0.000735516 -0.00109931 0.999999 0.0951066 0.0366006 -0.452442
FixedParameters: 0 0 0

#Transform 188
Transform: AffineTransform_float_3_3
