#Insight Transform File V1.0
#Transform 0
Transform: AffineTransform_float_3_3
Parameters: 1 6.27827e-05 0.000292001 -6.32234e-05 0.999999 0.00075476 -0.000291906 -0.000754797 0.999999 0.0200011 -0.0861152 0.0018347
FixedParameters: 0 0 0

#Transform 1
Transform: AffineTransform_float_3_3
Parameters: 1 1.68821e-05 1.49682e-06 -1.68838e-05 1 0.000591757 -1.47684e-06 -0.000591757 1 -0.00012881 -0.0692596 -0.00158462
FixedParameters: 0 0 0

#Transform 2
Transform: AffineTransform_float_3_3
Parameters: 1 5.69072e-05 0.000312958 -5.71805e-05 1 0.000436748 -0.000312908 -0.000436784 1 -0.00917056 0.00638856 -0.0373671
FixedParameters: 0 0 0

#Transform 3
Transform: AffineTransform_float_3_3
Parameters: 1 0.000231026 -8.77109e-05 -0.000231082 1 -0.000321481 8.75623e-05 0.000321521 1 0.00135245 0.00555537 -0.0585124
FixedParameters: 0 0 0

#Transform 4
Transform: AffineTransform_float_3_3
Parameters: 1 0.000153721 -2.0494e-05 -0.000153712 1 0.000215759 2.05604e-05 -0.000215753 1 0.000283158 0.0354712 -0.0485614
FixedParameters: 0 0 0

#Transform 5
Transform: AffineTransform_float_3_3
Parameters: 0.999999 0.000469844 -0.000535869 -0.000469978 1 -0.000150845 0.000535717 0.000150389 1 0.0115673 0.0366471 -0.0279763
FixedParameters: 0 0 0

#Transform 6
Transform: AffineTransform_float_3_3
Parameters: 1 0.000391921 -0.000251625 -0.000391582 0.999999 0.000619833 0.000252101 -0.000620595 1 0.00324537 -0.000192609 0.00106802
FixedParameters: 0 0 0

#Transform 7
Transform: AffineTransform_float_3_3
Parameters: 1 0.000430438 -0.000530179 -0.00043059 1 -0.000142777 0.000530056 0.000143233 1 0.0120491 0.0484997 -0.0312515
FixedParameters: 0 0 0

#Transform 8
Transform: AffineTransform_float_3_3
Parameters: 1 0.000535925 -0.000286675 -0.000536009 1 -0.000146472 0.000286518 0.000146779 1 0.00345341 0.0186863 -0.0460131
FixedParameters: 0 0 0

#Transform 9
Transform: AffineTransform_float_3_3
Parameters: 1 0.000422065 -0.000526437 -0.000421837 1 0.0002166 0.000526619 -0.000216155 1 0.016378 -0.0270771 -0.00751539
FixedParameters: 0 0 0

#Transform 10
Transform: AffineTransform_float_3_3
Parameters: 1 0.000158022 -0.000490564 -0.000158065 1 -4.32153e-05 0.00049055 4.33704e-05 1 0.0137233 0.00552082 -0.014689
FixedParameters: 0 0 0

#Transform 11
Transform: AffineTransform_float_3_3
Parameters: 1 0.000451261 -0.000330535 -0.000451207 1 8.21445e-05 0.000330609 -8.18461e-05 1 0.0049086 -0.0491252 -0.0137833
FixedParameters: 0 0 0

#Transform 12
Transform: AffineTransform_float_3_3
Parameters: 1 -3.5886e-05 -0.000455845 3.68232e-05 1 0.00102258 0.000455714 -0.00102262 1 0.0143718 -0.0496082 0.0190966
FixedParameters: 0 0 0

#Transform 13
Transform: AffineTransform_float_3_3
Parameters: 1 -6.84585e-07 -5.57787e-05 7.13396e-07 1 0.000258266 5.57783e-05 -0.000258266 1 0.0023856 0.0317107 -0.0154309
FixedParameters: 0 0 0

#Transform 14
Transform: AffineTransform_float_3_3
Parameters: 1 -2.68654e-05 -0.000251642 2.70267e-05 1 0.000320525 0.000251625 -0.000320539 1 0.0088111 -0.0381927 -0.0219048
FixedParameters: 0 0 0

#Transform 15
Transform: AffineTransform_float_3_3
Parameters: 1 0.000332181 -0.000510227 -0.000332454 0.999999 0.000702248 0.000510835 -0.000701937 0.999999 0.012084 -0.00953617 -0.00351182
FixedParameters: 0 0 0

#Transform 16
Transform: AffineTransform_float_3_3
Parameters: 1 -4.36531e-05 -0.000456486 4.43421e-05 0.999999 0.00075469 0.000456419 -0.00075473 0.999999 0.0149188 -0.0446548 0.000645142
FixedParameters: 0 0 0

#Transform 17
Transform: AffineTransform_float_3_3
Parameters: 1 4.98045e-05 0.000332829 -4.98576e-05 1 7.97591e-05 -0.000332821 -7.97923e-05 1 -0.0097687 0.0353369 -0.0366216
FixedParameters: 0 0 0

#Transform 18
Transform: AffineTransform_float_3_3
Parameters: 1 0.00040215 -5.3501e-05 -0.000402152 1 -1.732e-05 5.34871e-05 1.7363e-05 1 -0.00233197 -0.0186865 -0.0377819
FixedParameters: 0 0 0

#Transform 19
Transform: AffineTransform_float_3_3
Parameters: 1 9.89324e-05 -0.000211677 -9.89046e-05 1 6.57585e-05 0.00021169 -6.57166e-05 1 0.00602543 -0.0224969 -0.0264468
FixedParameters: 0 0 0

#Transform 20
Transform: AffineTransform_float_3_3
Parameters: 1 9.00084e-07 -1.16506e-05 -8.97963e-07 1 9.10409e-05 1.16508e-05 -9.10409e-05 1 -0.012225 -0.0195669 -0.00439488
FixedParameters: 0 0 0

#Transform 21
Transform: AffineTransform_float_3_3
Parameters: 1 6.12183e-06 2.8887e-05 -6.12592e-06 1 7.07816e-05 -2.88861e-05 -7.0782e-05 1 -0.00484897 -0.0159171 0.0170916
FixedParameters: 0 0 0

#Transform 22
Transform: AffineTransform_float_3_3
Parameters: 1 0.000144993 5.74493e-05 -0.000144982 1 -9.53266e-05 -5.7477e-05 9.53099e-05 1 -0.0136182 -0.0136481 -0.00232118
FixedParameters: 0 0 0

#Transform 23
Transform: AffineTransform_float_3_3
Parameters: 1 1.53674e-05 0.000125492 -1.53443e-05 1 -9.17927e-05 -0.000125495 9.17888e-05 1 -0.00355042 0.0438944 -0.0173988
FixedParameters: 0 0 0

#Transform 24
Transform: AffineTransform_float_3_3
Parameters: 1 8.80839e-06 0.000124911 -8.72777e-06 1 -0.000322697 -0.000124916 0.000322695 1 -0.00448205 -0.000711256 0.011426
FixedParameters: 0 0 0

#Transform 25
Transform: AffineTransform_float_3_3
Parameters: 1 -1.01821e-05 -2.72861e-05 1.01699e-05 1 -0.000222733 2.72907e-05 0.000222732 1 0.000429963 0.0321766 0.018233
FixedParameters: 0 0 0

#Transform 26
Transform: AffineTransform_float_3_3
Parameters: 1 0.000350539 -9.15399e-05 -0.000350488 1 0.000280381 9.17364e-05 -0.000280317 1 0.0176028 0.0135099 -0.0226696
FixedParameters: 0 0 0

#Transform 27
Transform: AffineTransform_float_3_3
Parameters: 1 0.000450712 -0.000135283 -0.000451593 1 0.000398684 0.000135784 -0.000398591 1 0.0135836 -0.0221964 0.0213132
FixedParameters: 0 0 0

#Transform 28
Transform: AffineTransform_float_3_3
Parameters: 1 0.000266262 -0.000360154 -0.000266251 1 1.54135e-05 0.000360162 -1.52217e-05 1 0.0134738 -0.000600701 -0.0221923
FixedParameters: 0 0 0

#Transform 29
Transform: AffineTransform_float_3_3
Parameters: 1 0.000206244 -0.000348911 -0.000205961 1 0.000406237 0.000349079 -0.000406093 1 0.00777865 -0.0495436 0.016671
FixedParameters: 0 0 0

#Transform 30
Transform: AffineTransform_float_3_3
Parameters: 1 -4.5954e-05 -0.000315864 4.59364e-05 1 -2.79224e-05 0.000315867 2.78933e-05 1 0.0174512 0.00736547 -0.00158211
FixedParameters: 0 0 0

#Transform 31
Transform: AffineTransform_float_3_3
Parameters: 1 -1.72687e-05 -4.84325e-05 1.72332e-05 1 -0.000366537 4.84451e-05 0.000366536 1 0.00137971 -0.017976 0.00380215
FixedParameters: 0 0 0

#Transform 32
Transform: AffineTransform_float_3_3
Parameters: 1 -1.44625e-05 2.64379e-06 1.44653e-05 1 -0.00052681 -2.62855e-06 0.00052681 1 0.0181322 0.00226746 -0.0279498
FixedParameters: 0 0 0

#Transform 33
Transform: AffineTransform_float_3_3
Parameters: 1 5.20533e-05 -0.000331017 -5.21862e-05 1 -0.00020072 0.000330996 0.000200755 1 0.0107761 0.0719483 -0.034496
FixedParameters: 0 0 0

#Transform 34
Transform: AffineTransform_float_3_3
Parameters: 1 -5.08559e-05 -0.000316283 5.07307e-05 1 -0.000197854 0.000316303 0.000197822 1 0.0273814 -0.0042351 0.00522755
FixedParameters: 0 0 0

#Transform 35
Transform: AffineTransform_float_3_3
Parameters: 1 0.000250828 0.000166768 -0.000250417 0.999999 -0.000808938 -0.000166185 0.000808856 0.999999 0.0066245 0.0228596 -0.0338741
FixedParameters: 0 0 0

#Transform 36
Transform: AffineTransform_float_3_3
Parameters: 1 -1.28035e-05 4.28656e-05 1.28612e-05 1 -0.000673017 -4.28483e-05 0.000673018 1 0.013136 0.0346313 0.00895593
FixedParameters: 0 0 0

#Transform 37
Transform: AffineTransform_float_3_3
Parameters: 1 -2.9561e-05 -7.39359e-05 2.94615e-05 1 -0.00067225 7.39756e-05 0.000672246 1 0.0182579 0.00816682 0.0150023
FixedParameters: 0 0 0

#Transform 38
Transform: AffineTransform_float_3_3
Parameters: 1 -3.28272e-05 -9.67023e-05 3.26972e-05 1 -0.000672101 9.67464e-05 0.000672095 1 0.0122449 0.00559778 0.0358471
FixedParameters: 0 0 0

#Transform 39
Transform: AffineTransform_float_3_3
Parameters: 1 -2.25824e-05 -4.88935e-05 2.25284e-05 1 -0.000552461 4.89184e-05 0.000552459 1 0.0206233 0.0150342 0.0228099
FixedParameters: 0 0 0

#Transform 40
Transform: AffineTransform_float_3_3
Parameters: 1 -1.19911e-05 1.55667e-05 1.20068e-05 1 -0.000504904 -1.55546e-05 0.000504904 1 0.0263075 0.0262156 0.0188717
FixedParameters: 0 0 0

#Transform 41
Transform: AffineTransform_float_3_3
Parameters: 1 -1.95705e-05 -0.000100445 1.95334e-05 1 -0.000184268 0.000100452 0.000184264 1 0.0372162 -0.0196345 0.0110863
FixedParameters: 0 0 0

#Transform 42
Transform: AffineTransform_float_3_3
Parameters: 1 -4.33414e-06 2.79661e-05 4.3507e-06 1 -0.000296068 -2.79635e-05 0.000296068 1 0.0242888 -0.00328767 0.0245294
FixedParameters: 0 0 0

#Transform 43
Transform: AffineTransform_float_3_3
Parameters: 1 -1.46878e-06 0.000139644 1.68233e-06 0.999999 -0.000764619 -0.000139641 0.000764619 0.999999 0.0197006 0.0146098 0.0178237
FixedParameters: 0 0 0

#Transform 44
Transform: AffineTransform_float_3_3
Parameters: 1 4.87916e-05 0.000542765 -4.86437e-05 1 -0.00104322 -0.000542783 0.00104314 1 0.00336609 0.00746732 0.0112381
FixedParameters: 0 0 0

#Transform 45
Transform: AffineTransform_float_3_3
Parameters: 1 -3.48709e-06 0.000121874 3.6688e-06 0.999999 -0.000745509 -0.000121869 0.00074551 0.999999 0.00711194 0.0327918 0.0387155
FixedParameters: 0 0 0

#Transform 46
Transform: AffineTransform_float_3_3
Parameters: 1 -5.2478e-06 0.00012172 5.44437e-06 0.999999 -0.000807483 -0.000121711 0.000807484 0.999999 0.0161107 0.0218875 0.0163986
FixedParameters: 0 0 0

#Transform 47
Transform: AffineTransform_float_3_3
Parameters: 1 -2.22855e-05 0.000120212 2.26289e-05 0.999999 -0.00140724 -0.000120205 0.00140724 0.999999 0.00960349 0.0026591 0.0395345
FixedParameters: 0 0 0

#Transform 48
Transform: AffineTransform_float_3_3
Parameters: 1 4.89308e-05 0.000610182 -4.82183e-05 0.999999 -0.00139053 -0.000610233 0.00139044 0.999999 0.00647515 0.0659008 0.0121301
FixedParameters: 0 0 0

#Transform 49
Transform: AffineTransform_float_3_3
Parameters: 1 -8.3023e-05 0.000438755 8.27757e-05 0.999999 -0.000846062 -0.000438474 0.000846106 0.999999 0.0161306 0.0818217 0.00669673
FixedParameters: 0 0 0

#Transform 50
Transform: AffineTransform_float_3_3
Parameters: 1 5.35352e-05 0.000660416 -5.25558e-05 0.999999 -0.00148683 -0.00066049 0.00148673 0.999998 0.00776792 0.0362607 0.00694607
FixedParameters: 0 0 0

#Transform 51
Transform: AffineTransform_float_3_3
Parameters: 1 -2.78808e-05 0.00011973 2.82699e-05 0.999998 -0.00160415 -0.000119697 0.00160416 0.999998 0.0223938 0.0509262 0.00597131
FixedParameters: 0 0 0

#Transform 52
Transform: AffineTransform_float_3_3
Parameters: 1 1.28999e-05 0.000429132 -1.23798e-05 0.999999 -0.00174718 -0.000429149 0.00174714 0.999999 0.0121205 0.0416511 0.00741309
FixedParameters: 0 0 0

#Transform 53
Transform: AffineTransform_float_3_3
Parameters: 1 -0.000171858 0.000137949 0.00017242 0.999998 -0.00200223 -0.000137374 0.00200228 0.999998 0.0221334 0.0361086 0.050895
FixedParameters: 0 0 0

#Transform 54
Transform: AffineTransform_float_3_3
Parameters: 0.999999 -0.000121136 0.000804657 0.000122995 0.999997 -0.00246248 -0.000804933 0.00246262 0.999996 0.00119053 0.0484951 0.030238
FixedParameters: 0 0 0

#Transform 55
Transform: AffineTransform_float_3_3
Parameters: 0.999999 -0.000107881 0.000804639 0.000110233 0.999997 -0.00216258 -0.000805184 0.00216301 0.999998 0.000903204 0.0797183 0.0383883
FixedParameters: 0 0 0

#Transform 56
Transform: AffineTransform_float_3_3
Parameters: 0.999999 9.16545e-05 0.000984206 -9.00686e-05 0.999999 -0.00180592 -0.000984366 0.00180569 0.999998 -0.00637579 0.0406176 0.0123983
FixedParameters: 0 0 0

#Transform 57
Transform: AffineTransform_float_3_3
Parameters: 1 -1.94822e-05 0.000297297 1.98172e-05 0.999997 -0.00222397 -0.000297238 0.00222423 0.999998 0.0148934 0.0502024 0.061246
FixedParameters: 0 0 0

#Transform 58
Transform: AffineTransform_float_3_3
Parameters: 1 6.59786e-06 0.000316234 -5.71579e-06 0.999999 -0.00138654 -0.000316308 0.00138654 0.999999 0.0235107 0.0163136 0.0894147
FixedParameters: 0 0 0

#Transform 59
Transform: AffineTransform_float_3_3
Parameters: 1 6.25939e-06 0.000316205 -5.36982e-06 0.999999 -0.00139854 -0.000316278 0.00139853 0.999999 0.0137936 -0.0125368 0.0766299
FixedParameters: 0 0 0

#Transform 60
Transform: AffineTransform_float_3_3
Parameters: 1 -0.000101147 0.000326104 0.000102634 0.999998 -0.00225781 -0.000325815 0.00225787 0.999998 0.0149724 0.0413297 0.062061
FixedParameters: 0 0 0

#Transform 61
Transform: AffineTransform_float_3_3
Parameters: 1 1.94697e-06 0.000410583 -1.24727e-06 0.999998 -0.00204493 -0.000410562 0.0020449 0.999998 0.0113002 0.0180073 0.0554514
FixedParameters: 0 0 0

#Transform 62
Transform: AffineTransform_float_3_3
Parameters: 1 -2.07017e-05 0.000193653 2.13766e-05 0.999998 -0.00172959 -0.000193637 0.0017296 0.999998 0.0193055 0.0608741 0.0304007
FixedParameters: 0 0 0

#Transform 63
Transform: AffineTransform_float_3_3
Parameters: 1 -2.06389e-05 0.000245428 2.06388e-05 0.999998 -0.00199585 -0.000245319 0.00199584 0.999998 0.0168835 0.0198633 0.0511031
FixedParameters: 0 0 0

#Transform 64
Transform: AffineTransform_float_3_3
Parameters: 1 -5.30298e-06 0.000315165 5.4633e-06 0.999999 -0.00180839 -0.000315118 0.00180837 0.999999 0.0144046 -0.00283003 0.0559214
FixedParameters: 0 0 0

#Transform 65
Transform: AffineTransform_float_3_3
Parameters: 1 -3.16559e-06 0.000315353 3.26578e-06 0.999998 -0.00173228 -0.000315312 0.00173254 0.999999 0.0179841 0.0376522 0.0644835
FixedParameters: 0 0 0

#Transform 66
Transform: AffineTransform_float_3_3
Parameters: 1 -9.01722e-05 0.000328664 9.02539e-05 0.999998 -0.0016229 -0.000328287 0.00162293 0.999998 0.0188474 0.0328038 0.0563282
FixedParameters: 0 0 0

#Transform 67
Transform: AffineTransform_float_3_3
Parameters: 1 -0.000160262 0.000263442 0.000160836 1 -0.00108048 -0.000263152 0.00108057 1 0.0180545 0.0523239 0.0678952
FixedParameters: 0 0 0

#Transform 68
Transform: AffineTransform_float_3_3
Parameters: 1 4.77087e-07 0.000315698 -4.49293e-07 0.999998 -0.00160348 -0.000315615 0.00160345 0.999998 0.01396 -0.00521618 0.071394
FixedParameters: 0 0 0

#Transform 69
Transform: AffineTransform_float_3_3
Parameters: 1 1.6025e-05 0.000452857 -1.54119e-05 0.999999 -0.00175833 -0.000452885 0.00175829 0.999999 0.0265653 0.0533858 0.0548468
FixedParameters: 0 0 0

#Transform 70
Transform: AffineTransform_float_3_3
Parameters: 0.999999 -0.000413247 0.000755294 0.000414081 0.999999 -0.00128031 -0.00075515 0.00127994 0.999999 0.0167432 0.0119721 0.0157344
FixedParameters: 0 0 0

#Transform 71
Transform: AffineTransform_float_3_3
Parameters: 1 0.000121644 0.000299923 -0.000120832 0.999999 -0.0013448 -0.000300306 0.00134473 0.999999 0.0275297 0.00892881 0.0708586
FixedParameters: 0 0 0

#Transform 72
Transform: AffineTransform_float_3_3
Parameters: 1 -0.000443812 9.88566e-05 0.000444136 0.999998 -0.0016222 -9.74732e-05 0.00162229 0.999998 0.0335724 0.0212074 0.0817216
FixedParameters: 0 0 0

#Transform 73
Transform: AffineTransform_float_3_3
Parameters: 1 -0.000397569 0.000374468 0.000397654 0.999999 -0.00139402 -0.000373286 0.00139333 0.999999 0.0351996 -0.00339844 0.0615403
FixedParameters: 0 0 0

#Transform 74
Transform: AffineTransform_float_3_3
Parameters: 1 -0.000394501 0.0003747 0.000394477 0.999999 -0.00128408 -0.000373603 0.00128435 0.999999 0.0352236 0.0435597 0.0557194
FixedParameters: 0 0 0

#Transform 75
Transform: AffineTransform_float_3_3
Parameters: 1 -0.000384004 0.000375508 0.000383698 0.999999 -0.000911238 -0.000374668 0.000911498 0.999999 0.0395445 0.00427778 0.0720378
FixedParameters: 0 0 0

#Transform 76
Transform: AffineTransform_float_3_3
Parameters: 1 -0.000421266 0.000206258 0.000420846 0.999999 -0.001372 -0.000205019 0.00137214 0.999999 0.0392784 0.0176143 0.0592699
FixedParameters: 0 0 0

#Transform 77
Transform: AffineTransform_float_3_3
Parameters: 1 -0.000255417 -9.96976e-05 0.000255035 0.999999 -0.00123701 9.92836e-05 0.00123695 0.999999 0.0445785 0.0241692 0.0913189
FixedParameters: 0 0 0

#Transform 78
Transform: AffineTransform_float_3_3
Parameters: 1 -0.000458373 -0.000135304 0.00045813 1 -0.000942179 0.000136166 0.000941774 0.999999 0.0512515 0.0283073 0.0876085
FixedParameters: 0 0 0

#Transform 79
Transform: AffineTransform_float_3_3
Parameters: 1 0.000189634 0.000995459 -0.000189116 1 -0.000267059 -0.000995558 0.000266962 1 -0.00666341 -0.0154451 0.0941382
FixedParameters: 0 0 0

#Transform 80
Transform: AffineTransform_float_3_3
Parameters: 1 -8.70463e-05 0.000333714 8.75633e-05 0.999999 -0.000774636 -0.000333579 0.000774694 0.999999 0.0173774 -0.0989485 0.121118
FixedParameters: 0 0 0

#Transform 81
Transform: AffineTransform_float_3_3
Parameters: 0.999999 -0.000336404 0.000680662 0.000336472 0.999999 -0.000777217 -0.000679998 0.000777647 0.999999 0.00687866 0.0216561 0.0861891
FixedParameters: 0 0 0

#Transform 82
Transform: AffineTransform_float_3_3
Parameters: 0.999999 0.000342345 0.000739089 -0.000341812 1 -0.0010263 -0.000739707 0.00102577 0.999999 -0.00382596 -0.0213775 0.089722
FixedParameters: 0 0 0

#Transform 83
Transform: AffineTransform_float_3_3
Parameters: 0.999999 -0.00033633 0.000833297 0.00033686 0.999998 -0.00157673 -0.000833064 0.00157655 0.999999 0.00981373 0.096947 0.0474586
FixedParameters: 0 0 0

#Transform 84
Transform: AffineTransform_float_3_3
Parameters: 0.999999 -0.000150203 0.00080758 0.000151336 0.999999 -0.0013982 -0.000808062 0.00139841 0.999998 0.016891 0.0394479 0.0712151
FixedParameters: 0 0 0

#Transform 85
Transform: AffineTransform_float_3_3
Parameters: 1 0.0001111 0.00101164 -0.000110282 0.999999 -0.000900053 -0.00101169 0.00090008 0.999999 -0.00768289 0.0843447 0.0445286
FixedParameters: 0 0 0

#Transform 86
Transform: AffineTransform_float_3_3
Parameters: 0.999994 0.00148416 0.00293643 -0.00148122 0.999999 -0.000838886 -0.00293761 0.000834119 0.999995 -0.115254 -0.0464134 0.0524318
FixedParameters: 0 0 0

#Transform 87
Transform: AffineTransform_float_3_3
Parameters: 0.999999 0.000119889 0.00134131 -0.000116801 0.999998 -0.00188957 -0.00134159 0.00188947 0.999998 0.000566177 0.0722818 0.0405226
FixedParameters: 0 0 0

#Transform 88
Transform: AffineTransform_float_3_3
Parameters: 0.999999 7.69867e-05 0.00093312 -7.55579e-05 0.999999 -0.00129313 -0.000933233 0.00129296 0.999998 0.0243391 0.0248259 0.112992
FixedParameters: 0 0 0

#Transform 89
Transform: AffineTransform_float_3_3
Parameters: 0.999999 6.24136e-05 0.000910268 -6.02985e-05 0.999998 -0.00170667 -0.000910449 0.0017068 0.999998 0.00163995 -0.0220575 0.10904
FixedParameters: 0 0 0

#Transform 90
Transform: AffineTransform_float_3_3
Parameters: 0.999999 3.78352e-05 0.000750786 -3.61692e-05 0.999999 -0.00176171 -0.00075089 0.00176162 0.999998 0.00746645 0.0302221 0.0960872
FixedParameters: 0 0 0

#Transform 91
Transform: AffineTransform_float_3_3
Parameters: 0.999999 3.9134e-05 0.000882735 -3.68355e-05 0.999997 -0.00241435 -0.000882807 0.00241423 0.999996 -0.00396694 0.0837292 0.0637171
FixedParameters: 0 0 0

#Transform 92
Transform: AffineTransform_float_3_3
Parameters: 0.999999 0.000246447 0.000859259 -0.000244827 0.999999 -0.00143397 -0.000858891 0.00143353 0.999998 0.0101317 0.069443 0.0880893
FixedParameters: 0 0 0

#Transform 93
Transform: AffineTransform_float_3_3
Parameters: 0.999999 -0.000126485 0.000817108 0.000127908 0.999998 -0.00206017 -0.000816426 0.00205936 0.999997 0.016839 0.0296141 0.0931672
FixedParameters: 0 0 0

#Transform 94
Transform: AffineTransform_float_3_3
Parameters: 0.999999 6.22225e-05 0.000799915 -6.13987e-05 1 -0.0011303 -0.00079997 0.00113017 0.999999 0.0189908 -0.0189691 0.0825554
FixedParameters: 0 0 0

#Transform 95
Transform: AffineTransform_float_3_3
Parameters: 1 8.73382e-05 0.00107958 -8.46844e-05 0.999998 -0.00169082 -0.00107978 0.00169089 0.999998 0.0103604 0.0142704 0.0563683
FixedParameters: 0 0 0

#Transform 96
Transform: AffineTransform_float_3_3
Parameters: 0.999999 6.38353e-05 0.000885006 -6.21358e-05 0.999999 -0.00152057 -0.000885169 0.00152071 0.999999 0.0167565 0.0151732 0.0742517
FixedParameters: 0 0 0

#Transform 97
Transform: AffineTransform_float_3_3
Parameters: 0.999999 5.58541e-05 0.000884276 -5.36331e-05 0.999999 -0.00180959 -0.000884447 0.00180946 0.999998 0.0150214 0.00519103 0.073178
FixedParameters: 0 0 0

#Transform 98
Transform: AffineTransform_float_3_3
Parameters: 1 8.62511e-05 0.000985765 -8.48128e-05 0.999999 -0.00123152 -0.000985835 0.00123132 0.999999 0.0111279 -0.0148933 0.0803439
FixedParameters: 0 0 0

#Transform 99
Transform: AffineTransform_float_3_3
Parameters: 1 -9.23938e-05 0.00105174 9.35742e-05 0.999999 -0.00157243 -0.00105221 0.00157284 0.999998 0.0131917 0.00232048 0.0750082
FixedParameters: 0 0 0

#Transform 100
Transform: AffineTransform_float_3_3
Parameters: 0.999999 3.53431e-05 0.000882368 -3.28124e-05 0.999997 -0.00255115 -0.000882486 0.00255132 0.999997 0.0152827 0.0756455 0.0573316
FixedParameters: 0 0 0

#Transform 101
Transform: AffineTransform_float_3_3
Parameters: 0.999999 -1.6873e-05 0.0014113 2.10618e-05 0.999996 -0.00288407 -0.00141085 0.00288429 0.999995 0.012777 0.0651425 0.0545764
FixedParameters: 0 0 0

#Transform 102
Transform: AffineTransform_float_3_3
Parameters: 0.999999 3.12306e-05 0.000881999 -2.84262e-05 0.999997 -0.00270023 -0.000882106 0.00270012 0.999996 0.0274716 0.0745857 0.056575
FixedParameters: 0 0 0

#Transform 103
Transform: AffineTransform_float_3_3
Parameters: 1 9.55544e-05 0.00120333 -9.26008e-05 0.999998 -0.00205055 -0.00120355 0.00205054 0.999997 0.00223313 -0.0101001 0.0494569
FixedParameters: 0 0 0

#Transform 104
Transform: AffineTransform_float_3_3
Parameters: 0.999999 9.0777e-05 0.00088753 -8.98156e-05 1 -0.000545968 -0.000887684 0.000546088 1 0.0267577 -0.00747467 0.0745566
FixedParameters: 0 0 0

#Transform 105
Transform: AffineTransform_float_3_3
Parameters: 1 -7.6971e-05 0.00109677 7.88982e-05 0.999999 -0.00176718 -0.00109628 0.00176633 0.999998 0.0215201 -0.00474378 0.0919572
FixedParameters: 0 0 0

#Transform 106
Transform: AffineTransform_float_3_3
Parameters: 0.999999 6.82887e-05 0.000885442 -6.68652e-05 0.999999 -0.00135978 -0.000885541 0.00135963 0.999998 0.0254368 0.0150874 0.124483
FixedParameters: 0 0 0

#Transform 107
Transform: AffineTransform_float_3_3
Parameters: 0.999999 -0.000332572 0.000936624 0.000335018 0.999997 -0.00243054 -0.000935878 0.00243111 0.999996 0.0196642 0.0411068 0.102816
FixedParameters: 0 0 0

#Transform 108
Transform: AffineTransform_float_3_3
Parameters: 0.999999 -0.000466397 0.00146035 0.00047039 0.999996 -0.00276065 -0.00145843 0.00276123 0.999995 0.0148298 0.0328499 0.0886906
FixedParameters: 0 0 0

#Transform 109
Transform: AffineTransform_float_3_3
Parameters: 0.999999 -5.36218e-05 0.0012719 5.75189e-05 0.999996 -0.00308086 -0.00127122 0.00308088 0.999994 0.00216341 0.065345 0.0927849
FixedParameters: 0 0 0

#Transform 110
Transform: AffineTransform_float_3_3
Parameters: 0.999999 2.06729e-05 0.000881033 -1.71957e-05 0.999996 -0.00308206 -0.000881152 0.00308197 0.999995 0.0133914 0.0819663 0.0918302
FixedParameters: 0 0 0

#Transform 111
Transform: AffineTransform_float_3_3
Parameters: 0.999999 -0.000300171 0.00154697 0.000304163 0.999997 -0.00264979 -0.00154702 0.00264993 0.999996 0.00952672 0.00352018 0.102189
FixedParameters: 0 0 0

#Transform 112
Transform: AffineTransform_float_3_3
Parameters: 1 -0.000409248 0.00094943 0.000412213 0.999997 -0.00215904 -0.000948616 0.00216007 0.999997 0.0290835 0.0242727 0.127499
FixedParameters: 0 0 0

#Transform 113
Transform: AffineTransform_float_3_3
Parameters: 0.999999 -0.000416798 0.00150405 0.000420694 0.999996 -0.00269421 -0.00150345 0.00269467 0.999996 0.00725354 0.0608501 0.11279
FixedParameters: 0 0 0

#Transform 114
Transform: AffineTransform_float_3_3
Parameters: 0.999999 -0.000310631 0.0018141 0.000316943 0.999993 -0.00367748 -0.00181214 0.00367774 0.999991 0.00115959 0.0568805 0.104402
FixedParameters: 0 0 0

#Transform 115
Transform: AffineTransform_float_3_3
Parameters: 0.999999 -0.000388585 0.00134829 0.000394256 0.999992 -0.00403428 -0.00134686 0.00403547 0.999991 0.0229206 0.068239 0.101851
FixedParameters: 0 0 0

#Transform 116
Transform: AffineTransform_float_3_3
Parameters: 0.999999 0.000176122 0.000767699 -0.000175217 0.999999 -0.00123059 -0.000768047 0.00123029 0.999999 0.0265365 -0.0243285 0.168806
FixedParameters: 0 0 0

#Transform 117
Transform: AffineTransform_float_3_3
Parameters: 0.999999 -0.000344623 0.00146716 0.000349466 0.999996 -0.00304444 -0.00146575 0.00304563 0.999995 0.0124129 0.0782801 0.111422
FixedParameters: 0 0 0

#Transform 118
Transform: AffineTransform_float_3_3
Parameters: 0.999999 -0.000351308 0.00140503 0.000355406 0.999995 -0.00295606 -0.00140459 0.00295626 0.999994 0.0142305 0.0472913 0.116723
FixedParameters: 0 0 0

#Transform 119
Transform: AffineTransform_float_3_3
Parameters: 0.999999 -0.000332132 0.00150043 0.000336345 0.999996 -0.00275976 -0.00149925 0.00275997 0.999995 0.00498913 0.107834 0.0689134
FixedParameters: 0 0 0

#Transform 120
Transform: AffineTransform_float_3_3
Parameters: 0.999999 -0.00035086 0.00130235 0.000353954 0.999997 -0.00238164 -0.00130141 0.00238275 0.999997 0.0175255 0.0177644 0.120462
FixedParameters: 0 0 0

#Transform 121
Transform: AffineTransform_float_3_3
Parameters: 1 -0.000402972 0.000947073 0.000405403 0.999997 -0.00239848 -0.000945954 0.00239919 0.999996 0.029627 0.0312923 0.108642
FixedParameters: 0 0 0

#Transform 122
Transform: AffineTransform_float_3_3
Parameters: 0.999999 -0.00022119 0.000921004 0.000223535 0.999997 -0.00234075 -0.000919851 0.00234111 0.999997 0.0144697 0.0102031 0.122903
FixedParameters: 0 0 0

#Transform 123
Transform: AffineTransform_float_3_3
Parameters: 1 -0.000382235 0.00102791 0.000384362 0.999998 -0.00206799 -0.00102715 0.002069 0.999998 0.0152643 0.0829852 0.114519
FixedParameters: 0 0 0

#Transform 124
Transform: AffineTransform_float_3_3
Parameters: 0.999998 -0.000483681 0.00152718 0.000487019 0.999998 -0.00214516 -0.00152677 0.00214559 0.999996 0.0130752 -0.0146741 0.086877
FixedParameters: 0 0 0

#Transform 125
Transform: AffineTransform_float_3_3
Parameters: 0.999999 -0.000346615 0.00130563 0.000349396 0.999998 -0.00224284 -0.00130476 0.0022427 0.999996 0.00409991 -0.0121394 0.0861425
FixedParameters: 0 0 0

#Transform 126
Transform: AffineTransform_float_3_3
Parameters: 0.999999 0.000122321 0.00131068 -0.000118734 0.999997 -0.00249981 -0.00131103 0.00249969 0.999996 0.0127284 0.0395056 0.0698896
FixedParameters: 0 0 0

#Transform 127
Transform: AffineTransform_float_3_3
Parameters: 0.999999 -0.000339505 0.00138737 0.000343137 0.999997 -0.00242015 -0.00138647 0.00242033 0.999996 0.00923588 0.0197017 0.0801328
FixedParameters: 0 0 0

#Transform 128
Transform: AffineTransform_float_3_3
Parameters: 0.999999 -0.000502367 0.00150815 0.000506425 0.999996 -0.00274066 -0.00150703 0.00274139 0.999995 0.0136749 0.0321836 0.0904194
FixedParameters: 0 0 0

#Transform 129
Transform: AffineTransform_float_3_3
Parameters: 0.999999 -0.000337158 0.00142474 0.000340281 0.999996 -0.00253439 -0.00142362 0.00253552 0.999996 0.000501395 0.065253 0.0906174
FixedParameters: 0 0 0

#Transform 130
Transform: AffineTransform_float_3_3
Parameters: 1 -0.000370587 0.00116092 0.000372971 0.999997 -0.00235187 -0.00115986 0.00235168 0.999996 0.00306206 0.0647444 0.0931845
FixedParameters: 0 0 0

#Transform 131
Transform: AffineTransform_float_3_3
Parameters: 0.999999 -0.000140161 0.000907821 0.000142838 0.999996 -0.00256105 -0.00090704 0.00256153 0.999997 0.00170425 0.0617597 0.0879863
FixedParameters: 0 0 0

#Transform 132
Transform: AffineTransform_float_3_3
Parameters: 0.999999 0.000197201 0.000952588 -0.000194544 0.999996 -0.00288527 -0.00095258 0.00288605 0.999996 0.00130006 0.0492959 0.105876
FixedParameters: 0 0 0

#Transform 133
Transform: AffineTransform_float_3_3
Parameters: 0.999999 -0.00014277 0.000908283 0.000145425 0.999997 -0.00254797 -0.000907492 0.00254846 0.999997 0.000182564 -0.0229571 0.122409
FixedParameters: 0 0 0

#Transform 134
Transform: AffineTransform_float_3_3
Parameters: 1 -0.000423349 0.000945517 0.000426214 0.999995 -0.00313817 -0.000943655 0.00313792 0.999994 0.00177892 0.0499558 0.129355
FixedParameters: 0 0 0

#Transform 135
Transform: AffineTransform_float_3_3
Parameters: 0.999999 -0.000407634 0.000946672 0.000410379 0.999996 -0.00256727 -0.000945504 0.00256826 0.999996 0.00611634 0.0623665 0.101723
FixedParameters: 0 0 0

#Transform 136
Transform: AffineTransform_float_3_3
Parameters: 0.999999 -0.000426523 0.000853255 0.000429158 0.999996 -0.00276172 -0.000851836 0.00276143 0.999996 0.0175154 0.0369031 0.117488
FixedParameters: 0 0 0

#Transform 137
Transform: AffineTransform_float_3_3
Parameters: 1 -0.000381661 0.000998618 0.000383461 0.999998 -0.00189102 -0.000996945 0.00189172 0.999997 0.0140251 0.00146645 0.123892
FixedParameters: 0 0 0

#Transform 138
Transform: AffineTransform_float_3_3
Parameters: 1 -0.000420616 0.000958449 0.000423475 0.999995 -0.00310628 -0.000956619 0.003107 0.999994 -0.000798972 0.100142 0.096673
FixedParameters: 0 0 0

#Transform 139
Transform: AffineTransform_float_3_3
Parameters: 0.999999 -0.000428976 0.00122614 0.000432092 0.999996 -0.00299256 -0.0012252 0.0029935 0.999994 -0.00428517 0.0291566 0.0803093
FixedParameters: 0 0 0

#Transform 140
Transform: AffineTransform_float_3_3
Parameters: 0.999999 -0.000346026 0.00140152 0.000349638 0.999996 -0.00274013 -0.00140027 0.00274031 0.999996 0.00625204 0.0854579 0.0625529
FixedParameters: 0 0 0

#Transform 141
Transform: AffineTransform_float_3_3
Parameters: 0.999999 -0.000160794 0.000964268 0.000162638 0.999999 -0.00146727 -0.000963709 0.00146755 0.999998 0.031056 0.0518374 0.143579
FixedParameters: 0 0 0

#Transform 142
Transform: AffineTransform_float_3_3
Parameters: 0.999999 -0.000342388 0.00140182 0.000345634 0.999997 -0.00260633 -0.00140064 0.00260622 0.999995 0.00683218 0.0355313 0.101069
FixedParameters: 0 0 0

#Transform 143
Transform: AffineTransform_float_3_3
Parameters: 0.999999 -0.000329974 0.00140282 0.000332914 0.999997 -0.00214837 -0.00140208 0.00214853 0.999997 0.00861046 0.0535507 0.0941994
FixedParameters: 0 0 0

#Transform 144
Transform: AffineTransform_float_3_3
Parameters: 0.999999 -0.000332409 0.00140263 0.000335613 0.999998 -0.00223847 -0.00140182 0.00223836 0.999996 0.0237265 0.0519942 0.0634773
FixedParameters: 0 0 0

#Transform 145
Transform: AffineTransform_float_3_3
Parameters: 0.999999 -0.000346974 0.00140145 0.000350656 0.999996 -0.00277414 -0.00140016 0.00277528 0.999995 0.0176659 0.0404877 0.0807615
FixedParameters: 0 0 0

#Transform 146
Transform: AffineTransform_float_3_3
Parameters: 0.999999 -0.000365579 0.00139997 0.000370079 0.999994 -0.00346084 -0.00139905 0.00346105 0.999993 0.0186664 0.0900885 0.0480781
FixedParameters: 0 0 0

#Transform 147
Transform: AffineTransform_float_3_3
Parameters: 0.999999 -0.000354828 0.00133238 0.000357914 0.999997 -0.00269187 -0.00133106 0.0026927 0.999995 0.0196094 0.0658051 0.0958984
FixedParameters: 0 0 0

#Transform 148
Transform: AffineTransform_float_3_3
Parameters: 0.999999 -0.000511355 0.0014195 0.000516848 0.999992 -0.00376263 -0.00141731 0.00376326 0.999992 0.0187445 0.0451505 0.080087
FixedParameters: 0 0 0

#Transform 149
Transform: AffineTransform_float_3_3
Parameters: 0.999998 -0.000920298 0.0014788 0.000925307 0.999992 -0.00387755 -0.00147522 0.00387942 0.999992 0.0217712 0.0618911 0.0905733
FixedParameters: 0 0 0

#Transform 150
Transform: AffineTransform_float_3_3
Parameters: 0.999998 -0.000914188 0.00147917 0.000919517 0.999993 -0.00365162 -0.00147613 0.0036535 0.999992 0.0215845 0.0699454 0.0978323
FixedParameters: 0 0 0

#Transform 151
Transform: AffineTransform_float_3_3
Parameters: 0.999998 -0.000930691 0.00133303 0.000934474 0.999994 -0.00346899 -0.00133016 0.00347036 0.999993 0.025713 0.0910374 0.126269
FixedParameters: 0 0 0

#Transform 152
Transform: AffineTransform_float_3_3
Parameters: 0.999998 -0.000909262 0.00147947 0.000914065 0.999994 -0.00346984 -0.00147674 0.00347143 0.999993 0.0201172 0.0639096 0.15186
FixedParameters: 0 0 0

#Transform 153
Transform: AffineTransform_float_3_3
Parameters: 0.999999 -0.000837418 0.00103222 0.000840549 0.999994 -0.00314111 -0.00102973 0.00314179 0.999994 0.0330305 0.0541348 0.162221
FixedParameters: 0 0 0

#Transform 154
Transform: AffineTransform_float_3_3
Parameters: 0.999999 -0.000613058 0.00113713 0.000615525 0.999997 -0.00206936 -0.00113641 0.00207001 0.999997 0.0284832 0.0122409 0.118816
FixedParameters: 0 0 0

#Transform 155
Transform: AffineTransform_float_3_3
Parameters: 0.999999 -0.000702731 0.00109605 0.000705004 0.999996 -0.00250882 -0.00109425 0.00250959 0.999997 0.0348002 0.0407535 0.13952
FixedParameters: 0 0 0

#Transform 156
Transform: AffineTransform_float_3_3
Parameters: 0.999999 -0.000771318 0.00126499 0.000775426 0.999994 -0.00333855 -0.00126252 0.00333942 0.999993 0.0255804 0.0565799 0.13427
FixedParameters: 0 0 0

#Transform 157
Transform: AffineTransform_float_3_3
Parameters: 0.999999 -0.000288521 0.00076282 0.000290289 0.999995 -0.00318279 -0.000761828 0.00318314 0.999994 0.0351953 0.0493129 0.13383
FixedParameters: 0 0 0

#Transform 158
Transform: AffineTransform_float_3_3
Parameters: 0.999999 -0.000965383 0.000866909 0.000967017 0.999997 -0.00224373 -0.00086438 0.00224535 0.999997 0.0399902 0.0255946 0.16511
FixedParameters: 0 0 0

#Transform 159
Transform: AffineTransform_float_3_3
Parameters: 1 -0.000715183 0.000831377 0.000716439 0.999998 -0.00211098 -0.000830163 0.00211211 0.999998 0.0387901 0.0239418 0.215557
FixedParameters: 0 0 0

#Transform 160
Transform: AffineTransform_float_3_3
Parameters: 0.999999 -0.000515224 0.000689629 0.000516626 0.999996 -0.00254573 -0.000687879 0.00254638 0.999996 0.0396944 0.0426699 0.166894
FixedParameters: 0 0 0

#Transform 161
Transform: AffineTransform_float_3_3
Parameters: 1 -0.000269936 0.000309144 0.000270317 0.999997 -0.002422 -0.000308854 0.00242213 0.999997 0.0477812 0.0321885 0.191861
FixedParameters: 0 0 0

#Transform 162
Transform: AffineTransform_float_3_3
Parameters: 0.999999 -0.00073877 0.000383047 0.000740421 0.999997 -0.00229251 -0.000380826 0.00229211 0.999998 0.0495268 -0.0355842 0.250852
FixedParameters: 0 0 0

#Transform 163
Transform: AffineTransform_float_3_3
Parameters: 0.999999 -0.000755116 0.000511195 0.000756018 0.999995 -0.00307764 -0.000508524 0.00307835 0.999995 0.0466351 -0.0175774 0.210403
FixedParameters: 0 0 0

#Transform 164
Transform: AffineTransform_float_3_3
Parameters: 0.999999 -0.000326759 0.000785819 0.000329115 0.999996 -0.00282053 -0.000784914 0.00282002 0.999996 0.034268 0.0359592 0.160081
FixedParameters: 0 0 0

#Transform 165
Transform: AffineTransform_float_3_3
Parameters: 0.999999 -0.000381918 0.0007915 0.000383898 0.999995 -0.00320212 -0.000789898 0.00320264 0.999994 0.0333214 0.0453633 0.209294
FixedParameters: 0 0 0

#Transform 166
Transform: AffineTransform_float_3_3
Parameters: 0.999999 -0.000974119 0.000881144 0.000976513 0.999996 -0.00263765 -0.000877863 0.0026393 0.999996 0.0376755 0.0166014 0.229269
FixedParameters: 0 0 0

#Transform 167
Transform: AffineTransform_float_3_3
Parameters: 1 -0.000590696 0.00103811 0.00059384 0.999995 -0.00306038 -0.00103628 0.00306056 0.999995 0.0283901 0.00932923 0.208562
FixedParameters: 0 0 0

#Transform 168
Transform: AffineTransform_float_3_3
Parameters: 0.999999 -0.000340557 0.000789163 0.00034255 0.999996 -0.00260293 -0.000788317 0.00260369 0.999997 0.0324058 0.013485 0.233481
FixedParameters: 0 0 0

#Transform 169
Transform: AffineTransform_float_3_3
Parameters: 0.999999 -0.000969858 0.000881398 0.000971991 0.999997 -0.00248385 -0.000878383 0.00248522 0.999996 0.0376012 0.0248692 0.232873
FixedParameters: 0 0 0

#Transform 170
Transform: AffineTransform_float_3_3
Parameters: 0.999999 -0.000669728 0.000834204 0.000672661 0.999995 -0.00308667 -0.000832051 0.00308677 0.999995 0.0361458 0.0829046 0.190458
FixedParameters: 0 0 0

#Transform 171
Transform: AffineTransform_float_3_3
Parameters: 1 -0.000397386 0.000901349 0.000400328 0.999996 -0.0028017 -0.000899991 0.00280236 0.999995 0.0304976 -0.045932 0.197359
FixedParameters: 0 0 0

#Transform 172
Transform: AffineTransform_float_3_3
Parameters: 1 -0.000756778 0.000793438 0.000758836 0.999994 -0.00342423 -0.000791074 0.00342534 0.999994 0.0383378 0.145556 0.201359
FixedParameters: 0 0 0

#Transform 173
Transform: AffineTransform_float_3_3
Parameters: 0.999999 -0.000229727 0.000722285 0.000231208 0.999997 -0.00248312 -0.000722017 0.0024834 0.999996 0.0332698 -0.0435477 0.223548
FixedParameters: 0 0 0

#Transform 174
Transform: AffineTransform_float_3_3
Parameters: 0.999999 -0.000678021 0.00138359 0.000682958 0.999993 -0.00371056 -0.00138121 0.00371161 0.999992 0.0104357 0.100632 0.170356
FixedParameters: 0 0 0

#Transform 175
Transform: AffineTransform_float_3_3
Parameters: 0.999998 -0.000943714 0.00142447 0.000949981 0.99999 -0.0044531 -0.00141974 0.0044537 0.999989 0.0211193 0.092647 0.180521
FixedParameters: 0 0 0

#Transform 176
Transform: AffineTransform_float_3_3
Parameters: 0.999998 -0.000977997 0.00177384 0.000986456 0.999989 -0.0045225 -0.00176949 0.00452509 0.999988 -0.00224684 0.0843306 0.17262
FixedParameters: 0 0 0

#Transform 177
Transform: AffineTransform_float_3_3
Parameters: 0.999997 -0.000918036 0.00209591 0.000927712 0.999988 -0.00482081 -0.00209124 0.00482302 0.999986 0.000251061 0.0184544 0.157268
FixedParameters: 0 0 0

#Transform 178
Transform: AffineTransform_float_3_3
Parameters: 0.999997 -0.00109399 0.00192186 0.00110278 0.999987 -0.00480331 -0.00191661 0.00480562 0.999986 0.00786998 0.0421056 0.159271
FixedParameters: 0 0 0

#Transform 179
Transform: AffineTransform_float_3_3
Parameters: 0.999997 -0.00114714 0.00212811 0.00115824 0.999986 -0.00514007 -0.00212248 0.00514207 0.999984 0.00217885 0.0928039 0.158971
FixedParameters: 0 0 0

#Transform 180
Transform: AffineTransform_float_3_3
Parameters: 0.999998 -0.000897696 0.00167239 0.000903838 0.999991 -0.00409761 -0.00166944 0.00409877 0.999991 0.0277023 0.132504 -0.0427755
FixedParameters: 0 0 0

#Transform 181
Transform: AffineTransform_float_3_3
Parameters: 0.999998 4.38137e-06 0.00195825 6.36016e-06 0.999988 -0.00504181 -0.00195869 0.00504211 0.999986 0.026304 0.128785 -0.319624
FixedParameters: 0 0 0

#Transform 182
Transform: AffineTransform_float_3_3
Parameters: 0.999999 -0.000149257 0.00143402 0.000154106 0.999994 -0.00345941 -0.0014336 0.00345998 0.999993 0.0312401 0.0664981 -0.094233
FixedParameters: 0 0 0

#Transform 183
Transform: AffineTransform_float_3_3
Parameters: 0.999999 -0.000102495 0.00150656 0.000109954 0.999989 -0.0047975 -0.00150623 0.00479694 0.999988 0.0324157 0.104606 -0.0847048
FixedParameters: 0 0 0

#Transform 184
Transform: AffineTransform_float_3_3
Parameters: 0.999999 -0.000484958 0.00170711 0.000494097 0.999986 -0.00538867 -0.00170433 0.0053894 0.999984 0.0231726 0.128784 -0.0903078
FixedParameters: 0 0 0

#Transform 185
Transform: AffineTransform_float_3_3
Parameters: 0.999998 -0.000584828 0.00158749 0.000591795 0.999991 -0.00418191 -0.00158521 0.00418293 0.99999 0.0317956 0.0776197 -0.0460827
FixedParameters: 0 0 0

#Transform 186
Transform: AffineTransform_float_3_3
Parameters: 0.999999 -0.000917544 0.00163003 0.000925007 0.999989 -0.00460813 -0.00162608 0.00460928 0.999988 0.03862 0.0596242 -0.0346871
FixedParameters: 0 0 0

#Transform 187
Transform: AffineTransform_float_3_3
Parameters: 0.999998 -0.000621007 0.00158426 0.000629282 0.999988 -0.00495227 -0.00158173 0.00495308 0.999986 0.0392427 0.0955648 -0.0306605
FixedParameters: 0 0 0

#Transform 188
Transform: AffineTransform_float_3_3
Parameters: 0.999997 -0.000869586 0.0020437 0.00087995 0.999987 -0.00510846 -0.00203905 0.0051101 0.999985 0.0296686 0.0883568 -0.0354618
FixedParameters: 0 0 0

#Transform 189
Transform: AffineTransform_float_3_3
