# transform file /out/sourcedata/freesurfer/sub-v2s13x29121_ses-1/mri/transforms/cc_up.lta
# created by oesteban on Wed Mar 11 06:09:16 2026

type      = 0 # LINEAR_VOX_TO_VOX
nxforms   = 1
mean      = 130.0000 142.0000 122.0000
sigma     = 10000.0000
1 4 4
9.999417066574097e-01 6.952271331101656e-03 8.263862691819668e-03 -4.298706531524658e+00 
-6.952033843845129e-03 9.999758601188660e-01 -5.745400267187506e-05 6.916847705841064e+00 
-8.264062926173210e-03 0.000000000000000e+00 9.999659061431885e-01 1.908262634277344e+01 
0.000000000000000e+00 0.000000000000000e+00 0.000000000000000e+00 1.000000000000000e+00 
src volume info
valid = 1  # volume info valid
filename = /out/sourcedata/freesurfer/sub-v2s13x29121_ses-1/mri/norm.mgz
volume = 256 256 256
voxelsize = 8.984374403953552e-01 8.984374403953552e-01 8.984374403953552e-01
xras   = -1.000000119209290e+00 -1.336245558647420e-10 -2.267568216529625e-10
yras   = -4.859074601015756e-11 1.658564130480045e-08 -1.000000119209290e+00
zras   = -3.968244344232374e-10 1.000000119209290e+00 1.658564130480045e-08
cras   = 2.106452941894531e+00 5.552955627441406e+00 2.092040252685547e+01
dst volume info
valid = 1  # volume info valid
filename = /out/sourcedata/freesurfer/sub-v2s13x29121_ses-1/mri/norm.mgz
volume = 256 256 256
voxelsize = 8.984374403953552e-01 8.984374403953552e-01 8.984374403953552e-01
xras   = -1.000000119209290e+00 -1.336245558647420e-10 -2.267568216529625e-10
yras   = -4.859074601015756e-11 1.658564130480045e-08 -1.000000119209290e+00
zras   = -3.968244344232374e-10 1.000000119209290e+00 1.658564130480045e-08
cras   = 2.106452941894531e+00 5.552955627441406e+00 2.092040252685547e+01
