# transform file transforms/talairach.lta
# created by oesteban on Wed Mar 11 04:43:30 2026

type      = 0 # LINEAR_VOX_TO_VOX
nxforms   = 1
mean      = 130.0000 143.0000 122.0000
sigma     = 10000.0000
1 4 4
9.434834122657776e-01 2.005573920905590e-02 -6.489130668342113e-03 1.017607688903809e+00 
-1.398261636495590e-02 9.951516985893250e-01 3.467277586460114e-01 -5.424799728393555e+01 
1.395385805517435e-02 -2.965540587902069e-01 8.148741722106934e-01 5.051015472412109e+01 
0.000000000000000e+00 0.000000000000000e+00 0.000000000000000e+00 1.000000000000000e+00 
src volume info
valid = 1  # volume info valid
filename = nu.mgz
volume = 256 256 256
voxelsize = 8.984374403953552e-01 8.984374403953552e-01 8.984374403953552e-01
xras   = -1.000000119209290e+00 -1.336245558647420e-10 -2.267568216529625e-10
yras   = -4.859074601015756e-11 1.658564130480045e-08 -1.000000119209290e+00
zras   = -3.968244344232374e-10 1.000000119209290e+00 1.658564130480045e-08
cras   = 2.106452941894531e+00 5.552955627441406e+00 2.092040252685547e+01
dst volume info
valid = 1  # volume info valid
filename = /opt/freesurfer/average/RB_all_2020-01-02.gca
volume = 256 256 256
voxelsize = 1.000000000000000e+00 1.000000000000000e+00 1.000000000000000e+00
xras   = -1.000000000000000e+00 0.000000000000000e+00 0.000000000000000e+00
yras   = 0.000000000000000e+00 0.000000000000000e+00 -1.000000000000000e+00
zras   = 0.000000000000000e+00 1.000000000000000e+00 0.000000000000000e+00
cras   = 0.000000000000000e+00 0.000000000000000e+00 0.000000000000000e+00
