type      = 1 # LINEAR_RAS_TO_RAS
nxforms   = 1
mean      = 0.0000 0.0000 0.0000
sigma     = 1.0000
1 4 4
1.101928949356079e+00 -6.047999951988459e-03 1.413000002503395e-02 4.820299893617630e-02 
-1.955400034785271e-02 9.605259895324707e-01 4.698350131511688e-01 -2.342704772949219e+01 
-4.444799944758415e-02 -3.690730035305023e-01 1.049751996994019e+00 -8.175385475158691e+00 
0.000000000000000e+00 0.000000000000000e+00 0.000000000000000e+00 1.000000000000000e+00 
src volume info
valid = 1  # volume info valid
filename = /out/sourcedata/freesurfer/sub-v2s13x29121_ses-1/mri/orig_nu.mgz
volume = 256 256 256
voxelsize = 8.984374403953552e-01 8.984374403953552e-01 8.984374403953552e-01
xras   = -1.000000119209290e+00 -1.336245558647420e-10 -2.267568216529625e-10
yras   = -4.859074601015756e-11 1.658564130480045e-08 -1.000000119209290e+00
zras   = -3.968244344232374e-10 1.000000119209290e+00 1.658564130480045e-08
cras   = 2.106452941894531e+00 5.552955627441406e+00 2.092040252685547e+01
dst volume info
valid = 1  # volume info valid
filename = /opt/freesurfer/average/mni305.cor.mgz
volume = 256 256 256
voxelsize = 1.000000000000000e+00 1.000000000000000e+00 1.000000000000000e+00
xras   = -1.000000000000000e+00 0.000000000000000e+00 0.000000000000000e+00
yras   = 0.000000000000000e+00 0.000000000000000e+00 -1.000000000000000e+00
zras   = 0.000000000000000e+00 1.000000000000000e+00 0.000000000000000e+00
cras   = 0.000000000000000e+00 0.000000000000000e+00 0.000000000000000e+00
subject fsaverage
fscale 0.100000
