type      = 0 # LINEAR_VOX_TO_VOX
nxforms   = 1
mean      = 0.0000 0.0000 0.0000
sigma     = 1.0000
1 4 4
9.900143742561340e-01 1.269492227584124e-02 5.433750804513693e-03 -3.673706054687500e+00 
-3.993375226855278e-02 9.431366324424744e-01 3.315890133380890e-01 -4.169613647460938e+01 
1.756804808974266e-02 -4.221174120903015e-01 8.629726171493530e-01 6.101647949218750e+01 
0.000000000000000e+00 0.000000000000000e+00 0.000000000000000e+00 1.000000000000000e+00 
src volume info
valid = 1  # volume info valid
filename = /out/sourcedata/freesurfer/sub-v2s13x29121_ses-1/mri/orig.mgz
volume = 256 256 256
voxelsize = 8.984374403953552e-01 8.984374403953552e-01 8.984374403953552e-01
xras   = -1.000000119209290e+00 -1.336245558647420e-10 -2.267568216529625e-10
yras   = -4.859074601015756e-11 1.658564130480045e-08 -1.000000119209290e+00
zras   = -3.968244344232374e-10 1.000000119209290e+00 1.658564130480045e-08
cras   = 2.106452941894531e+00 5.552955627441406e+00 2.092040252685547e+01
dst volume info
valid = 1  # volume info valid
filename = /opt/freesurfer/average/mni305.cor.mgz
volume = 256 256 256
voxelsize = 1.000000000000000e+00 1.000000000000000e+00 1.000000000000000e+00
xras   = -1.000000000000000e+00 0.000000000000000e+00 0.000000000000000e+00
yras   = 0.000000000000000e+00 0.000000000000000e+00 -1.000000000000000e+00
zras   = 0.000000000000000e+00 1.000000000000000e+00 0.000000000000000e+00
cras   = 0.000000000000000e+00 0.000000000000000e+00 0.000000000000000e+00
subject fsaverage
fscale 0.100000
