# transform file /out/sourcedata/freesurfer/sub-v2s13x29115_ses-1/mri/transforms/cc_up.lta
# created by oesteban on Wed Mar 11 05:53:07 2026

type      = 0 # LINEAR_VOX_TO_VOX
nxforms   = 1
mean      = 130.0000 138.0000 119.0000
sigma     = 10000.0000
1 4 4
9.990150928497314e-01 -3.946121782064438e-02 -2.029035240411758e-02 6.705579757690430e+00 
3.945307806134224e-02 9.992211461067200e-01 -8.013061014935374e-04 7.119421482086182e+00 
2.030616812407970e-02 0.000000000000000e+00 9.997938275337219e-01 1.241820430755615e+01 
0.000000000000000e+00 0.000000000000000e+00 0.000000000000000e+00 1.000000000000000e+00 
src volume info
valid = 1  # volume info valid
filename = /out/sourcedata/freesurfer/sub-v2s13x29115_ses-1/mri/norm.mgz
volume = 256 256 256
voxelsize = 8.984375000000000e-01 8.984375000000000e-01 8.984375000000000e-01
xras   = -1.000000000000000e+00 0.000000000000000e+00 8.098456800997855e-12
yras   = 0.000000000000000e+00 0.000000000000000e+00 -1.000000000000000e+00
zras   = -1.305876240476067e-10 1.000000000000000e+00 8.292819764221804e-09
cras   = 8.547973632812500e-01 3.287124633789062e+00 3.381307983398438e+01
dst volume info
valid = 1  # volume info valid
filename = /out/sourcedata/freesurfer/sub-v2s13x29115_ses-1/mri/norm.mgz
volume = 256 256 256
voxelsize = 8.984375000000000e-01 8.984375000000000e-01 8.984375000000000e-01
xras   = -1.000000000000000e+00 0.000000000000000e+00 8.098456800997855e-12
yras   = 0.000000000000000e+00 0.000000000000000e+00 -1.000000000000000e+00
zras   = -1.305876240476067e-10 1.000000000000000e+00 8.292819764221804e-09
cras   = 8.547973632812500e-01 3.287124633789062e+00 3.381307983398438e+01
