# transform file transforms/talairach.lta
# created by oesteban on Wed Mar 11 04:22:16 2026

type      = 0 # LINEAR_VOX_TO_VOX
nxforms   = 1
mean      = 130.0000 139.0000 119.0000
sigma     = 10000.0000
1 4 4
1.003622531890869e+00 -5.213393270969391e-02 6.584146060049534e-03 3.446617603302002e+00 
5.154293403029442e-02 1.002533316612244e+00 8.315632492303848e-02 -3.120385932922363e+01 
-8.355726487934589e-03 -9.560445696115494e-02 8.985975980758667e-01 1.691162681579590e+01 
0.000000000000000e+00 0.000000000000000e+00 0.000000000000000e+00 1.000000000000000e+00 
src volume info
valid = 1  # volume info valid
filename = nu.mgz
volume = 256 256 256
voxelsize = 8.984375000000000e-01 8.984375000000000e-01 8.984375000000000e-01
xras   = -1.000000000000000e+00 0.000000000000000e+00 8.098456800997855e-12
yras   = 0.000000000000000e+00 0.000000000000000e+00 -1.000000000000000e+00
zras   = -1.305876240476067e-10 1.000000000000000e+00 8.292819764221804e-09
cras   = 8.547973632812500e-01 3.287124633789062e+00 3.381307983398438e+01
dst volume info
valid = 1  # volume info valid
filename = /opt/freesurfer/average/RB_all_2020-01-02.gca
volume = 256 256 256
voxelsize = 1.000000000000000e+00 1.000000000000000e+00 1.000000000000000e+00
xras   = -1.000000000000000e+00 0.000000000000000e+00 0.000000000000000e+00
yras   = 0.000000000000000e+00 0.000000000000000e+00 -1.000000000000000e+00
zras   = 0.000000000000000e+00 1.000000000000000e+00 0.000000000000000e+00
cras   = 0.000000000000000e+00 0.000000000000000e+00 0.000000000000000e+00
