# transform file /out/sourcedata/freesurfer/sub-v2s13x29120_ses-1/mri/transforms/cc_up.lta
# created by oesteban on Wed Mar 11 05:46:00 2026

type      = 0 # LINEAR_VOX_TO_VOX
nxforms   = 1
mean      = 129.0000 141.0000 127.0000
sigma     = 10000.0000
1 4 4
9.991718530654907e-01 3.689558058977127e-02 -1.715115271508694e-02 -4.133837223052979e+00 
-3.689014539122581e-02 9.993190765380859e-01 6.332329940050840e-04 1.579875850677490e+01 
1.716283895075321e-02 -5.820765397457350e-11 9.998525977134705e-01 4.786652088165283e+00 
0.000000000000000e+00 0.000000000000000e+00 0.000000000000000e+00 1.000000000000000e+00 
src volume info
valid = 1  # volume info valid
filename = /out/sourcedata/freesurfer/sub-v2s13x29120_ses-1/mri/norm.mgz
volume = 256 256 256
voxelsize = 8.984375000000000e-01 8.984375000000000e-01 8.984375000000000e-01
xras   = -1.000000000000000e+00 0.000000000000000e+00 -2.591506176319314e-10
yras   = 0.000000000000000e+00 3.317127905688722e-08 -1.000000119209290e+00
zras   = 0.000000000000000e+00 1.000000119209290e+00 1.658563952844361e-08
cras   = -4.162292480468750e-01 -1.494094848632812e+00 2.374602508544922e+01
dst volume info
valid = 1  # volume info valid
filename = /out/sourcedata/freesurfer/sub-v2s13x29120_ses-1/mri/norm.mgz
volume = 256 256 256
voxelsize = 8.984375000000000e-01 8.984375000000000e-01 8.984375000000000e-01
xras   = -1.000000000000000e+00 0.000000000000000e+00 -2.591506176319314e-10
yras   = 0.000000000000000e+00 3.317127905688722e-08 -1.000000119209290e+00
zras   = 0.000000000000000e+00 1.000000119209290e+00 1.658563952844361e-08
cras   = -4.162292480468750e-01 -1.494094848632812e+00 2.374602508544922e+01
