type      = 0 # LINEAR_VOX_TO_VOX
nxforms   = 1
mean      = 0.0000 0.0000 0.0000
sigma     = 1.0000
1 4 4
8.914144635200500e-01 3.534004464745522e-02 -2.245914377272129e-02 1.040910339355469e+01 
-5.670308321714401e-02 9.524705410003662e-01 1.772752106189728e-01 -2.405122375488281e+01 
-4.633960872888565e-02 -1.528053283691406e-01 9.089772105216980e-01 2.239485931396484e+01 
0.000000000000000e+00 0.000000000000000e+00 0.000000000000000e+00 1.000000000000000e+00 
src volume info
valid = 1  # volume info valid
filename = /out/sourcedata/freesurfer/sub-v2s13x29120_ses-1/mri/orig.mgz
volume = 256 256 256
voxelsize = 8.984375000000000e-01 8.984375000000000e-01 8.984375000000000e-01
xras   = -1.000000000000000e+00 0.000000000000000e+00 -2.591506176319314e-10
yras   = 0.000000000000000e+00 3.317127905688722e-08 -1.000000119209290e+00
zras   = 0.000000000000000e+00 1.000000119209290e+00 1.658563952844361e-08
cras   = -4.162292480468750e-01 -1.494094848632812e+00 2.374602508544922e+01
dst volume info
valid = 1  # volume info valid
filename = /opt/freesurfer/average/mni305.cor.mgz
volume = 256 256 256
voxelsize = 1.000000000000000e+00 1.000000000000000e+00 1.000000000000000e+00
xras   = -1.000000000000000e+00 0.000000000000000e+00 0.000000000000000e+00
yras   = 0.000000000000000e+00 0.000000000000000e+00 -1.000000000000000e+00
zras   = 0.000000000000000e+00 1.000000000000000e+00 0.000000000000000e+00
cras   = 0.000000000000000e+00 0.000000000000000e+00 0.000000000000000e+00
subject fsaverage
fscale 0.100000
