type      = 1 # LINEAR_RAS_TO_RAS
nxforms   = 1
mean      = 0.0000 0.0000 0.0000
sigma     = 1.0000
1 4 4
9.921830296516418e-01 2.499799989163876e-02 3.933500126004219e-02 1.357367992401123e+00 
5.157800018787384e-02 1.011731028556824e+00 1.700789928436279e-01 -1.725222778320312e+01 
-6.311299651861191e-02 -1.973150074481964e-01 1.060140967369080e+00 -1.079344177246094e+01 
0.000000000000000e+00 0.000000000000000e+00 0.000000000000000e+00 1.000000000000000e+00 
src volume info
valid = 1  # volume info valid
filename = /out/sourcedata/freesurfer/sub-v2s13x29120_ses-1/mri/orig_nu.mgz
volume = 256 256 256
voxelsize = 8.984375000000000e-01 8.984375000000000e-01 8.984375000000000e-01
xras   = -1.000000000000000e+00 0.000000000000000e+00 -2.591506176319314e-10
yras   = 0.000000000000000e+00 3.317127905688722e-08 -1.000000119209290e+00
zras   = 0.000000000000000e+00 1.000000119209290e+00 1.658563952844361e-08
cras   = -4.162292480468750e-01 -1.494094848632812e+00 2.374602508544922e+01
dst volume info
valid = 1  # volume info valid
filename = /opt/freesurfer/average/mni305.cor.mgz
volume = 256 256 256
voxelsize = 1.000000000000000e+00 1.000000000000000e+00 1.000000000000000e+00
xras   = -1.000000000000000e+00 0.000000000000000e+00 0.000000000000000e+00
yras   = 0.000000000000000e+00 0.000000000000000e+00 -1.000000000000000e+00
zras   = 0.000000000000000e+00 1.000000000000000e+00 0.000000000000000e+00
cras   = 0.000000000000000e+00 0.000000000000000e+00 0.000000000000000e+00
subject fsaverage
fscale 0.100000
