# transform file transforms/talairach.lta
# created by oesteban on Wed Mar 11 04:37:41 2026

type      = 0 # LINEAR_VOX_TO_VOX
nxforms   = 1
mean      = 129.0000 141.0000 129.0000
sigma     = 10000.0000
1 4 4
8.608980178833008e-01 5.071527138352394e-02 -1.885817013680935e-02 8.428083419799805e+00 
-4.375434294342995e-02 9.521898627281189e-01 1.831566393375397e-01 -2.671402359008789e+01 
2.882742136716843e-02 -1.652356833219528e-01 8.669633269309998e-01 2.137791061401367e+01 
0.000000000000000e+00 0.000000000000000e+00 0.000000000000000e+00 1.000000000000000e+00 
src volume info
valid = 1  # volume info valid
filename = nu.mgz
volume = 256 256 256
voxelsize = 8.984375000000000e-01 8.984375000000000e-01 8.984375000000000e-01
xras   = -1.000000000000000e+00 0.000000000000000e+00 -2.591506176319314e-10
yras   = 0.000000000000000e+00 3.317127905688722e-08 -1.000000119209290e+00
zras   = 0.000000000000000e+00 1.000000119209290e+00 1.658563952844361e-08
cras   = -4.162292480468750e-01 -1.494094848632812e+00 2.374602508544922e+01
dst volume info
valid = 1  # volume info valid
filename = /opt/freesurfer/average/RB_all_2020-01-02.gca
volume = 256 256 256
voxelsize = 1.000000000000000e+00 1.000000000000000e+00 1.000000000000000e+00
xras   = -1.000000000000000e+00 0.000000000000000e+00 0.000000000000000e+00
yras   = 0.000000000000000e+00 0.000000000000000e+00 -1.000000000000000e+00
zras   = 0.000000000000000e+00 1.000000000000000e+00 0.000000000000000e+00
cras   = 0.000000000000000e+00 0.000000000000000e+00 0.000000000000000e+00
