#Insight Transform File V1.0
#Transform 0
Transform: AffineTransform_float_3_3
Parameters: 0.999999 0.000772827 0.000298022 -0.000774054 0.999995 0.00284682 -0.000295783 -0.00284729 0.999996 -0.0362061 -0.0257863 0.0861332
FixedParameters: 0 0 0

#Transform 1
Transform: AffineTransform_float_3_3
Parameters: 0.999999 0.000701481 -0.000172067 -0.000701313 0.999999 0.00118795 0.000172762 -0.00118771 1 -0.0549843 0.00772856 0.0600129
FixedParameters: 0 0 0

#Transform 2
Transform: AffineTransform_float_3_3
Parameters: 1 0.000626452 -0.00028652 -0.000626058 0.999999 0.00110815 0.000286937 -0.0011078 1 -0.048411 -0.00901794 0.0941949
FixedParameters: 0 0 0

#Transform 3
Transform: AffineTransform_float_3_3
Parameters: 1 0.000619574 -5.62331e-05 -0.000619554 1 0.000178498 5.64542e-05 -0.000178429 1 -0.046661 0.00319823 0.0528881
FixedParameters: 0 0 0

#Transform 4
Transform: AffineTransform_float_3_3
Parameters: 1 4.45451e-05 0.000189675 -4.44982e-05 1 -0.000123702 -0.000189686 0.000123685 1 -0.0275072 0.0469569 -0.0300857
FixedParameters: 0 0 0

#Transform 5
Transform: AffineTransform_float_3_3
Parameters: 1 3.95066e-05 0.000168158 -3.96701e-05 1 0.000486165 -0.000168119 -0.000486179 1 -0.0271145 0.0087588 -0.0146337
FixedParameters: 0 0 0

#Transform 6
Transform: AffineTransform_float_3_3
Parameters: 1 2.21277e-05 9.4276e-05 -2.21043e-05 1 -0.000124354 -9.42815e-05 0.00012435 1 -0.00674084 0.0153432 -0.00707157
FixedParameters: 0 0 0

#Transform 7
Transform: AffineTransform_float_3_3
Parameters: 1 3.71023e-05 0.000157936 -3.71854e-05 1 0.000263091 -0.000157916 -0.000263102 1 -0.00342623 -0.0115827 0.0156895
FixedParameters: 0 0 0

#Transform 8
Transform: AffineTransform_float_3_3
Parameters: 1 0.000120355 0.000241429 -0.000119862 1 0.000518681 -0.000242513 -0.000517853 0.999999 -0.00786519 0.0559294 0.0253063
FixedParameters: 0 0 0

#Transform 9
Transform: AffineTransform_float_3_3
Parameters: 1 8.08877e-05 5.58151e-05 -8.08738e-05 1 -0.000124531 -5.58353e-05 0.000124522 1 -0.0273394 0.0528696 0.01182
FixedParameters: 0 0 0

#Transform 10
Transform: AffineTransform_float_3_3
Parameters: 1 0.000131099 0.00056092 -0.00013197 0.999998 0.00163283 -0.000560717 -0.00163298 0.999998 -0.0137842 0.025556 0.0550379
FixedParameters: 0 0 0

#Transform 11
Transform: AffineTransform_float_3_3
Parameters: 1 0.000554027 0.000246725 -0.000554426 1 0.000344239 -0.000247317 -0.000344519 1 -0.00720247 0.0002871 0.0296081
FixedParameters: 0 0 0

#Transform 12
Transform: AffineTransform_float_3_3
Parameters: 1 7.60448e-06 3.22891e-05 -7.61244e-06 1 0.000123226 -3.22872e-05 -0.000123226 1 -0.0130401 0.0182763 0.0286924
FixedParameters: 0 0 0

#Transform 13
Transform: AffineTransform_float_3_3
Parameters: 1 0.000448794 3.78627e-06 -0.000448797 1 0.000430633 -3.39974e-06 -0.000430637 1 -0.0332234 0.0372697 0.0357915
FixedParameters: 0 0 0

#Transform 14
Transform: AffineTransform_float_3_3
Parameters: 1 0.000296396 -0.000124118 -0.000296243 1 -0.00030239 0.000124913 0.00030247 1 -0.0452561 0.0377011 0.0162794
FixedParameters: 0 0 0

#Transform 15
Transform: AffineTransform_float_3_3
Parameters: 1 -1.03193e-05 -4.45363e-05 1.03686e-05 1 0.000552705 4.45248e-05 -0.000552705 1 -0.0286639 0.0202007 0.0473478
FixedParameters: 0 0 0

#Transform 16
Transform: AffineTransform_float_3_3
Parameters: 1 -2.3355e-05 0.000219845 2.33342e-05 1 4.74236e-05 -0.000219848 -4.74133e-05 1 -0.0298458 0.0203569 0.0432997
FixedParameters: 0 0 0

#Transform 17
Transform: AffineTransform_float_3_3
Parameters: 1 2.78528e-05 0.000118695 -2.77851e-05 1 -0.00028519 -0.000118711 0.000285184 1 0.0166639 0.0184217 0.0211861
FixedParameters: 0 0 0

#Transform 18
Transform: AffineTransform_float_3_3
Parameters: 1 3.2424e-05 0.000401022 -3.17177e-05 1 0.000618686 -0.000400237 -0.000618708 0.999999 0.0156092 -0.0478566 0.0552473
FixedParameters: 0 0 0

#Transform 19
Transform: AffineTransform_float_3_3
Parameters: 1 5.13324e-05 0.000218609 -5.14917e-05 1 0.000364506 -0.000218572 -0.000364529 1 0.0154607 0.067519 -0.00602682
FixedParameters: 0 0 0

#Transform 20
Transform: AffineTransform_float_3_3
Parameters: 1 8.05103e-05 0.000342799 -8.04982e-05 1 -1.76612e-05 -0.000342802 1.7606e-05 1 0.00499236 0.0187642 0.00192851
FixedParameters: 0 0 0

#Transform 21
Transform: AffineTransform_float_3_3
Parameters: 1 0.000505092 0.000349272 -0.00050548 0.999999 0.000555813 -0.00034871 -0.000556166 1 -0.00967665 0.0165403 -0.00752521
FixedParameters: 0 0 0

#Transform 22
Transform: AffineTransform_float_3_3
Parameters: 1 0.000524722 7.79965e-06 -0.00052496 0.999999 0.000553762 -8.19186e-06 -0.000553776 1 -0.0152669 0.0687571 -0.0240816
FixedParameters: 0 0 0

#Transform 23
Transform: AffineTransform_float_3_3
Parameters: 1 -1.90768e-05 -8.17803e-05 1.91492e-05 1 0.000442444 8.17634e-05 -0.000442447 1 -0.00815133 0.0260212 -0.0159845
FixedParameters: 0 0 0

#Transform 24
Transform: AffineTransform_float_3_3
Parameters: 1 -0.000107442 -0.000459716 0.000108138 0.999999 0.000757794 0.000459553 -0.000757893 0.999999 0.00620197 -0.0591764 -0.00131242
FixedParameters: 0 0 0

#Transform 25
Transform: AffineTransform_float_3_3
Parameters: 1 -0.000108207 -0.000465556 0.000108738 0.999998 0.00162977 0.000465434 -0.00162987 0.999998 0.00801468 0.092163 0.00101607
FixedParameters: 0 0 0

#Transform 26
Transform: AffineTransform_float_3_3
Parameters: 0.999999 -0.000164639 -0.000705447 0.000165203 1 0.00109904 0.000705316 -0.00109927 0.999999 0.00183592 0.000895469 -0.00616854
FixedParameters: 0 0 0

#Transform 27
Transform: AffineTransform_float_3_3
Parameters: 1 -0.000142266 -0.000612747 0.000143642 0.999998 0.00193873 0.000612427 -0.0019389 0.999998 -0.00427371 -0.00625575 -0.00975284
FixedParameters: 0 0 0

#Transform 28
Transform: AffineTransform_float_3_3
Parameters: 0.999999 -1.15041e-05 -0.0012543 1.38594e-05 0.999999 0.00181174 0.00125374 -0.00181178 0.999997 -0.00297282 0.0394563 0.012844
FixedParameters: 0 0 0

#Transform 29
Transform: AffineTransform_float_3_3
Parameters: 1 -0.000137482 -0.000589964 0.000138033 0.999999 0.00130288 0.000589837 -0.00130304 0.999999 0.0148201 -0.00101538 -0.00858964
FixedParameters: 0 0 0

#Transform 30
Transform: AffineTransform_float_3_3
Parameters: 0.999998 0.00137034 0.00142551 -0.0013775 0.999989 0.00454746 -0.0014185 -0.00454917 0.999989 0.038859 0.0736471 -0.157832
FixedParameters: 0 0 0

#Transform 31
Transform: AffineTransform_float_3_3
Parameters: 0.999915 0.0033173 0.0126001 -0.00356715 0.999795 0.0199153 -0.0125322 -0.0199585 0.999723 0.339505 0.0434266 -1.17614
FixedParameters: 0 0 0

#Transform 32
Transform: AffineTransform_float_3_3
Parameters: 0.997738 -0.00479191 0.067053 0.00401494 0.999923 0.0117286 -0.0671042 -0.0114332 0.99768 2.09484 -0.309831 -2.50191
FixedParameters: 0 0 0

#Transform 33
Transform: AffineTransform_float_3_3
Parameters: 0.999624 0.00276768 0.027261 -0.00318638 0.999878 0.0152959 -0.0272157 -0.0153767 0.999512 0.908533 -0.240031 -1.90983
FixedParameters: 0 0 0

#Transform 34
Transform: AffineTransform_float_3_3
Parameters: 0.999649 0.0092534 0.0248142 -0.00977498 0.999732 0.0209978 -0.0246138 -0.0212334 0.999471 0.774464 -0.102774 -1.60021
FixedParameters: 0 0 0

#Transform 35
Transform: AffineTransform_float_3_3
Parameters: 0.999626 0.00701564 0.0264457 -0.00747515 0.999822 0.0173305 -0.0263199 -0.0175214 0.9995 0.794258 -0.0905429 -1.5485
FixedParameters: 0 0 0

#Transform 36
Transform: AffineTransform_float_3_3
Parameters: 0.999662 0.0051082 0.025495 -0.00547761 0.999882 0.0144185 -0.0254188 -0.0145529 0.999571 0.727479 -0.03922 -1.40674
FixedParameters: 0 0 0

#Transform 37
Transform: AffineTransform_float_3_3
Parameters: 0.999699 0.00469216 0.0240721 -0.00508643 0.999853 0.0163457 -0.0239918 -0.0164639 0.999577 0.660882 0.00670132 -1.34551
FixedParameters: 0 0 0

#Transform 38
Transform: AffineTransform_float_3_3
Parameters: 0.999738 0.00461755 0.0224419 -0.00497142 0.999863 0.015739 -0.0223663 -0.0158468 0.999624 0.585755 -0.0314107 -1.24424
FixedParameters: 0 0 0

#Transform 39
Transform: AffineTransform_float_3_3
Parameters: 0.999733 0.00396624 0.0227653 -0.00428642 0.999892 0.0140635 -0.0227067 -0.0141569 0.999642 0.600382 -0.00341991 -1.30426
FixedParameters: 0 0 0

#Transform 40
Transform: AffineTransform_float_3_3
Parameters: 0.999696 0.00441993 0.0242458 -0.0047669 0.999887 0.0142686 -0.02418 -0.0143804 0.999605 0.613799 -0.0582159 -1.29781
FixedParameters: 0 0 0

#Transform 41
Transform: AffineTransform_float_3_3
Parameters: 0.99971 0.00421323 0.0236956 -0.00453641 0.999898 0.0135912 -0.0236353 -0.0136951 0.999627 0.611172 0.0194766 -1.2569
FixedParameters: 0 0 0

#Transform 42
Transform: AffineTransform_float_3_3
Parameters: 0.999699 0.00480277 0.0240814 -0.00513796 0.99989 0.0138889 -0.0240123 -0.0140079 0.999614 0.58788 -0.0272779 -1.42488
FixedParameters: 0 0 0

#Transform 43
Transform: AffineTransform_float_3_3
Parameters: 0.999714 0.00403914 0.0235682 -0.00434859 0.999905 0.0130702 -0.0235129 -0.0131689 0.999637 0.592401 -0.0477512 -1.43148
FixedParameters: 0 0 0

#Transform 44
Transform: AffineTransform_float_3_3
Parameters: 0.999696 0.00402269 0.0243087 -0.00428807 0.999931 0.010905 -0.0242636 -0.0110057 0.999644 0.619155 0.00730206 -1.43322
FixedParameters: 0 0 0

#Transform 45
Transform: AffineTransform_float_3_3
Parameters: 0.999696 0.00408711 0.0243157 -0.00437711 0.99992 0.0119113 -0.0242652 -0.0120137 0.999634 0.633841 -0.129855 -1.38909
FixedParameters: 0 0 0

#Transform 46
Transform: AffineTransform_float_3_3
Parameters: 0.99971 0.0040223 0.0237428 -0.00429745 0.999924 0.0115734 -0.0236944 -0.0116719 0.999651 0.621282 -0.00741711 -1.38012
FixedParameters: 0 0 0

#Transform 47
Transform: AffineTransform_float_3_3
Parameters: 0.999714 0.00383491 0.0236045 -0.00412232 0.999918 0.0121581 -0.0235564 -0.0122519 0.999647 0.624253 -0.0825447 -1.37596
FixedParameters: 0 0 0

#Transform 48
Transform: AffineTransform_float_3_3
Parameters: 0.999692 0.00405766 0.0244658 -0.00432551 0.999931 0.0109106 -0.0244191 -0.0110122 0.999641 0.635625 -0.00591479 -1.40864
FixedParameters: 0 0 0

#Transform 49
Transform: AffineTransform_float_3_3
Parameters: 0.999693 0.00434072 0.0243847 -0.00464272 0.999913 0.0123709 -0.0243287 -0.0124807 0.999626 0.64292 -0.0625622 -1.37965
FixedParameters: 0 0 0

#Transform 50
Transform: AffineTransform_float_3_3
Parameters: 0.999693 0.00449133 0.0243767 -0.00476306 0.999928 0.0110818 -0.0243248 -0.011194 0.999642 0.651468 -0.0595445 -1.36016
FixedParameters: 0 0 0

#Transform 51
Transform: AffineTransform_float_3_3
Parameters: 0.999693 0.00441862 0.0243593 -0.00470119 0.999922 0.0115762 -0.0243063 -0.0116873 0.999636 0.651778 -0.090603 -1.34747
FixedParameters: 0 0 0

#Transform 52
Transform: AffineTransform_float_3_3
Parameters: 0.999702 0.00458542 0.0239504 -0.00484384 0.99993 0.0107618 -0.0238999 -0.0108747 0.999656 0.641573 -0.0802198 -1.33618
FixedParameters: 0 0 0

#Transform 53
Transform: AffineTransform_float_3_3
Parameters: 0.999709 0.00463708 0.0236486 -0.00490362 0.999925 0.0112082 -0.0235951 -0.0113214 0.999658 0.628964 -0.0911397 -1.31111
FixedParameters: 0 0 0

#Transform 54
Transform: AffineTransform_float_3_3
Parameters: 0.99969 0.00442162 0.0244938 -0.00470388 0.999923 0.0114671 -0.0244412 -0.0115791 0.999634 0.662955 0.0265957 -1.44517
FixedParameters: 0 0 0

#Transform 55
Transform: AffineTransform_float_3_3
Parameters: 0.999722 0.00540119 0.0229536 -0.00567678 0.999913 0.0119623 -0.0228872 -0.0120902 0.999665 0.603167 -0.0614473 -1.39299
FixedParameters: 0 0 0

#Transform 56
Transform: AffineTransform_float_3_3
Parameters: 0.999717 0.00502429 0.0232659 -0.00528959 0.999921 0.0113639 -0.0232064 -0.0114837 0.999664 0.609706 -0.091646 -1.36653
FixedParameters: 0 0 0

#Transform 57
Transform: AffineTransform_float_3_3
Parameters: 0.999697 0.0052194 0.0240904 -0.00548382 0.999925 0.0109113 -0.0240317 -0.0110396 0.99965 0.627432 -0.0737491 -1.38885
FixedParameters: 0 0 0

#Transform 58
Transform: AffineTransform_float_3_3
Parameters: 0.999698 0.00518999 0.0240261 -0.00546825 0.999919 0.0115113 -0.0239647 -0.0116397 0.999645 0.635203 -0.0275763 -1.41454
FixedParameters: 0 0 0

#Transform 59
Transform: AffineTransform_float_3_3
Parameters: 0.9997 0.00519829 0.0239398 -0.00544903 0.999931 0.0104099 -0.0238839 -0.010537 0.999659 0.635327 -0.0370576 -1.42927
FixedParameters: 0 0 0

#Transform 60
Transform: AffineTransform_float_3_3
Parameters: 0.999705 0.00506423 0.0237446 -0.00532587 0.999926 0.0109552 -0.0236872 -0.0110787 0.999658 0.647953 -0.0328223 -1.40864
FixedParameters: 0 0 0

#Transform 61
Transform: AffineTransform_float_3_3
Parameters: 0.99971 0.00503848 0.0235556 -0.00525728 0.999944 0.00924195 -0.0235081 -0.0093634 0.999679 0.641529 -0.0200631 -1.38616
FixedParameters: 0 0 0

#Transform 62
Transform: AffineTransform_float_3_3
Parameters: 0.999718 0.00502668 0.0232093 -0.0052777 0.999929 0.0107434 -0.0231536 -0.0108633 0.999673 0.603707 -0.0718181 -1.49025
FixedParameters: 0 0 0

#Transform 63
Transform: AffineTransform_float_3_3
Parameters: 0.999711 0.00502748 0.023503 -0.00534381 0.999896 0.0133889 -0.0234333 -0.0135109 0.999634 0.595804 -0.0162561 -1.645
FixedParameters: 0 0 0

#Transform 64
Transform: AffineTransform_float_3_3
Parameters: 0.999773 0.00282992 0.0211667 -0.00318336 0.999855 0.0167224 -0.0211162 -0.0167861 0.999637 0.689608 0.0459713 -1.32609
FixedParameters: 0 0 0

#Transform 65
Transform: AffineTransform_float_3_3
Parameters: 0.999794 0.00569122 0.0194944 -0.00621627 0.999617 0.0269799 -0.019333 -0.0270961 0.999446 0.495982 -0.0264508 -0.888256
FixedParameters: 0 0 0

#Transform 66
Transform: AffineTransform_float_3_3
Parameters: 0.999831 0.00537935 0.017569 -0.00587238 0.999588 0.0281275 -0.0174101 -0.0282253 0.99945 0.401405 0.084483 -0.498514
FixedParameters: 0 0 0

#Transform 67
Transform: AffineTransform_float_3_3
Parameters: 0.99984 0.0045175 0.0173201 -0.00494516 0.999682 0.0247279 -0.0172027 -0.0248094 0.999544 0.459955 0.0321765 -0.867938
FixedParameters: 0 0 0

#Transform 68
Transform: AffineTransform_float_3_3
Parameters: 0.999803 0.00532062 0.0190897 -0.00576604 0.999711 0.0233414 -0.0189607 -0.0234473 0.999546 0.442165 -0.10787 -0.846645
FixedParameters: 0 0 0

#Transform 69
Transform: AffineTransform_float_3_3
Parameters: 0.999715 0.00692245 0.0228463 -0.00744646 0.999709 0.0229378 -0.0226811 -0.0231014 0.999475 0.439328 0.122703 -0.99841
FixedParameters: 0 0 0

#Transform 70
Transform: AffineTransform_float_3_3
Parameters: 0.999932 0.00831059 0.0081706 -0.00855669 0.999496 0.0305983 -0.00791265 -0.0306658 0.999498 -0.0869476 0.127108 -1.5362
FixedParameters: 0 0 0

#Transform 71
Transform: AffineTransform_float_3_3
Parameters: 0.999845 0.017052 0.00445156 -0.0171565 0.999545 0.0247939 -0.00402639 -0.024866 0.999683 0.0370485 0.10733 -1.01616
FixedParameters: 0 0 0

#Transform 72
Transform: AffineTransform_float_3_3
Parameters: 0.999891 0.0145471 0.00247984 -0.0146096 0.999507 0.0277814 -0.00207415 -0.027815 0.999611 -0.067588 0.0790843 -0.672397
FixedParameters: 0 0 0

#Transform 73
Transform: AffineTransform_float_3_3
Parameters: 0.999908 0.011976 0.00631944 -0.0121659 0.999448 0.030917 -0.00594499 -0.0309916 0.999502 0.0343115 0.233339 -1.19443
FixedParameters: 0 0 0

#Transform 74
Transform: AffineTransform_float_3_3
Parameters: 0.999974 0.00703829 0.00200757 -0.00711212 0.999181 0.0398201 -0.00172584 -0.0398332 0.999204 0.177022 0.0665343 -0.893462
FixedParameters: 0 0 0

#Transform 75
Transform: AffineTransform_float_3_3
Parameters: 0.999965 0.0064575 0.0052645 -0.00659977 0.999602 0.0274362 -0.00508555 -0.0274698 0.999609 0.197868 0.0781681 -1.04287
FixedParameters: 0 0 0

#Transform 76
Transform: AffineTransform_float_3_3
Parameters: 0.999964 0.00689325 0.00478286 -0.00702585 0.999576 0.0282595 -0.00458608 -0.0282922 0.999589 0.169876 0.0611144 -1.14651
FixedParameters: 0 0 0

#Transform 77
Transform: AffineTransform_float_3_3
Parameters: 0.999934 0.00805743 0.00819853 -0.0081693 0.999872 0.0137561 -0.00808692 -0.0138225 0.999872 0.309867 0.0702295 -2.18833
FixedParameters: 0 0 0

#Transform 78
Transform: AffineTransform_float_3_3
Parameters: 0.999967 0.00649245 0.00492621 -0.00660548 0.999707 0.0232645 -0.00477338 -0.023297 0.999717 0.183915 -0.0243753 -1.11496
FixedParameters: 0 0 0

#Transform 79
Transform: AffineTransform_float_3_3
Parameters: 0.99992 0.00798613 0.00974689 -0.00822149 0.999668 0.0244295 -0.00954818 -0.0245075 0.999654 0.215472 0.216721 -1.35323
FixedParameters: 0 0 0

#Transform 80
Transform: AffineTransform_float_3_3
Parameters: 0.999905 0.00812036 0.0111606 -0.00836859 0.999714 0.0223647 -0.0109761 -0.0224563 0.999687 0.251414 0.11556 -1.42372
FixedParameters: 0 0 0

#Transform 81
Transform: AffineTransform_float_3_3
Parameters: 0.9999 0.00826458 0.0114347 -0.00850712 0.999737 0.0213203 -0.011256 -0.0214156 0.999707 0.282913 0.109157 -1.45662
FixedParameters: 0 0 0

#Transform 82
Transform: AffineTransform_float_3_3
Parameters: 0.999894 0.00824421 0.0120122 -0.00848261 0.999766 0.0198983 -0.0118458 -0.0199983 0.999729 0.288891 0.107777 -1.36166
FixedParameters: 0 0 0

#Transform 83
Transform: AffineTransform_float_3_3
Parameters: 0.999884 0.00851284 0.0125786 -0.00876233 0.999764 0.0198819 -0.0124072 -0.0199898 0.999724 0.300775 0.102895 -1.35783
FixedParameters: 0 0 0

#Transform 84
Transform: AffineTransform_float_3_3
Parameters: 0.999889 0.00864773 0.0121282 -0.00887685 0.999782 0.0189167 -0.0119618 -0.0190224 0.999747 0.298664 0.0941727 -1.30086
FixedParameters: 0 0 0

#Transform 85
Transform: AffineTransform_float_3_3
Parameters: 0.999903 0.00806607 0.0113694 -0.00828081 0.999784 0.0190128 -0.0112137 -0.0191058 0.999754 0.258572 0.0580217 -1.27947
FixedParameters: 0 0 0

#Transform 86
Transform: AffineTransform_float_3_3
Parameters: 0.999892 0.00812761 0.0122407 -0.00835199 0.999796 0.0184152 -0.0120894 -0.0185161 0.999756 0.256763 0.104674 -1.31326
FixedParameters: 0 0 0

#Transform 87
Transform: AffineTransform_float_3_3
Parameters: 0.999888 0.0079627 0.0126774 -0.00819351 0.999799 0.0182889 -0.0125285 -0.0183907 0.999752 0.286265 0.0660195 -1.26122
FixedParameters: 0 0 0

#Transform 88
Transform: AffineTransform_float_3_3
Parameters: 0.999886 0.00793539 0.0128129 -0.00816323 0.999807 0.0178815 -0.0126689 -0.0179838 0.999758 0.302138 0.0514107 -1.27588
FixedParameters: 0 0 0

#Transform 89
Transform: AffineTransform_float_3_3
Parameters: 0.99988 0.00806424 0.013247 -0.00830489 0.9998 0.0182037 -0.0130975 -0.0183117 0.999747 0.303984 0.0195195 -1.29092
FixedParameters: 0 0 0

#Transform 90
Transform: AffineTransform_float_3_3
Parameters: 0.999872 0.00813266 0.0138246 -0.00838244 0.999801 0.0181325 -0.013675 -0.0182466 0.99974 0.323978 0.0559293 -1.27449
FixedParameters: 0 0 0

#Transform 91
Transform: AffineTransform_float_3_3
Parameters: 0.999883 0.00816347 0.0129435 -0.00838745 0.999814 0.017365 -0.0127988 -0.0174716 0.999766 0.307738 0.0769504 -1.2443
FixedParameters: 0 0 0

#Transform 92
Transform: AffineTransform_float_3_3
Parameters: 0.999881 0.00785361 0.013294 -0.00808371 0.999816 0.0173696 -0.0131552 -0.0174749 0.999761 0.319282 0.0409089 -1.24189
FixedParameters: 0 0 0

#Transform 93
Transform: AffineTransform_float_3_3
Parameters: 0.999881 0.00775129 0.0133155 -0.00798659 0.999812 0.0176828 -0.0131762 -0.0177867 0.999755 0.326874 0.081304 -1.24105
FixedParameters: 0 0 0

#Transform 94
Transform: AffineTransform_float_3_3
Parameters: 0.999881 0.00770997 0.0133273 -0.00792659 0.999836 0.0163025 -0.0131991 -0.0164061 0.999778 0.330007 0.0534046 -1.2894
FixedParameters: 0 0 0

#Transform 95
Transform: AffineTransform_float_3_3
Parameters: 0.999882 0.00785684 0.0132149 -0.00809002 0.999811 0.0177202 -0.0130732 -0.0178252 0.999756 0.332704 0.0720171 -1.27977
FixedParameters: 0 0 0

#Transform 96
Transform: AffineTransform_float_3_3
Parameters: 0.999878 0.00797768 0.0134294 -0.00821348 0.999812 0.017599 -0.0132868 -0.0177076 0.999755 0.320586 0.0875667 -1.33168
FixedParameters: 0 0 0

#Transform 97
Transform: AffineTransform_float_3_3
Parameters: 0.999884 0.00762765 0.0132486 -0.00786425 0.999808 0.0179405 -0.0131094 -0.0180418 0.999752 0.342008 0.0345717 -1.29865
FixedParameters: 0 0 0

#Transform 98
Transform: AffineTransform_float_3_3
Parameters: 0.999882 0.00758567 0.0133784 -0.00781909 0.999816 0.0174891 -0.0132436 -0.0175918 0.999757 0.333349 0.0620715 -1.25934
FixedParameters: 0 0 0

#Transform 99
Transform: AffineTransform_float_3_3
Parameters: 0.999884 0.00747811 0.0132812 -0.00771434 0.999811 0.0178054 -0.0131449 -0.0179059 0.999753 0.327148 0.0775414 -1.24442
FixedParameters: 0 0 0

#Transform 100
Transform: AffineTransform_float_3_3
Parameters: 0.999876 0.00758186 0.0137756 -0.0078261 0.999812 0.017739 -0.0136382 -0.0178451 0.999747 0.330973 0.0577867 -1.25615
FixedParameters: 0 0 0

#Transform 101
Transform: AffineTransform_float_3_3
Parameters: 0.999886 0.00788176 0.0128313 -0.00812693 0.999781 0.0192483 -0.0126764 -0.0193502 0.999733 0.304383 0.122464 -1.22139
FixedParameters: 0 0 0

#Transform 102
Transform: AffineTransform_float_3_3
Parameters: 0.999898 0.00773434 0.0119744 -0.00796226 0.999785 0.0191224 -0.0118241 -0.0192153 0.999745 0.297247 0.0541989 -1.24065
FixedParameters: 0 0 0

#Transform 103
Transform: AffineTransform_float_3_3
Parameters: 0.999905 0.00699986 0.0118578 -0.00721164 0.999813 0.0179429 -0.0117296 -0.0180264 0.999769 0.319474 0.0627912 -1.24731
FixedParameters: 0 0 0

#Transform 104
Transform: AffineTransform_float_3_3
Parameters: 0.999906 0.00721092 0.0116209 -0.00741311 0.99982 0.0174489 -0.0114932 -0.0175337 0.99978 0.318507 0.0482402 -1.24115
FixedParameters: 0 0 0

#Transform 105
Transform: AffineTransform_float_3_3
Parameters: 0.999891 0.00743265 0.0127616 -0.0076682 0.999799 0.0184977 -0.0126215 -0.0185937 0.999747 0.337918 0.058993 -1.30388
FixedParameters: 0 0 0

#Transform 106
Transform: AffineTransform_float_3_3
Parameters: 0.999892 0.00745009 0.0126433 -0.00768325 0.999799 0.0185003 -0.0125021 -0.0185945 0.999749 0.326188 0.0857231 -1.33997
FixedParameters: 0 0 0

#Transform 107
Transform: AffineTransform_float_3_3
Parameters: 0.999889 0.00766683 0.0127356 -0.00788317 0.999825 0.0169668 -0.0126031 -0.0170658 0.999775 0.313881 0.0152573 -1.32352
FixedParameters: 0 0 0

#Transform 108
Transform: AffineTransform_float_3_3
Parameters: 0.999896 0.0075863 0.0122432 -0.00779611 0.999823 0.0171348 -0.0121105 -0.017229 0.999778 0.319431 0.101777 -1.27783
FixedParameters: 0 0 0

#Transform 109
Transform: AffineTransform_float_3_3
Parameters: 0.999953 0.00667548 0.00703633 -0.00674945 0.999922 0.0105211 -0.00696475 -0.0105687 0.99992 0.145836 0.0199044 -0.383586
FixedParameters: 0 0 0

#Transform 110
Transform: AffineTransform_float_3_3
Parameters: 0.999958 0.00593412 0.00711589 -0.00600998 0.999926 0.0106283 -0.00705279 -0.0106705 0.999918 0.0681848 0.0629658 -0.455732
FixedParameters: 0 0 0

#Transform 111
Transform: AffineTransform_float_3_3
Parameters: 0.999957 0.006143 0.00686235 -0.0062333 0.999892 0.0132574 -0.00678024 -0.0132987 0.999889 0.0909519 0.100429 -0.543542
FixedParameters: 0 0 0

#Transform 112
Transform: AffineTransform_float_3_3
Parameters: 0.999953 0.0060357 0.00758959 -0.0061269 0.999909 0.0120547 -0.00751576 -0.0121007 0.999898 0.110518 0.0835253 -0.628074
FixedParameters: 0 0 0

#Transform 113
Transform: AffineTransform_float_3_3
Parameters: 0.99995 0.00618756 0.00780988 -0.00628875 0.999897 0.0129041 -0.00772878 -0.0129526 0.999886 0.112207 0.0213782 -0.602654
FixedParameters: 0 0 0

#Transform 114
Transform: AffineTransform_float_3_3
Parameters: 0.999966 0.00611919 0.00553265 -0.00619152 0.999896 0.0130176 -0.00545172 -0.0130519 0.9999 0.109887 0.0760811 -0.580213
FixedParameters: 0 0 0

#Transform 115
Transform: AffineTransform_float_3_3
Parameters: 0.999945 0.00647917 0.00833293 -0.00658802 0.999894 0.0130409 -0.00824739 -0.0130954 0.99988 0.139861 0.0996909 -0.608959
FixedParameters: 0 0 0

#Transform 116
Transform: AffineTransform_float_3_3
Parameters: 0.999946 0.00630392 0.00825392 -0.00640426 0.999905 0.0121873 -0.00817702 -0.0122396 0.999891 0.133769 0.0355203 -0.612904
FixedParameters: 0 0 0

#Transform 117
Transform: AffineTransform_float_3_3
Parameters: 0.999945 0.00601847 0.0085595 -0.00611821 0.999913 0.0116544 -0.00848759 -0.0117057 0.999895 0.144538 0.0781685 -0.664414
FixedParameters: 0 0 0

#Transform 118
Transform: AffineTransform_float_3_3
Parameters: 0.999942 0.00644397 0.0085748 -0.00655319 0.999897 0.0127918 -0.00849074 -0.0128466 0.999881 0.158789 0.093862 -0.691561
FixedParameters: 0 0 0

#Transform 119
Transform: AffineTransform_float_3_3
Parameters: 0.9999 0.00897613 0.0109053 -0.00916227 0.999811 0.0171464 -0.0107497 -0.0172444 0.999794 0.283415 0.116112 -0.718474
FixedParameters: 0 0 0

#Transform 120
Transform: AffineTransform_float_3_3
Parameters: 0.999912 0.00185407 0.013103 -0.00209935 0.999822 0.0187885 -0.0130661 -0.0188142 0.999738 0.443601 0.132375 -0.980322
FixedParameters: 0 0 0

#Transform 121
Transform: AffineTransform_float_3_3
Parameters: 0.999853 0.00717698 0.0156069 -0.00749421 0.999765 0.0203013 -0.0154577 -0.020415 0.999672 0.234155 0.096167 -1.26278
FixedParameters: 0 0 0

#Transform 122
Transform: AffineTransform_float_3_3
Parameters: 0.999875 0.00491091 0.0150585 -0.00522066 0.999774 0.0206104 -0.0149542 -0.0206859 0.999675 0.443318 0.0774934 -1.31172
FixedParameters: 0 0 0

#Transform 123
Transform: AffineTransform_float_3_3
Parameters: 0.999829 0.00317413 0.0181708 -0.00350797 0.999824 0.0183735 -0.0181088 -0.0184343 0.999666 0.442764 0.0472602 -2.01464
FixedParameters: 0 0 0

#Transform 124
Transform: AffineTransform_float_3_3
Parameters: 0.999842 0.00512677 0.0170516 -0.00543563 0.999821 0.0180944 -0.0169562 -0.0181837 0.99969 0.363906 0.504225 -2.03261
FixedParameters: 0 0 0

#Transform 125
Transform: AffineTransform_float_3_3
Parameters: 0.999957 0.0038993 0.00844545 -0.00397945 0.999947 0.00951467 -0.00840788 -0.00954839 0.999919 0.188541 0.0841062 -0.272815
FixedParameters: 0 0 0

#Transform 126
Transform: AffineTransform_float_3_3
Parameters: 0.999938 0.00576281 0.00949322 -0.00587353 0.999914 0.0116972 -0.00942528 -0.0117516 0.999886 0.192692 0.0799455 -0.795622
FixedParameters: 0 0 0

#Transform 127
Transform: AffineTransform_float_3_3
Parameters: 0.999923 0.00620616 0.0108218 -0.0063212 0.999923 0.0106641 -0.0107553 -0.0107324 0.999884 0.252516 0.154317 -0.905815
FixedParameters: 0 0 0

#Transform 128
Transform: AffineTransform_float_3_3
Parameters: 0.999926 0.00581001 0.0106737 -0.00592636 0.999923 0.0109507 -0.0106096 -0.0110128 0.999883 0.270155 0.117416 -0.911562
FixedParameters: 0 0 0

#Transform 129
Transform: AffineTransform_float_3_3
Parameters: 0.999906 0.00642198 0.0120748 -0.00655887 0.999914 0.0113406 -0.0120007 -0.011418 0.999863 0.31385 0.104572 -0.897905
FixedParameters: 0 0 0

#Transform 130
Transform: AffineTransform_float_3_3
Parameters: 0.999892 0.00602501 0.0134606 -0.00615911 0.999932 0.00994729 -0.0134006 -0.0100285 0.99986 0.382119 0.120753 -0.901581
FixedParameters: 0 0 0

#Transform 131
Transform: AffineTransform_float_3_3
Parameters: 0.999909 0.00569871 0.0121722 -0.00585346 0.999902 0.012739 -0.0120983 -0.012809 0.999845 0.359731 0.127722 -0.812625
FixedParameters: 0 0 0

#Transform 132
Transform: AffineTransform_float_3_3
Parameters: 0.999893 0.00598431 0.0133342 -0.00612805 0.999923 0.010796 -0.0132681 -0.010876 0.999852 0.349248 0.0845099 -0.793712
FixedParameters: 0 0 0

#Transform 133
Transform: AffineTransform_float_3_3
Parameters: 0.99989 0.00581857 0.0136057 -0.00595609 0.999931 0.0100993 -0.0135457 -0.0101799 0.999856 0.33433 0.0772353 -0.845309
FixedParameters: 0 0 0

#Transform 134
Transform: AffineTransform_float_3_3
Parameters: 0.999889 0.00627712 0.013501 -0.00642038 0.999923 0.010627 -0.0134326 -0.010713 0.999853 0.330277 0.0738113 -0.864483
FixedParameters: 0 0 0

#Transform 135
Transform: AffineTransform_float_3_3
Parameters: 0.999903 0.00587648 0.0126513 -0.0059961 0.999937 0.00948092 -0.0125956 -0.0095568 0.999875 0.356661 0.0610525 -0.852862
FixedParameters: 0 0 0

#Transform 136
Transform: AffineTransform_float_3_3
Parameters: 0.999898 0.00574148 0.0130708 -0.00585753 0.999944 0.00881641 -0.01302 -0.00889147 0.999876 0.356257 0.0701477 -0.860384
FixedParameters: 0 0 0

#Transform 137
Transform: AffineTransform_float_3_3
Parameters: 0.999899 0.00569682 0.0130272 -0.00581276 0.999944 0.00888751 -0.0129757 -0.00896267 0.999875 0.365182 0.0839823 -0.8991
FixedParameters: 0 0 0

#Transform 138
Transform: AffineTransform_float_3_3
Parameters: 0.999901 0.00544366 0.0130323 -0.00555643 0.999947 0.00860392 -0.0129843 -0.00867564 0.999878 0.346822 0.0914985 -0.913858
FixedParameters: 0 0 0

#Transform 139
Transform: AffineTransform_float_3_3
Parameters: 0.999904 0.00523347 0.0128259 -0.00533693 0.999953 0.00805566 -0.0127835 -0.00812362 0.999885 0.360673 0.0850982 -0.913888
FixedParameters: 0 0 0

#Transform 140
Transform: AffineTransform_float_3_3
Parameters: 0.999894 0.00536546 0.0134896 -0.0054915 0.999941 0.0093089 -0.0134384 -0.00938152 0.999866 0.360009 0.0625464 -0.8976
FixedParameters: 0 0 0

#Transform 141
Transform: AffineTransform_float_3_3
Parameters: 0.999895 0.00537443 0.0134674 -0.00548731 0.99995 0.00834763 -0.0134214 -0.0084205 0.999875 0.37728 0.073673 -0.883307
FixedParameters: 0 0 0

#Transform 142
Transform: AffineTransform_float_3_3
Parameters: 0.999881 0.00556989 0.0143498 -0.00569352 0.999947 0.00860781 -0.0143013 -0.00868847 0.99986 0.387522 0.0474022 -0.897588
FixedParameters: 0 0 0

#Transform 143
Transform: AffineTransform_float_3_3
Parameters: 0.99988 0.00559831 0.0144593 -0.00571988 0.999949 0.00837 -0.0144123 -0.0084518 0.99986 0.370833 0.064901 -0.918469
FixedParameters: 0 0 0

#Transform 144
Transform: AffineTransform_float_3_3
Parameters: 0.999891 0.00543811 0.0137301 -0.00554912 0.999952 0.00805798 -0.0136849 -0.00813275 0.999873 0.383604 0.0847314 -0.934373
FixedParameters: 0 0 0

#Transform 145
Transform: AffineTransform_float_3_3
Parameters: 0.999893 0.00539271 0.0135608 -0.00550874 0.999948 0.00854093 -0.0135143 -0.00861448 0.999872 0.371247 0.0517331 -0.967487
FixedParameters: 0 0 0

#Transform 146
Transform: AffineTransform_float_3_3
Parameters: 0.999881 0.00555479 0.0143488 -0.00569287 0.999938 0.00956991 -0.0142948 -0.00965035 0.999851 0.367925 0.0449945 -0.96095
FixedParameters: 0 0 0

#Transform 147
Transform: AffineTransform_float_3_3
Parameters: 0.999884 0.00529345 0.0142538 -0.00541506 0.99995 0.00850908 -0.0142085 -0.00858523 0.999862 0.376142 0.0556674 -0.947169
FixedParameters: 0 0 0

#Transform 148
Transform: AffineTransform_float_3_3
Parameters: 0.999888 0.00548019 0.0139298 -0.00559558 0.99995 0.00826537 -0.0138837 -0.00834313 0.999869 0.392172 0.0519179 -0.921454
FixedParameters: 0 0 0

#Transform 149
Transform: AffineTransform_float_3_3
Parameters: 0.999883 0.00524105 0.0144259 -0.00536066 0.999951 0.00824575 -0.0143826 -0.00832266 0.999862 0.395568 0.0653828 -0.914681
FixedParameters: 0 0 0

#Transform 150
Transform: AffineTransform_float_3_3
Parameters: 0.999887 0.00509246 0.0141044 -0.00520455 0.999955 0.00790823 -0.0140634 -0.00798053 0.999869 0.383224 0.0623131 -0.936361
FixedParameters: 0 0 0

#Transform 151
Transform: AffineTransform_float_3_3
Parameters: 0.999899 0.00482434 0.013343 -0.004919 0.999963 0.00706696 -0.0133085 -0.00713204 0.999886 0.378358 0.0516394 -0.902724
FixedParameters: 0 0 0

#Transform 152
Transform: AffineTransform_float_3_3
Parameters: 0.999892 0.00478985 0.0138593 -0.00489484 0.99996 0.00749304 -0.0138232 -0.0075597 0.999876 0.380665 0.0683873 -0.919925
FixedParameters: 0 0 0

#Transform 153
Transform: AffineTransform_float_3_3
Parameters: 0.99989 0.00482083 0.0139987 -0.00492717 0.999959 0.00753632 -0.0139621 -0.00760433 0.999874 0.375362 0.0684248 -0.918655
FixedParameters: 0 0 0

#Transform 154
Transform: AffineTransform_float_3_3
Parameters: 0.999889 0.0048523 0.0140896 -0.00494921 0.999964 0.00681637 -0.0140565 -0.00688555 0.999877 0.388333 0.0794254 -0.928714
FixedParameters: 0 0 0

#Transform 155
Transform: AffineTransform_float_3_3
Parameters: 0.999885 0.00480141 0.0144092 -0.00491016 0.99996 0.00752366 -0.0143718 -0.00759336 0.999868 0.384024 0.0601958 -0.951042
FixedParameters: 0 0 0

#Transform 156
Transform: AffineTransform_float_3_3
Parameters: 0.999898 0.00471 0.0134798 -0.00480605 0.999964 0.00705613 -0.0134461 -0.00712038 0.999884 0.379126 0.105082 -0.990388
FixedParameters: 0 0 0

#Transform 157
Transform: AffineTransform_float_3_3
Parameters: 0.99989 0.0046143 0.0140761 -0.00470277 0.999969 0.00627265 -0.0140465 -0.00633844 0.999882 0.398939 0.0981907 -1.00544
FixedParameters: 0 0 0

#Transform 158
Transform: AffineTransform_float_3_3
Parameters: 0.99989 0.00482153 0.0139997 -0.00492702 0.99996 0.00750533 -0.0139634 -0.00757335 0.999874 0.404512 0.031139 -0.969235
FixedParameters: 0 0 0

#Transform 159
Transform: AffineTransform_float_3_3
Parameters: 0.99989 0.00426718 0.0142023 -0.00436167 0.999968 0.00665275 -0.0141733 -0.0067131 0.999877 0.39555 0.0907962 -1.01176
FixedParameters: 0 0 0

#Transform 160
Transform: AffineTransform_float_3_3
Parameters: 0.999898 0.00414361 0.0136705 -0.00423655 0.999968 0.00681835 -0.0136415 -0.00687517 0.999883 0.404821 0.0731056 -0.98885
FixedParameters: 0 0 0

#Transform 161
Transform: AffineTransform_float_3_3
Parameters: 0.999888 0.00429059 0.0143038 -0.00438585 0.999968 0.00663195 -0.0142746 -0.0066943 0.999876 0.400544 0.100992 -1.02046
FixedParameters: 0 0 0

#Transform 162
Transform: AffineTransform_float_3_3
Parameters: 0.999888 0.00481144 0.0141725 -0.00491754 0.99996 0.00744447 -0.014136 -0.00751345 0.999872 0.372751 0.0792348 -1.03339
FixedParameters: 0 0 0

#Transform 163
Transform: AffineTransform_float_3_3
Parameters: 0.999858 0.00323167 0.0165085 -0.00346214 0.999897 0.013973 -0.0164609 -0.0140288 0.999766 0.576569 0.0995352 -1.03232
FixedParameters: 0 0 0

#Transform 164
Transform: AffineTransform_float_3_3
Parameters: 0.999899 0.000420934 0.0142388 -0.000760622 0.999715 0.0238818 -0.0142246 -0.0238904 0.999613 0.633335 0.112603 -1.08935
FixedParameters: 0 0 0

#Transform 165
Transform: AffineTransform_float_3_3
Parameters: 0.999689 0.0115847 0.0220814 -0.0121126 0.99964 0.0239452 -0.0217963 -0.0242048 0.99947 0.455568 0.0700231 -1.54018
FixedParameters: 0 0 0

#Transform 166
Transform: AffineTransform_float_3_3
Parameters: 0.999868 0.0144602 0.00734689 -0.0146341 0.9996 0.0241797 -0.00699474 -0.0242839 0.999681 -0.258004 0.285782 -1.57838
FixedParameters: 0 0 0

#Transform 167
Transform: AffineTransform_float_3_3
Parameters: 0.999726 0.00301729 0.0231765 -0.00335761 0.999886 0.014685 -0.0231297 -0.0147584 0.999623 0.449725 0.115955 -1.49186
FixedParameters: 0 0 0

#Transform 168
Transform: AffineTransform_float_3_3
Parameters: 0.999861 0.00507908 0.0158567 -0.00525864 0.999922 0.0113259 -0.0157981 -0.0114081 0.99981 0.416363 0.0555054 -0.734139
FixedParameters: 0 0 0

#Transform 169
Transform: AffineTransform_float_3_3
Parameters: 0.999928 0.00534346 0.0107607 -0.00544402 0.999942 0.00933179 -0.0107103 -0.00938958 0.999898 0.267078 -0.100774 0.214766
FixedParameters: 0 0 0

#Transform 170
Transform: AffineTransform_float_3_3
Parameters: 0.999955 0.00416201 0.0085855 -0.00420575 0.999978 0.00507533 -0.00856456 -0.00511113 0.99995 0.240939 0.0865019 0.0664574
FixedParameters: 0 0 0

#Transform 171
Transform: AffineTransform_float_3_3
Parameters: 0.999963 0.00431835 0.00749908 -0.00436314 0.999972 0.0060097 -0.00747299 -0.00604188 0.999954 0.210482 0.0543031 0.400021
FixedParameters: 0 0 0

#Transform 172
Transform: AffineTransform_float_3_3
Parameters: 0.999973 0.00612529 0.00416957 -0.00617829 0.999899 0.012769 -0.00409061 -0.0127945 0.999909 0.0701603 0.126509 1.22238
FixedParameters: 0 0 0

#Transform 173
Transform: AffineTransform_float_3_3
Parameters: 0.99998 0.00518118 0.0037612 -0.00521727 0.999937 0.00988199 -0.0037095 -0.00990063 0.999944 0.0684343 0.0205169 1.14372
FixedParameters: 0 0 0

#Transform 174
Transform: AffineTransform_float_3_3
Parameters: 0.999971 0.00593858 0.00457175 -0.00599077 0.999915 0.0115677 -0.00450273 -0.0115946 0.999923 0.0355034 0.107906 1.0804
FixedParameters: 0 0 0

#Transform 175
Transform: AffineTransform_float_3_3
Parameters: 0.999962 0.00620598 0.00625522 -0.00629223 0.999884 0.0138764 -0.00616888 -0.0139149 0.999884 0.0752958 0.175279 0.0652133
FixedParameters: 0 0 0

#Transform 176
Transform: AffineTransform_float_3_3
Parameters: 0.999857 0.00748358 0.015188 -0.00781877 0.999724 0.0221134 -0.0150182 -0.0222291 0.99964 0.316362 0.141842 -0.387844
FixedParameters: 0 0 0

#Transform 177
Transform: AffineTransform_float_3_3
Parameters: 0.999866 0.00788573 0.0143698 -0.00820328 0.99972 0.0221857 -0.0141909 -0.022301 0.99965 0.219029 0.163909 -0.588309
FixedParameters: 0 0 0

#Transform 178
Transform: AffineTransform_float_3_3
Parameters: 0.999875 0.00775645 0.0137166 -0.00805205 0.999734 0.0216051 -0.0135457 -0.0217127 0.999672 0.228808 0.153379 -0.507295
FixedParameters: 0 0 0

#Transform 179
Transform: AffineTransform_float_3_3
Parameters: 0.999876 0.00775202 0.0137169 -0.00805105 0.999728 0.0218994 -0.0135436 -0.0220065 0.999666 0.231541 0.167993 -0.48706
FixedParameters: 0 0 0

#Transform 180
Transform: AffineTransform_float_3_3
Parameters: 0.999876 0.00781685 0.0137018 -0.00812567 0.999711 0.0225963 -0.0135214 -0.0227055 0.999651 0.23067 0.133573 -0.494519
FixedParameters: 0 0 0

#Transform 181
Transform: AffineTransform_float_3_3
Parameters: 0.999883 0.00821557 0.0128952 -0.00849562 0.999727 0.0217708 -0.0127126 -0.0218783 0.99968 0.205684 0.204621 -0.365513
FixedParameters: 0 0 0

#Transform 182
Transform: AffineTransform_float_3_3
Parameters: 0.99988 0.00826128 0.0131004 -0.00854319 0.999729 0.0216215 -0.012918 -0.0217305 0.99968 0.215585 0.142222 -0.492567
FixedParameters: 0 0 0

#Transform 183
Transform: AffineTransform_float_3_3
Parameters: 0.999871 0.00834168 0.0136905 -0.0086764 0.999661 0.0245279 -0.0134815 -0.024643 0.999605 0.245672 0.207502 -0.786087
FixedParameters: 0 0 0

#Transform 184
Transform: AffineTransform_float_3_3
Parameters: 0.999905 0.00743616 0.0115539 -0.00767849 0.999748 0.021098 -0.0113946 -0.0211844 0.999711 0.266424 0.11997 -0.586989
FixedParameters: 0 0 0

#Transform 185
Transform: AffineTransform_float_3_3
Parameters: 0.999881 0.00840136 0.0129123 -0.00869983 0.999692 0.0232233 -0.0127132 -0.0233325 0.999647 0.225408 0.157408 -0.566376
FixedParameters: 0 0 0

#Transform 186
Transform: AffineTransform_float_3_3
Parameters: 0.99988 0.00865612 0.0128524 -0.0089556 0.999685 0.0234552 -0.012646 -0.0235676 0.999643 0.23977 0.11674 -0.57687
FixedParameters: 0 0 0

#Transform 187
Transform: AffineTransform_float_3_3
Parameters: 0.9999 0.00815051 0.0116201 -0.00840105 0.999731 0.0216368 -0.0114405 -0.0217323 0.999698 0.236338 0.203054 -0.561226
FixedParameters: 0 0 0

#Transform 188
Transform: AffineTransform_float_3_3
Parameters: 0.999883 0.00836473 0.0127442 -0.00866046 0.99969 0.0233078 -0.0125447 -0.0234158 0.999648 0.230707 0.177368 -0.722456
FixedParameters: 0 0 0

#Transform 189
Transform: AffineTransform_float_3_3
Parameters: 0.999729 0.0128314 0.0193975 -0.0134326 0.999422 0.0312169 -0.018986 -0.0314687 0.999325 0.434627 0.249402 -1.20728
FixedParameters: 0 0 0

#Transform 190
Transform: AffineTransform_float_3_3
Parameters: 0.999789 0.00930764 0.0182929 -0.00981474 0.999565 0.0278236 -0.0180258 -0.0279966 0.999445 0.295096 0.205009 -1.21302
FixedParameters: 0 0 0

#Transform 191
Transform: AffineTransform_float_3_3
Parameters: 0.999764 0.0102571 0.0191495 -0.0107748 0.999574 0.0271189 -0.0188627 -0.027319 0.999449 0.33114 0.165642 -1.22476
FixedParameters: 0 0 0

#Transform 192
Transform: AffineTransform_float_3_3
Parameters: 0.999816 0.00928016 0.0167558 -0.00966659 0.999685 0.0231359 -0.0165359 -0.0232939 0.999592 0.28278 0.237473 -0.274476
FixedParameters: 0 0 0

#Transform 193
