# transform file /out/sourcedata/freesurfer/sub-v2s13x29097_ses-1/mri/transforms/cc_up.lta
# created by oesteban on Wed Mar 11 04:55:04 2026

type      = 0 # LINEAR_VOX_TO_VOX
nxforms   = 1
mean      = 130.0000 138.0000 124.0000
sigma     = 10000.0000
1 4 4
9.971529841423035e-01 -7.437148690223694e-02 1.245060376822948e-02 7.459761619567871e+00 
7.436569035053253e-02 9.972307085990906e-01 9.285412961617112e-04 -1.397479414939880e+00 
-1.248517911881208e-02 0.000000000000000e+00 9.999221563339233e-01 9.624165534973145e+00 
0.000000000000000e+00 0.000000000000000e+00 0.000000000000000e+00 1.000000000000000e+00 
src volume info
valid = 1  # volume info valid
filename = /out/sourcedata/freesurfer/sub-v2s13x29097_ses-1/mri/norm.mgz
volume = 256 256 256
voxelsize = 8.984375000000000e-01 8.984375000000000e-01 8.984375000000000e-01
xras   = -1.000000000000000e+00 -5.183012352638627e-10 4.146409882110902e-09
yras   = 0.000000000000000e+00 8.292819764221804e-09 -1.000000119209290e+00
zras   = 5.183012352638627e-10 1.000000000000000e+00 0.000000000000000e+00
cras   = 7.215354919433594e+00 1.619415283203125e+00 3.477791595458984e+01
dst volume info
valid = 1  # volume info valid
filename = /out/sourcedata/freesurfer/sub-v2s13x29097_ses-1/mri/norm.mgz
volume = 256 256 256
voxelsize = 8.984375000000000e-01 8.984375000000000e-01 8.984375000000000e-01
xras   = -1.000000000000000e+00 -5.183012352638627e-10 4.146409882110902e-09
yras   = 0.000000000000000e+00 8.292819764221804e-09 -1.000000119209290e+00
zras   = 5.183012352638627e-10 1.000000000000000e+00 0.000000000000000e+00
cras   = 7.215354919433594e+00 1.619415283203125e+00 3.477791595458984e+01
