type      = 1 # LINEAR_RAS_TO_RAS
nxforms   = 1
mean      = 0.0000 0.0000 0.0000
sigma     = 1.0000
1 4 4
9.919130206108093e-01 -1.706299930810928e-02 -8.669699728488922e-02 -2.320327997207642e+00 
-4.255300015211105e-02 1.050258040428162e+00 1.163560003042221e-01 -2.144539642333984e+01 
1.141920015215874e-01 -1.051110029220581e-01 1.079653978347778e+00 -2.550694274902344e+01 
0.000000000000000e+00 0.000000000000000e+00 0.000000000000000e+00 1.000000000000000e+00 
src volume info
valid = 1  # volume info valid
filename = /out/sourcedata/freesurfer/sub-v2s13x29097_ses-1/mri/orig_nu.mgz
volume = 256 256 256
voxelsize = 8.984375000000000e-01 8.984375000000000e-01 8.984375000000000e-01
xras   = -1.000000000000000e+00 -5.183012352638627e-10 4.146409882110902e-09
yras   = 0.000000000000000e+00 8.292819764221804e-09 -1.000000119209290e+00
zras   = 5.183012352638627e-10 1.000000000000000e+00 0.000000000000000e+00
cras   = 7.215354919433594e+00 1.619415283203125e+00 3.477791595458984e+01
dst volume info
valid = 1  # volume info valid
filename = /opt/freesurfer/average/mni305.cor.mgz
volume = 256 256 256
voxelsize = 1.000000000000000e+00 1.000000000000000e+00 1.000000000000000e+00
xras   = -1.000000000000000e+00 0.000000000000000e+00 0.000000000000000e+00
yras   = 0.000000000000000e+00 0.000000000000000e+00 -1.000000000000000e+00
zras   = 0.000000000000000e+00 1.000000000000000e+00 0.000000000000000e+00
cras   = 0.000000000000000e+00 0.000000000000000e+00 0.000000000000000e+00
subject fsaverage
fscale 0.100000
