# transform file transforms/talairach.lta
# created by oesteban on Wed Mar 11 03:22:22 2026

type      = 0 # LINEAR_VOX_TO_VOX
nxforms   = 1
mean      = 130.0000 138.0000 124.0000
sigma     = 10000.0000
1 4 4
8.758348822593689e-01 -9.629692137241364e-02 9.197989478707314e-03 2.329092216491699e+01 
7.378300279378891e-02 1.004476547241211e+00 7.754530757665634e-02 -3.059602355957031e+01 
-1.511309109628201e-02 -7.734705507755280e-02 8.953565359115601e-01 1.144172859191895e+01 
0.000000000000000e+00 0.000000000000000e+00 0.000000000000000e+00 1.000000000000000e+00 
src volume info
valid = 1  # volume info valid
filename = nu.mgz
volume = 256 256 256
voxelsize = 8.984375000000000e-01 8.984375000000000e-01 8.984375000000000e-01
xras   = -1.000000000000000e+00 -5.183012352638627e-10 4.146409882110902e-09
yras   = 0.000000000000000e+00 8.292819764221804e-09 -1.000000119209290e+00
zras   = 5.183012352638627e-10 1.000000000000000e+00 0.000000000000000e+00
cras   = 7.215354919433594e+00 1.619415283203125e+00 3.477791595458984e+01
dst volume info
valid = 1  # volume info valid
filename = /opt/freesurfer/average/RB_all_2020-01-02.gca
volume = 256 256 256
voxelsize = 1.000000000000000e+00 1.000000000000000e+00 1.000000000000000e+00
xras   = -1.000000000000000e+00 0.000000000000000e+00 0.000000000000000e+00
yras   = 0.000000000000000e+00 0.000000000000000e+00 -1.000000000000000e+00
zras   = 0.000000000000000e+00 1.000000000000000e+00 0.000000000000000e+00
cras   = 0.000000000000000e+00 0.000000000000000e+00 0.000000000000000e+00
