type      = 0 # LINEAR_VOX_TO_VOX
nxforms   = 1
mean      = 0.0000 0.0000 0.0000
sigma     = 1.0000
1 4 4
8.911718726158142e-01 -7.789184153079987e-02 1.533003803342581e-02 2.014400482177734e+01 
1.025943681597710e-01 9.700017571449280e-01 9.443566948175430e-02 -3.407495117187500e+01 
3.823121264576912e-02 -1.045385971665382e-01 9.435912370681763e-01 -2.973327636718750e-01 
0.000000000000000e+00 0.000000000000000e+00 0.000000000000000e+00 1.000000000000000e+00 
src volume info
valid = 1  # volume info valid
filename = /out/sourcedata/freesurfer/sub-v2s13x29097_ses-1/mri/orig.mgz
volume = 256 256 256
voxelsize = 8.984375000000000e-01 8.984375000000000e-01 8.984375000000000e-01
xras   = -1.000000000000000e+00 -5.183012352638627e-10 4.146409882110902e-09
yras   = 0.000000000000000e+00 8.292819764221804e-09 -1.000000119209290e+00
zras   = 5.183012352638627e-10 1.000000000000000e+00 0.000000000000000e+00
cras   = 7.215354919433594e+00 1.619415283203125e+00 3.477791595458984e+01
dst volume info
valid = 1  # volume info valid
filename = /opt/freesurfer/average/mni305.cor.mgz
volume = 256 256 256
voxelsize = 1.000000000000000e+00 1.000000000000000e+00 1.000000000000000e+00
xras   = -1.000000000000000e+00 0.000000000000000e+00 0.000000000000000e+00
yras   = 0.000000000000000e+00 0.000000000000000e+00 -1.000000000000000e+00
zras   = 0.000000000000000e+00 1.000000000000000e+00 0.000000000000000e+00
cras   = 0.000000000000000e+00 0.000000000000000e+00 0.000000000000000e+00
subject fsaverage
fscale 0.100000
