# transform file /out/sourcedata/freesurfer/sub-v2s13x29132_ses-1/mri/transforms/cc_up.lta
# created by oesteban on Wed Mar 11 06:50:49 2026

type      = 0 # LINEAR_VOX_TO_VOX
nxforms   = 1
mean      = 131.0000 138.0000 127.0000
sigma     = 10000.0000
1 4 4
9.992245435714722e-01 -2.187704481184483e-02 -3.273415938019753e-02 3.168761730194092e+00 
2.186531573534012e-02 9.997606277465820e-01 -7.162981200963259e-04 9.262522697448730e+00 
3.274199739098549e-02 -5.820765397457350e-11 9.994637370109558e-01 2.794305086135864e+00 
0.000000000000000e+00 0.000000000000000e+00 0.000000000000000e+00 1.000000000000000e+00 
src volume info
valid = 1  # volume info valid
filename = /out/sourcedata/freesurfer/sub-v2s13x29132_ses-1/mri/norm.mgz
volume = 256 256 256
voxelsize = 8.984374403953552e-01 8.984374403953552e-01 8.984374403953552e-01
xras   = -1.000000119209290e+00 5.021043580910600e-10 6.478766134687675e-11
yras   = 6.478766134687675e-11 0.000000000000000e+00 -1.000000238418579e+00
zras   = 8.098458015304288e-11 1.000000238418579e+00 1.658564130480045e-08
cras   = 2.525291442871094e+00 -8.649185180664062e+00 4.431780242919922e+01
dst volume info
valid = 1  # volume info valid
filename = /out/sourcedata/freesurfer/sub-v2s13x29132_ses-1/mri/norm.mgz
volume = 256 256 256
voxelsize = 8.984374403953552e-01 8.984374403953552e-01 8.984374403953552e-01
xras   = -1.000000119209290e+00 5.021043580910600e-10 6.478766134687675e-11
yras   = 6.478766134687675e-11 0.000000000000000e+00 -1.000000238418579e+00
zras   = 8.098458015304288e-11 1.000000238418579e+00 1.658564130480045e-08
cras   = 2.525291442871094e+00 -8.649185180664062e+00 4.431780242919922e+01
