type      = 1 # LINEAR_RAS_TO_RAS
nxforms   = 1
mean      = 0.0000 0.0000 0.0000
sigma     = 1.0000
1 4 4
1.087278008460999e+00 2.664699964225292e-02 -2.132900059223175e-02 1.786964058876038e+00 
-1.646799966692924e-02 1.105545997619629e+00 1.093270033597946e-01 -6.626883983612061e+00 
-3.707000054419041e-03 -1.560000032186508e-01 1.095900058746338e+00 -3.713046264648438e+01 
0.000000000000000e+00 0.000000000000000e+00 0.000000000000000e+00 1.000000000000000e+00 
src volume info
valid = 1  # volume info valid
filename = /out/sourcedata/freesurfer/sub-v2s13x29132_ses-1/mri/orig_nu.mgz
volume = 256 256 256
voxelsize = 8.984374403953552e-01 8.984374403953552e-01 8.984374403953552e-01
xras   = -1.000000119209290e+00 5.021043580910600e-10 6.478766134687675e-11
yras   = 6.478766134687675e-11 0.000000000000000e+00 -1.000000238418579e+00
zras   = 8.098458015304288e-11 1.000000238418579e+00 1.658564130480045e-08
cras   = 2.525291442871094e+00 -8.649185180664062e+00 4.431780242919922e+01
dst volume info
valid = 1  # volume info valid
filename = /opt/freesurfer/average/mni305.cor.mgz
volume = 256 256 256
voxelsize = 1.000000000000000e+00 1.000000000000000e+00 1.000000000000000e+00
xras   = -1.000000000000000e+00 0.000000000000000e+00 0.000000000000000e+00
yras   = 0.000000000000000e+00 0.000000000000000e+00 -1.000000000000000e+00
zras   = 0.000000000000000e+00 1.000000000000000e+00 0.000000000000000e+00
cras   = 0.000000000000000e+00 0.000000000000000e+00 0.000000000000000e+00
subject fsaverage
fscale 0.100000
