type      = 0 # LINEAR_VOX_TO_VOX
nxforms   = 1
mean      = 0.0000 0.0000 0.0000
sigma     = 1.0000
1 4 4
9.768514037132263e-01 -1.916277781128883e-02 -2.394066937267780e-02 5.123329162597656e+00 
-3.330508014187217e-03 9.845979213714600e-01 1.401562690734863e-01 -2.831956481933594e+01 
1.479547005146742e-02 -9.822349995374680e-02 9.932641983032227e-01 1.555557250976562e-01 
0.000000000000000e+00 0.000000000000000e+00 0.000000000000000e+00 1.000000000000000e+00 
src volume info
valid = 1  # volume info valid
filename = /out/sourcedata/freesurfer/sub-v2s13x29132_ses-1/mri/orig.mgz
volume = 256 256 256
voxelsize = 8.984374403953552e-01 8.984374403953552e-01 8.984374403953552e-01
xras   = -1.000000119209290e+00 5.021043580910600e-10 6.478766134687675e-11
yras   = 6.478766134687675e-11 0.000000000000000e+00 -1.000000238418579e+00
zras   = 8.098458015304288e-11 1.000000238418579e+00 1.658564130480045e-08
cras   = 2.525291442871094e+00 -8.649185180664062e+00 4.431780242919922e+01
dst volume info
valid = 1  # volume info valid
filename = /opt/freesurfer/average/mni305.cor.mgz
volume = 256 256 256
voxelsize = 1.000000000000000e+00 1.000000000000000e+00 1.000000000000000e+00
xras   = -1.000000000000000e+00 0.000000000000000e+00 0.000000000000000e+00
yras   = 0.000000000000000e+00 0.000000000000000e+00 -1.000000000000000e+00
zras   = 0.000000000000000e+00 1.000000000000000e+00 0.000000000000000e+00
cras   = 0.000000000000000e+00 0.000000000000000e+00 0.000000000000000e+00
subject fsaverage
fscale 0.100000
