# transform file transforms/talairach.lta
# created by oesteban on Wed Mar 11 05:16:17 2026

type      = 0 # LINEAR_VOX_TO_VOX
nxforms   = 1
mean      = 131.0000 138.0000 127.0000
sigma     = 10000.0000
1 4 4
9.190583229064941e-01 1.872476539574564e-03 -3.232916072010994e-02 9.928337097167969e+00 
1.049287850037217e-03 9.748502969741821e-01 7.070632278919220e-02 -1.960313224792480e+01 
2.777398377656937e-02 -8.361134678125381e-02 9.061252474784851e-01 6.552794933319092e+00 
0.000000000000000e+00 0.000000000000000e+00 0.000000000000000e+00 1.000000000000000e+00 
src volume info
valid = 1  # volume info valid
filename = nu.mgz
volume = 256 256 256
voxelsize = 8.984374403953552e-01 8.984374403953552e-01 8.984374403953552e-01
xras   = -1.000000119209290e+00 5.021043580910600e-10 6.478766134687675e-11
yras   = 6.478766134687675e-11 0.000000000000000e+00 -1.000000238418579e+00
zras   = 8.098458015304288e-11 1.000000238418579e+00 1.658564130480045e-08
cras   = 2.525291442871094e+00 -8.649185180664062e+00 4.431780242919922e+01
dst volume info
valid = 1  # volume info valid
filename = /opt/freesurfer/average/RB_all_2020-01-02.gca
volume = 256 256 256
voxelsize = 1.000000000000000e+00 1.000000000000000e+00 1.000000000000000e+00
xras   = -1.000000000000000e+00 0.000000000000000e+00 0.000000000000000e+00
yras   = 0.000000000000000e+00 0.000000000000000e+00 -1.000000000000000e+00
zras   = 0.000000000000000e+00 1.000000000000000e+00 0.000000000000000e+00
cras   = 0.000000000000000e+00 0.000000000000000e+00 0.000000000000000e+00
