# transform file /out/sourcedata/freesurfer/sub-v2s13x29130_ses-1/mri/transforms/cc_up.lta
# created by oesteban on Wed Mar 11 06:40:47 2026

type      = 0 # LINEAR_VOX_TO_VOX
nxforms   = 1
mean      = 128.0000 144.0000 130.0000
sigma     = 10000.0000
1 4 4
9.988250732421875e-01 -4.330244287848473e-02 -2.175803296267986e-02 7.044470787048340e+00 
4.329217225313187e-02 9.990620613098145e-01 -9.430605568923056e-04 1.687154650688171e+00 
2.177846059203148e-02 0.000000000000000e+00 9.997628331184387e-01 3.241295576095581e+00 
0.000000000000000e+00 0.000000000000000e+00 0.000000000000000e+00 1.000000000000000e+00 
src volume info
valid = 1  # volume info valid
filename = /out/sourcedata/freesurfer/sub-v2s13x29130_ses-1/mri/norm.mgz
volume = 256 256 256
voxelsize = 8.984375000000000e-01 8.984375000000000e-01 8.984375000000000e-01
xras   = -1.000000119209290e+00 -2.976182911229586e-10 -4.859074254071061e-11
yras   = 5.021043580910600e-10 -1.658563952844361e-08 -1.000000000000000e+00
zras   = -8.766579684404974e-10 1.000000119209290e+00 0.000000000000000e+00
cras   = 3.765106201171875e-01 -3.636711120605469e+00 1.860366821289062e+01
dst volume info
valid = 1  # volume info valid
filename = /out/sourcedata/freesurfer/sub-v2s13x29130_ses-1/mri/norm.mgz
volume = 256 256 256
voxelsize = 8.984375000000000e-01 8.984375000000000e-01 8.984375000000000e-01
xras   = -1.000000119209290e+00 -2.976182911229586e-10 -4.859074254071061e-11
yras   = 5.021043580910600e-10 -1.658563952844361e-08 -1.000000000000000e+00
zras   = -8.766579684404974e-10 1.000000119209290e+00 0.000000000000000e+00
cras   = 3.765106201171875e-01 -3.636711120605469e+00 1.860366821289062e+01
