# transform file transforms/talairach.lta
# created by oesteban on Wed Mar 11 05:13:13 2026

type      = 0 # LINEAR_VOX_TO_VOX
nxforms   = 1
mean      = 128.0000 144.0000 130.0000
sigma     = 10000.0000
1 4 4
9.448646903038025e-01 -2.761767245829105e-02 -2.204682864248753e-02 1.111755275726318e+01 
3.230254352092743e-02 9.804853200912476e-01 2.641581892967224e-01 -5.228973770141602e+01 
1.491643954068422e-02 -1.964716315269470e-01 8.676155209541321e-01 2.470972633361816e+01 
0.000000000000000e+00 0.000000000000000e+00 0.000000000000000e+00 1.000000000000000e+00 
src volume info
valid = 1  # volume info valid
filename = nu.mgz
volume = 256 256 256
voxelsize = 8.984375000000000e-01 8.984375000000000e-01 8.984375000000000e-01
xras   = -1.000000119209290e+00 -2.976182911229586e-10 -4.859074254071061e-11
yras   = 5.021043580910600e-10 -1.658563952844361e-08 -1.000000000000000e+00
zras   = -8.766579684404974e-10 1.000000119209290e+00 0.000000000000000e+00
cras   = 3.765106201171875e-01 -3.636711120605469e+00 1.860366821289062e+01
dst volume info
valid = 1  # volume info valid
filename = /opt/freesurfer/average/RB_all_2020-01-02.gca
volume = 256 256 256
voxelsize = 1.000000000000000e+00 1.000000000000000e+00 1.000000000000000e+00
xras   = -1.000000000000000e+00 0.000000000000000e+00 0.000000000000000e+00
yras   = 0.000000000000000e+00 0.000000000000000e+00 -1.000000000000000e+00
zras   = 0.000000000000000e+00 1.000000000000000e+00 0.000000000000000e+00
cras   = 0.000000000000000e+00 0.000000000000000e+00 0.000000000000000e+00
