type      = 0 # LINEAR_VOX_TO_VOX
nxforms   = 1
mean      = 0.0000 0.0000 0.0000
sigma     = 1.0000
1 4 4
1.003138780593872e+00 -2.901234477758408e-02 -2.303593978285789e-02 5.387878417968750e+00 
5.775426328182220e-02 9.984335899353027e-01 2.770961225032806e-01 -5.904556274414062e+01 
6.687070708721876e-03 -2.836008071899414e-01 9.278956055641174e-01 3.054670715332031e+01 
0.000000000000000e+00 0.000000000000000e+00 0.000000000000000e+00 1.000000000000000e+00 
src volume info
valid = 1  # volume info valid
filename = /out/sourcedata/freesurfer/sub-v2s13x29130_ses-1/mri/orig.mgz
volume = 256 256 256
voxelsize = 8.984375000000000e-01 8.984375000000000e-01 8.984375000000000e-01
xras   = -1.000000119209290e+00 -2.976182911229586e-10 -4.859074254071061e-11
yras   = 5.021043580910600e-10 -1.658563952844361e-08 -1.000000000000000e+00
zras   = -8.766579684404974e-10 1.000000119209290e+00 0.000000000000000e+00
cras   = 3.765106201171875e-01 -3.636711120605469e+00 1.860366821289062e+01
dst volume info
valid = 1  # volume info valid
filename = /opt/freesurfer/average/mni305.cor.mgz
volume = 256 256 256
voxelsize = 1.000000000000000e+00 1.000000000000000e+00 1.000000000000000e+00
xras   = -1.000000000000000e+00 0.000000000000000e+00 0.000000000000000e+00
yras   = 0.000000000000000e+00 0.000000000000000e+00 -1.000000000000000e+00
zras   = 0.000000000000000e+00 1.000000000000000e+00 0.000000000000000e+00
cras   = 0.000000000000000e+00 0.000000000000000e+00 0.000000000000000e+00
subject fsaverage
fscale 0.100000
