type      = 1 # LINEAR_RAS_TO_RAS
nxforms   = 1
mean      = 0.0000 0.0000 0.0000
sigma     = 1.0000
1 4 4
1.116536974906921e+00 2.563999965786934e-02 -3.229200094938278e-02 1.146141052246094e+00 
-7.443000096827745e-03 1.032788038253784e+00 3.156599998474121e-01 -1.624128723144531e+01 
6.428299844264984e-02 -3.084200024604797e-01 1.111299991607666e+00 -5.434875011444092e+00 
0.000000000000000e+00 0.000000000000000e+00 0.000000000000000e+00 1.000000000000000e+00 
src volume info
valid = 1  # volume info valid
filename = /out/sourcedata/freesurfer/sub-v2s13x29130_ses-1/mri/orig_nu.mgz
volume = 256 256 256
voxelsize = 8.984375000000000e-01 8.984375000000000e-01 8.984375000000000e-01
xras   = -1.000000119209290e+00 -2.976182911229586e-10 -4.859074254071061e-11
yras   = 5.021043580910600e-10 -1.658563952844361e-08 -1.000000000000000e+00
zras   = -8.766579684404974e-10 1.000000119209290e+00 0.000000000000000e+00
cras   = 3.765106201171875e-01 -3.636711120605469e+00 1.860366821289062e+01
dst volume info
valid = 1  # volume info valid
filename = /opt/freesurfer/average/mni305.cor.mgz
volume = 256 256 256
voxelsize = 1.000000000000000e+00 1.000000000000000e+00 1.000000000000000e+00
xras   = -1.000000000000000e+00 0.000000000000000e+00 0.000000000000000e+00
yras   = 0.000000000000000e+00 0.000000000000000e+00 -1.000000000000000e+00
zras   = 0.000000000000000e+00 1.000000000000000e+00 0.000000000000000e+00
cras   = 0.000000000000000e+00 0.000000000000000e+00 0.000000000000000e+00
subject fsaverage
fscale 0.100000
