# transform file /out/sourcedata/freesurfer/sub-v2s13x29113_ses-1/mri/transforms/cc_up.lta
# created by oesteban on Wed Mar 11 05:25:23 2026

type      = 0 # LINEAR_VOX_TO_VOX
nxforms   = 1
mean      = 129.0000 136.0000 125.0000
sigma     = 10000.0000
1 4 4
9.993652105331421e-01 -2.927451953291893e-02 2.030515857040882e-02 7.039204239845276e-02 
2.926847711205482e-02 9.995714426040649e-01 5.946785095147789e-04 7.203145980834961e+00 
-2.031386457383633e-02 5.820766785236131e-11 9.997937083244324e-01 1.064525699615479e+01 
0.000000000000000e+00 0.000000000000000e+00 0.000000000000000e+00 1.000000000000000e+00 
src volume info
valid = 1  # volume info valid
filename = /out/sourcedata/freesurfer/sub-v2s13x29113_ses-1/mri/norm.mgz
volume = 256 256 256
voxelsize = 8.984374403953552e-01 8.984374403953552e-01 8.984374403953552e-01
xras   = -1.000000000000000e+00 3.887259680812605e-10 0.000000000000000e+00
yras   = 0.000000000000000e+00 -8.292820652400223e-09 -1.000000000000000e+00
zras   = -1.943629840406302e-10 9.999998807907104e-01 -8.292820652400223e-09
cras   = 8.242797851562500e-01 -1.833740234375000e+00 2.315905761718750e+01
dst volume info
valid = 1  # volume info valid
filename = /out/sourcedata/freesurfer/sub-v2s13x29113_ses-1/mri/norm.mgz
volume = 256 256 256
voxelsize = 8.984374403953552e-01 8.984374403953552e-01 8.984374403953552e-01
xras   = -1.000000000000000e+00 3.887259680812605e-10 0.000000000000000e+00
yras   = 0.000000000000000e+00 -8.292820652400223e-09 -1.000000000000000e+00
zras   = -1.943629840406302e-10 9.999998807907104e-01 -8.292820652400223e-09
cras   = 8.242797851562500e-01 -1.833740234375000e+00 2.315905761718750e+01
