type      = 0 # LINEAR_VOX_TO_VOX
nxforms   = 1
mean      = 0.0000 0.0000 0.0000
sigma     = 1.0000
1 4 4
1.011292815208435e+00 -2.735741902142763e-03 1.345769315958023e-02 -3.912979125976562e+00 
-5.489452742040157e-04 9.912971854209900e-01 7.264046370983124e-02 -2.162705993652344e+01 
-2.833132818341255e-02 -7.062347978353500e-02 9.173296689987183e-01 7.126556396484375e+00 
0.000000000000000e+00 0.000000000000000e+00 0.000000000000000e+00 1.000000000000000e+00 
src volume info
valid = 1  # volume info valid
filename = /out/sourcedata/freesurfer/sub-v2s13x29113_ses-1/mri/orig.mgz
volume = 256 256 256
voxelsize = 8.984374403953552e-01 8.984374403953552e-01 8.984374403953552e-01
xras   = -1.000000000000000e+00 3.887259680812605e-10 0.000000000000000e+00
yras   = 0.000000000000000e+00 -8.292820652400223e-09 -1.000000000000000e+00
zras   = -1.943629840406302e-10 9.999998807907104e-01 -8.292820652400223e-09
cras   = 8.242797851562500e-01 -1.833740234375000e+00 2.315905761718750e+01
dst volume info
valid = 1  # volume info valid
filename = /opt/freesurfer/average/mni305.cor.mgz
volume = 256 256 256
voxelsize = 1.000000000000000e+00 1.000000000000000e+00 1.000000000000000e+00
xras   = -1.000000000000000e+00 0.000000000000000e+00 0.000000000000000e+00
yras   = 0.000000000000000e+00 0.000000000000000e+00 -1.000000000000000e+00
zras   = 0.000000000000000e+00 1.000000000000000e+00 0.000000000000000e+00
cras   = 0.000000000000000e+00 0.000000000000000e+00 0.000000000000000e+00
subject fsaverage
fscale 0.100000
