type      = 1 # LINEAR_RAS_TO_RAS
nxforms   = 1
mean      = 0.0000 0.0000 0.0000
sigma     = 1.0000
1 4 4
1.125612974166870e+00 -1.497900020331144e-02 -3.044999903067946e-03 2.103269994258881e-01 
3.153400123119354e-02 1.021028041839600e+00 7.860700041055679e-02 -1.609561157226562e+01 
-6.109999958425760e-04 -8.085200190544128e-02 1.103356957435608e+00 -1.218716430664062e+01 
0.000000000000000e+00 0.000000000000000e+00 0.000000000000000e+00 1.000000000000000e+00 
src volume info
valid = 1  # volume info valid
filename = /out/sourcedata/freesurfer/sub-v2s13x29113_ses-1/mri/orig_nu.mgz
volume = 256 256 256
voxelsize = 8.984374403953552e-01 8.984374403953552e-01 8.984374403953552e-01
xras   = -1.000000000000000e+00 3.887259680812605e-10 0.000000000000000e+00
yras   = 0.000000000000000e+00 -8.292820652400223e-09 -1.000000000000000e+00
zras   = -1.943629840406302e-10 9.999998807907104e-01 -8.292820652400223e-09
cras   = 8.242797851562500e-01 -1.833740234375000e+00 2.315905761718750e+01
dst volume info
valid = 1  # volume info valid
filename = /opt/freesurfer/average/mni305.cor.mgz
volume = 256 256 256
voxelsize = 1.000000000000000e+00 1.000000000000000e+00 1.000000000000000e+00
xras   = -1.000000000000000e+00 0.000000000000000e+00 0.000000000000000e+00
yras   = 0.000000000000000e+00 0.000000000000000e+00 -1.000000000000000e+00
zras   = 0.000000000000000e+00 1.000000000000000e+00 0.000000000000000e+00
cras   = 0.000000000000000e+00 0.000000000000000e+00 0.000000000000000e+00
subject fsaverage
fscale 0.100000
