# transform file transforms/talairach.lta
# created by oesteban on Wed Mar 11 04:06:21 2026

type      = 0 # LINEAR_VOX_TO_VOX
nxforms   = 1
mean      = 129.0000 136.0000 125.0000
sigma     = 10000.0000
1 4 4
9.913914799690247e-01 6.853528786450624e-03 1.440738979727030e-02 -5.106331825256348e+00 
-7.835602387785912e-03 1.032414317131042e+00 7.229021191596985e-02 -2.491599655151367e+01 
-1.682935096323490e-02 -8.418594300746918e-02 8.778145313262939e-01 1.363961601257324e+01 
0.000000000000000e+00 0.000000000000000e+00 0.000000000000000e+00 1.000000000000000e+00 
src volume info
valid = 1  # volume info valid
filename = nu.mgz
volume = 256 256 256
voxelsize = 8.984374403953552e-01 8.984374403953552e-01 8.984374403953552e-01
xras   = -1.000000000000000e+00 3.887259680812605e-10 0.000000000000000e+00
yras   = 0.000000000000000e+00 -8.292820652400223e-09 -1.000000000000000e+00
zras   = -1.943629840406302e-10 9.999998807907104e-01 -8.292820652400223e-09
cras   = 8.242797851562500e-01 -1.833740234375000e+00 2.315905761718750e+01
dst volume info
valid = 1  # volume info valid
filename = /opt/freesurfer/average/RB_all_2020-01-02.gca
volume = 256 256 256
voxelsize = 1.000000000000000e+00 1.000000000000000e+00 1.000000000000000e+00
xras   = -1.000000000000000e+00 0.000000000000000e+00 0.000000000000000e+00
yras   = 0.000000000000000e+00 0.000000000000000e+00 -1.000000000000000e+00
zras   = 0.000000000000000e+00 1.000000000000000e+00 0.000000000000000e+00
cras   = 0.000000000000000e+00 0.000000000000000e+00 0.000000000000000e+00
