# transform file /out/sourcedata/freesurfer/sub-v2s13x29117_ses-1/mri/transforms/cc_up.lta
# created by oesteban on Wed Mar 11 06:09:09 2026

type      = 0 # LINEAR_VOX_TO_VOX
nxforms   = 1
mean      = 129.0000 141.0000 123.0000
sigma     = 10000.0000
1 4 4
9.983112215995789e-01 -5.809092149138451e-02 -3.426958282943815e-04 8.308694839477539e+00 
5.809091776609421e-02 9.983112812042236e-01 -1.994119156734087e-05 4.839036464691162e+00 
3.432754892855883e-04 0.000000000000000e+00 9.999999403953552e-01 1.695651817321777e+01 
0.000000000000000e+00 0.000000000000000e+00 0.000000000000000e+00 1.000000000000000e+00 
src volume info
valid = 1  # volume info valid
filename = /out/sourcedata/freesurfer/sub-v2s13x29117_ses-1/mri/norm.mgz
volume = 256 256 256
voxelsize = 8.984375000000000e-01 8.984375000000000e-01 8.984375000000000e-01
xras   = -1.000000000000000e+00 3.340613619062793e-10 8.098457321414898e-11
yras   = -1.619691360199571e-11 -8.292819764221804e-09 -1.000000000000000e+00
zras   = 6.924180673273383e-10 1.000000000000000e+00 8.292819764221804e-09
cras   = 3.702545166015625e-02 5.604621887207031e+00 1.051647949218750e+01
dst volume info
valid = 1  # volume info valid
filename = /out/sourcedata/freesurfer/sub-v2s13x29117_ses-1/mri/norm.mgz
volume = 256 256 256
voxelsize = 8.984375000000000e-01 8.984375000000000e-01 8.984375000000000e-01
xras   = -1.000000000000000e+00 3.340613619062793e-10 8.098457321414898e-11
yras   = -1.619691360199571e-11 -8.292819764221804e-09 -1.000000000000000e+00
zras   = 6.924180673273383e-10 1.000000000000000e+00 8.292819764221804e-09
cras   = 3.702545166015625e-02 5.604621887207031e+00 1.051647949218750e+01
