# transform file transforms/talairach.lta
# created by oesteban on Wed Mar 11 04:31:07 2026

type      = 0 # LINEAR_VOX_TO_VOX
nxforms   = 1
mean      = 129.0000 142.0000 123.0000
sigma     = 10000.0000
1 4 4
8.512895703315735e-01 -1.926348730921745e-02 9.771571494638920e-03 1.883115577697754e+01 
1.390158385038376e-02 9.869115948677063e-01 2.358665466308594e-01 -4.411433029174805e+01 
-1.379486732184887e-02 -1.860258579254150e-01 8.261744976043701e-01 3.827114486694336e+01 
0.000000000000000e+00 0.000000000000000e+00 0.000000000000000e+00 1.000000000000000e+00 
src volume info
valid = 1  # volume info valid
filename = nu.mgz
volume = 256 256 256
voxelsize = 8.984375000000000e-01 8.984375000000000e-01 8.984375000000000e-01
xras   = -1.000000000000000e+00 3.340613619062793e-10 8.098457321414898e-11
yras   = -1.619691360199571e-11 -8.292819764221804e-09 -1.000000000000000e+00
zras   = 6.924180673273383e-10 1.000000000000000e+00 8.292819764221804e-09
cras   = 3.702545166015625e-02 5.604621887207031e+00 1.051647949218750e+01
dst volume info
valid = 1  # volume info valid
filename = /opt/freesurfer/average/RB_all_2020-01-02.gca
volume = 256 256 256
voxelsize = 1.000000000000000e+00 1.000000000000000e+00 1.000000000000000e+00
xras   = -1.000000000000000e+00 0.000000000000000e+00 0.000000000000000e+00
yras   = 0.000000000000000e+00 0.000000000000000e+00 -1.000000000000000e+00
zras   = 0.000000000000000e+00 1.000000000000000e+00 0.000000000000000e+00
cras   = 0.000000000000000e+00 0.000000000000000e+00 0.000000000000000e+00
