type      = 0 # LINEAR_VOX_TO_VOX
nxforms   = 1
mean      = 0.0000 0.0000 0.0000
sigma     = 1.0000
1 4 4
9.380711913108826e-01 -5.580644309520721e-02 1.423124689608812e-03 1.504313659667969e+01 
4.092023521661758e-02 9.884591698646545e-01 2.027872204780579e-01 -4.342391967773438e+01 
-3.315953165292740e-02 -2.380814552307129e-01 8.863310813903809e-01 3.933089447021484e+01 
0.000000000000000e+00 0.000000000000000e+00 0.000000000000000e+00 1.000000000000000e+00 
src volume info
valid = 1  # volume info valid
filename = /out/sourcedata/freesurfer/sub-v2s13x29117_ses-1/mri/orig.mgz
volume = 256 256 256
voxelsize = 8.984375000000000e-01 8.984375000000000e-01 8.984375000000000e-01
xras   = -1.000000000000000e+00 3.340613619062793e-10 8.098457321414898e-11
yras   = -1.619691360199571e-11 -8.292819764221804e-09 -1.000000000000000e+00
zras   = 6.924180673273383e-10 1.000000000000000e+00 8.292819764221804e-09
cras   = 3.702545166015625e-02 5.604621887207031e+00 1.051647949218750e+01
dst volume info
valid = 1  # volume info valid
filename = /opt/freesurfer/average/mni305.cor.mgz
volume = 256 256 256
voxelsize = 1.000000000000000e+00 1.000000000000000e+00 1.000000000000000e+00
xras   = -1.000000000000000e+00 0.000000000000000e+00 0.000000000000000e+00
yras   = 0.000000000000000e+00 0.000000000000000e+00 -1.000000000000000e+00
zras   = 0.000000000000000e+00 1.000000000000000e+00 0.000000000000000e+00
cras   = 0.000000000000000e+00 0.000000000000000e+00 0.000000000000000e+00
subject fsaverage
fscale 0.100000
