type      = 1 # LINEAR_RAS_TO_RAS
nxforms   = 1
mean      = 0.0000 0.0000 0.0000
sigma     = 1.0000
1 4 4
1.044113993644714e+00 -1.583999954164028e-03 -6.211499869823456e-02 4.682689905166626e-01 
3.690800070762634e-02 9.865249991416931e-01 2.649950087070465e-01 -1.825485992431641e+01 
4.554599896073341e-02 -2.257110029459000e-01 1.100198030471802e+00 3.399718999862671e+00 
0.000000000000000e+00 0.000000000000000e+00 0.000000000000000e+00 1.000000000000000e+00 
src volume info
valid = 1  # volume info valid
filename = /out/sourcedata/freesurfer/sub-v2s13x29117_ses-1/mri/orig_nu.mgz
volume = 256 256 256
voxelsize = 8.984375000000000e-01 8.984375000000000e-01 8.984375000000000e-01
xras   = -1.000000000000000e+00 3.340613619062793e-10 8.098457321414898e-11
yras   = -1.619691360199571e-11 -8.292819764221804e-09 -1.000000000000000e+00
zras   = 6.924180673273383e-10 1.000000000000000e+00 8.292819764221804e-09
cras   = 3.702545166015625e-02 5.604621887207031e+00 1.051647949218750e+01
dst volume info
valid = 1  # volume info valid
filename = /opt/freesurfer/average/mni305.cor.mgz
volume = 256 256 256
voxelsize = 1.000000000000000e+00 1.000000000000000e+00 1.000000000000000e+00
xras   = -1.000000000000000e+00 0.000000000000000e+00 0.000000000000000e+00
yras   = 0.000000000000000e+00 0.000000000000000e+00 -1.000000000000000e+00
zras   = 0.000000000000000e+00 1.000000000000000e+00 0.000000000000000e+00
cras   = 0.000000000000000e+00 0.000000000000000e+00 0.000000000000000e+00
subject fsaverage
fscale 0.100000
