# transform file /out/sourcedata/freesurfer/sub-v2s13x29128_ses-1/mri/transforms/cc_up.lta
# created by oesteban on Wed Mar 11 06:41:26 2026

type      = 0 # LINEAR_VOX_TO_VOX
nxforms   = 1
mean      = 129.0000 140.0000 125.0000
sigma     = 10000.0000
1 4 4
9.995152950286865e-01 -1.876165717840195e-02 2.484782971441746e-02 -3.297015428543091e-01 
1.875586248934269e-02 9.998241066932678e-01 4.662684514187276e-04 8.552539825439453e+00 
-2.485220506787300e-02 2.910383392618066e-11 9.996912479400635e-01 1.323381042480469e+01 
0.000000000000000e+00 0.000000000000000e+00 0.000000000000000e+00 1.000000000000000e+00 
src volume info
valid = 1  # volume info valid
filename = /out/sourcedata/freesurfer/sub-v2s13x29128_ses-1/mri/norm.mgz
volume = 256 256 256
voxelsize = 8.984374403953552e-01 8.984374403953552e-01 8.984374403953552e-01
xras   = -1.000000000000000e+00 4.211198056935928e-10 0.000000000000000e+00
yras   = 0.000000000000000e+00 0.000000000000000e+00 -1.000000000000000e+00
zras   = 8.098458015304288e-11 1.000000119209290e+00 1.658564130480045e-08
cras   = 1.898406982421875e+00 -3.573486328125000e+00 1.506330108642578e+01
dst volume info
valid = 1  # volume info valid
filename = /out/sourcedata/freesurfer/sub-v2s13x29128_ses-1/mri/norm.mgz
volume = 256 256 256
voxelsize = 8.984374403953552e-01 8.984374403953552e-01 8.984374403953552e-01
xras   = -1.000000000000000e+00 4.211198056935928e-10 0.000000000000000e+00
yras   = 0.000000000000000e+00 0.000000000000000e+00 -1.000000000000000e+00
zras   = 8.098458015304288e-11 1.000000119209290e+00 1.658564130480045e-08
cras   = 1.898406982421875e+00 -3.573486328125000e+00 1.506330108642578e+01
