# transform file transforms/talairach.lta
# created by oesteban on Wed Mar 11 05:10:45 2026

type      = 0 # LINEAR_VOX_TO_VOX
nxforms   = 1
mean      = 129.0000 139.0000 125.0000
sigma     = 10000.0000
1 4 4
9.130061268806458e-01 -2.201328240334988e-02 3.413246944546700e-02 7.511270046234131e+00 
1.494148839265108e-02 9.690489172935486e-01 1.583025157451630e-01 -3.163408088684082e+01 
-3.697827830910683e-02 -1.488165259361267e-01 8.875874876976013e-01 2.668047714233398e+01 
0.000000000000000e+00 0.000000000000000e+00 0.000000000000000e+00 1.000000000000000e+00 
src volume info
valid = 1  # volume info valid
filename = nu.mgz
volume = 256 256 256
voxelsize = 8.984374403953552e-01 8.984374403953552e-01 8.984374403953552e-01
xras   = -1.000000000000000e+00 4.211198056935928e-10 0.000000000000000e+00
yras   = 0.000000000000000e+00 0.000000000000000e+00 -1.000000000000000e+00
zras   = 8.098458015304288e-11 1.000000119209290e+00 1.658564130480045e-08
cras   = 1.898406982421875e+00 -3.573486328125000e+00 1.506330108642578e+01
dst volume info
valid = 1  # volume info valid
filename = /opt/freesurfer/average/RB_all_2020-01-02.gca
volume = 256 256 256
voxelsize = 1.000000000000000e+00 1.000000000000000e+00 1.000000000000000e+00
xras   = -1.000000000000000e+00 0.000000000000000e+00 0.000000000000000e+00
yras   = 0.000000000000000e+00 0.000000000000000e+00 -1.000000000000000e+00
zras   = 0.000000000000000e+00 1.000000000000000e+00 0.000000000000000e+00
cras   = 0.000000000000000e+00 0.000000000000000e+00 0.000000000000000e+00
