type      = 1 # LINEAR_RAS_TO_RAS
nxforms   = 1
mean      = 0.0000 0.0000 0.0000
sigma     = 1.0000
1 4 4
1.038120031356812e+00 -1.959699951112270e-02 -2.778999973088503e-03 -1.625954031944275e+00 
2.541299909353256e-02 1.055505990982056e+00 1.980360001325607e-01 -1.078558254241943e+01 
-4.710000066552311e-04 -1.959549933671951e-01 1.082759976387024e+00 -3.985045909881592e+00 
0.000000000000000e+00 0.000000000000000e+00 0.000000000000000e+00 1.000000000000000e+00 
src volume info
valid = 1  # volume info valid
filename = /out/sourcedata/freesurfer/sub-v2s13x29128_ses-1/mri/orig_nu.mgz
volume = 256 256 256
voxelsize = 8.984374403953552e-01 8.984374403953552e-01 8.984374403953552e-01
xras   = -1.000000000000000e+00 4.211198056935928e-10 0.000000000000000e+00
yras   = 0.000000000000000e+00 0.000000000000000e+00 -1.000000000000000e+00
zras   = 8.098458015304288e-11 1.000000119209290e+00 1.658564130480045e-08
cras   = 1.898406982421875e+00 -3.573486328125000e+00 1.506330108642578e+01
dst volume info
valid = 1  # volume info valid
filename = /opt/freesurfer/average/mni305.cor.mgz
volume = 256 256 256
voxelsize = 1.000000000000000e+00 1.000000000000000e+00 1.000000000000000e+00
xras   = -1.000000000000000e+00 0.000000000000000e+00 0.000000000000000e+00
yras   = 0.000000000000000e+00 0.000000000000000e+00 -1.000000000000000e+00
zras   = 0.000000000000000e+00 1.000000000000000e+00 0.000000000000000e+00
cras   = 0.000000000000000e+00 0.000000000000000e+00 0.000000000000000e+00
subject fsaverage
fscale 0.100000
