# transform file /out/sourcedata/freesurfer/sub-v2s13x29096_ses-1/mri/transforms/cc_up.lta
# created by oesteban on Wed Mar 11 04:47:29 2026

type      = 0 # LINEAR_VOX_TO_VOX
nxforms   = 1
mean      = 130.0000 131.0000 121.0000
sigma     = 10000.0000
1 4 4
9.972572326660156e-01 -1.183872669935226e-02 7.306067645549774e-02 -7.229347229003906e+00 
1.180708315223455e-02 9.999299645423889e-01 8.650060044601560e-04 1.737946319580078e+01 
-7.306579500436783e-02 -5.820766091346741e-11 9.973270893096924e-01 2.577546310424805e+01 
0.000000000000000e+00 0.000000000000000e+00 0.000000000000000e+00 1.000000000000000e+00 
src volume info
valid = 1  # volume info valid
filename = /out/sourcedata/freesurfer/sub-v2s13x29096_ses-1/mri/norm.mgz
volume = 256 256 256
voxelsize = 8.984375000000000e-01 8.984375000000000e-01 8.984375000000000e-01
xras   = -9.999998807907104e-01 2.156214234938503e-10 3.239382720399142e-11
yras   = -1.619691360199571e-11 2.073204941055451e-09 -1.000000119209290e+00
zras   = -2.161275741707769e-10 9.999999403953552e-01 2.073204941055451e-09
cras   = 1.302520751953125e+00 -3.945571899414062e+00 2.573248672485352e+01
dst volume info
valid = 1  # volume info valid
filename = /out/sourcedata/freesurfer/sub-v2s13x29096_ses-1/mri/norm.mgz
volume = 256 256 256
voxelsize = 8.984375000000000e-01 8.984375000000000e-01 8.984375000000000e-01
xras   = -9.999998807907104e-01 2.156214234938503e-10 3.239382720399142e-11
yras   = -1.619691360199571e-11 2.073204941055451e-09 -1.000000119209290e+00
zras   = -2.161275741707769e-10 9.999999403953552e-01 2.073204941055451e-09
cras   = 1.302520751953125e+00 -3.945571899414062e+00 2.573248672485352e+01
