# transform file transforms/talairach.lta
# created by oesteban on Wed Mar 11 03:21:47 2026

type      = 0 # LINEAR_VOX_TO_VOX
nxforms   = 1
mean      = 130.0000 131.0000 120.0000
sigma     = 10000.0000
1 4 4
9.558809399604797e-01 7.057165727019310e-03 7.782638072967529e-02 -6.959876537322998e+00 
-1.271580718457699e-02 1.062539458274841e+00 8.760514855384827e-02 -2.334408569335938e+01 
-1.091202348470688e-01 -1.065495386719704e-01 9.203028082847595e-01 2.661373710632324e+01 
0.000000000000000e+00 0.000000000000000e+00 0.000000000000000e+00 1.000000000000000e+00 
src volume info
valid = 1  # volume info valid
filename = nu.mgz
volume = 256 256 256
voxelsize = 8.984375000000000e-01 8.984375000000000e-01 8.984375000000000e-01
xras   = -9.999998807907104e-01 2.156214234938503e-10 3.239382720399142e-11
yras   = -1.619691360199571e-11 2.073204941055451e-09 -1.000000119209290e+00
zras   = -2.161275741707769e-10 9.999999403953552e-01 2.073204941055451e-09
cras   = 1.302520751953125e+00 -3.945571899414062e+00 2.573248672485352e+01
dst volume info
valid = 1  # volume info valid
filename = /opt/freesurfer/average/RB_all_2020-01-02.gca
volume = 256 256 256
voxelsize = 1.000000000000000e+00 1.000000000000000e+00 1.000000000000000e+00
xras   = -1.000000000000000e+00 0.000000000000000e+00 0.000000000000000e+00
yras   = 0.000000000000000e+00 0.000000000000000e+00 -1.000000000000000e+00
zras   = 0.000000000000000e+00 1.000000000000000e+00 0.000000000000000e+00
cras   = 0.000000000000000e+00 0.000000000000000e+00 0.000000000000000e+00
