type      = 0 # LINEAR_VOX_TO_VOX
nxforms   = 1
mean      = 0.0000 0.0000 0.0000
sigma     = 1.0000
1 4 4
9.916287064552307e-01 -2.835558913648129e-02 6.819409877061844e-02 -4.981246948242188e+00 
1.137691270560026e-02 1.077679514884949e+00 1.569174975156784e-01 -3.568220520019531e+01 
-5.962030217051506e-02 -8.625809848308563e-02 1.014688968658447e+00 5.230926513671875e+00 
0.000000000000000e+00 0.000000000000000e+00 0.000000000000000e+00 1.000000000000000e+00 
src volume info
valid = 1  # volume info valid
filename = /out/sourcedata/freesurfer/sub-v2s13x29096_ses-1/mri/orig.mgz
volume = 256 256 256
voxelsize = 8.984375000000000e-01 8.984375000000000e-01 8.984375000000000e-01
xras   = -9.999998807907104e-01 2.156214234938503e-10 3.239382720399142e-11
yras   = -1.619691360199571e-11 2.073204941055451e-09 -1.000000119209290e+00
zras   = -2.161275741707769e-10 9.999999403953552e-01 2.073204941055451e-09
cras   = 1.302520751953125e+00 -3.945571899414062e+00 2.573248672485352e+01
dst volume info
valid = 1  # volume info valid
filename = /opt/freesurfer/average/mni305.cor.mgz
volume = 256 256 256
voxelsize = 1.000000000000000e+00 1.000000000000000e+00 1.000000000000000e+00
xras   = -1.000000000000000e+00 0.000000000000000e+00 0.000000000000000e+00
yras   = 0.000000000000000e+00 0.000000000000000e+00 -1.000000000000000e+00
zras   = 0.000000000000000e+00 1.000000000000000e+00 0.000000000000000e+00
cras   = 0.000000000000000e+00 0.000000000000000e+00 0.000000000000000e+00
subject fsaverage
fscale 0.100000
