# transform file /out/sourcedata/freesurfer/sub-v2s13x29106_ses-1/mri/transforms/cc_up.lta
# created by oesteban on Wed Mar 11 04:39:17 2026

type      = 0 # LINEAR_VOX_TO_VOX
nxforms   = 1
mean      = 131.0000 139.0000 127.0000
sigma     = 10000.0000
1 4 4
9.985449910163879e-01 -3.255923837423325e-02 4.298331215977669e-02 -1.978536248207092e+00 
3.252911567687988e-02 9.994696974754333e-01 1.400246517732739e-03 7.704221248626709e+00 
-4.300611466169357e-02 -1.164153079491470e-10 9.990746974945068e-01 1.865418052673340e+01 
0.000000000000000e+00 0.000000000000000e+00 0.000000000000000e+00 1.000000000000000e+00 
src volume info
valid = 1  # volume info valid
filename = /out/sourcedata/freesurfer/sub-v2s13x29106_ses-1/mri/norm.mgz
volume = 256 256 256
voxelsize = 8.984375000000000e-01 8.984375000000000e-01 8.984375000000000e-01
xras   = -1.000000119209290e+00 2.461930881381136e-09 1.554903761302739e-09
yras   = -5.183012352638627e-10 -3.317127905688722e-08 -9.999999403953552e-01
zras   = -5.183012352638627e-10 1.000000000000000e+00 0.000000000000000e+00
cras   = 5.408279418945312e+00 3.449935913085938e-01 1.499134063720703e+01
dst volume info
valid = 1  # volume info valid
filename = /out/sourcedata/freesurfer/sub-v2s13x29106_ses-1/mri/norm.mgz
volume = 256 256 256
voxelsize = 8.984375000000000e-01 8.984375000000000e-01 8.984375000000000e-01
xras   = -1.000000119209290e+00 2.461930881381136e-09 1.554903761302739e-09
yras   = -5.183012352638627e-10 -3.317127905688722e-08 -9.999999403953552e-01
zras   = -5.183012352638627e-10 1.000000000000000e+00 0.000000000000000e+00
cras   = 5.408279418945312e+00 3.449935913085938e-01 1.499134063720703e+01
