type      = 0 # LINEAR_VOX_TO_VOX
nxforms   = 1
mean      = 0.0000 0.0000 0.0000
sigma     = 1.0000
1 4 4
9.574317336082458e-01 -5.496640130877495e-02 3.318109363317490e-02 7.032485961914062e+00 
3.659875690937042e-02 1.014412164688110e+00 2.850230038166046e-01 -5.426213073730469e+01 
6.971878465265036e-03 -2.554069161415100e-01 9.088270664215088e-01 3.103974914550781e+01 
0.000000000000000e+00 0.000000000000000e+00 0.000000000000000e+00 1.000000000000000e+00 
src volume info
valid = 1  # volume info valid
filename = /out/sourcedata/freesurfer/sub-v2s13x29106_ses-1/mri/orig.mgz
volume = 256 256 256
voxelsize = 8.984375000000000e-01 8.984375000000000e-01 8.984375000000000e-01
xras   = -1.000000119209290e+00 2.461930881381136e-09 1.554903761302739e-09
yras   = -5.183012352638627e-10 -3.317127905688722e-08 -9.999999403953552e-01
zras   = -5.183012352638627e-10 1.000000000000000e+00 0.000000000000000e+00
cras   = 5.408279418945312e+00 3.449935913085938e-01 1.499134063720703e+01
dst volume info
valid = 1  # volume info valid
filename = /opt/freesurfer/average/mni305.cor.mgz
volume = 256 256 256
voxelsize = 1.000000000000000e+00 1.000000000000000e+00 1.000000000000000e+00
xras   = -1.000000000000000e+00 0.000000000000000e+00 0.000000000000000e+00
yras   = 0.000000000000000e+00 0.000000000000000e+00 -1.000000000000000e+00
zras   = 0.000000000000000e+00 1.000000000000000e+00 0.000000000000000e+00
cras   = 0.000000000000000e+00 0.000000000000000e+00 0.000000000000000e+00
subject fsaverage
fscale 0.100000
