# transform file transforms/talairach.lta
# created by oesteban on Wed Mar 11 03:44:28 2026

type      = 0 # LINEAR_VOX_TO_VOX
nxforms   = 1
mean      = 131.0000 140.0000 126.0000
sigma     = 10000.0000
1 4 4
9.363270401954651e-01 -3.693643212318420e-02 4.937196522951126e-02 4.110310077667236e+00 
1.044668536633253e-02 1.029989719390869e+00 2.806705236434937e-01 -5.320737457275391e+01 
-6.362763792276382e-02 -2.354119867086411e-01 8.644818663597107e-01 4.434683990478516e+01 
0.000000000000000e+00 0.000000000000000e+00 0.000000000000000e+00 1.000000000000000e+00 
src volume info
valid = 1  # volume info valid
filename = nu.mgz
volume = 256 256 256
voxelsize = 8.984375000000000e-01 8.984375000000000e-01 8.984375000000000e-01
xras   = -1.000000119209290e+00 2.461930881381136e-09 1.554903761302739e-09
yras   = -5.183012352638627e-10 -3.317127905688722e-08 -9.999999403953552e-01
zras   = -5.183012352638627e-10 1.000000000000000e+00 0.000000000000000e+00
cras   = 5.408279418945312e+00 3.449935913085938e-01 1.499134063720703e+01
dst volume info
valid = 1  # volume info valid
filename = /opt/freesurfer/average/RB_all_2020-01-02.gca
volume = 256 256 256
voxelsize = 1.000000000000000e+00 1.000000000000000e+00 1.000000000000000e+00
xras   = -1.000000000000000e+00 0.000000000000000e+00 0.000000000000000e+00
yras   = 0.000000000000000e+00 0.000000000000000e+00 -1.000000000000000e+00
zras   = 0.000000000000000e+00 1.000000000000000e+00 0.000000000000000e+00
cras   = 0.000000000000000e+00 0.000000000000000e+00 0.000000000000000e+00
