type      = 1 # LINEAR_RAS_TO_RAS
nxforms   = 1
mean      = 0.0000 0.0000 0.0000
sigma     = 1.0000
1 4 4
1.065662980079651e+00 -3.693199902772903e-02 -6.117999926209450e-02 -3.628715991973877e+00 
-7.759999949485064e-03 1.011564016342163e+00 2.842789888381958e-01 -1.699880218505859e+01 
4.073600098490715e-02 -3.172430098056793e-01 1.129084944725037e+00 -5.787581920623779e+00 
0.000000000000000e+00 0.000000000000000e+00 0.000000000000000e+00 1.000000000000000e+00 
src volume info
valid = 1  # volume info valid
filename = /out/sourcedata/freesurfer/sub-v2s13x29106_ses-1/mri/orig_nu.mgz
volume = 256 256 256
voxelsize = 8.984375000000000e-01 8.984375000000000e-01 8.984375000000000e-01
xras   = -1.000000119209290e+00 2.461930881381136e-09 1.554903761302739e-09
yras   = -5.183012352638627e-10 -3.317127905688722e-08 -9.999999403953552e-01
zras   = -5.183012352638627e-10 1.000000000000000e+00 0.000000000000000e+00
cras   = 5.408279418945312e+00 3.449935913085938e-01 1.499134063720703e+01
dst volume info
valid = 1  # volume info valid
filename = /opt/freesurfer/average/mni305.cor.mgz
volume = 256 256 256
voxelsize = 1.000000000000000e+00 1.000000000000000e+00 1.000000000000000e+00
xras   = -1.000000000000000e+00 0.000000000000000e+00 0.000000000000000e+00
yras   = 0.000000000000000e+00 0.000000000000000e+00 -1.000000000000000e+00
zras   = 0.000000000000000e+00 1.000000000000000e+00 0.000000000000000e+00
cras   = 0.000000000000000e+00 0.000000000000000e+00 0.000000000000000e+00
subject fsaverage
fscale 0.100000
