# transform file /out/sourcedata/freesurfer/sub-v2s13x29136_ses-1/mri/transforms/cc_up.lta
# created by oesteban on Wed Mar 11 07:05:05 2026

type      = 0 # LINEAR_VOX_TO_VOX
nxforms   = 1
mean      = 130.0000 137.0000 121.0000
sigma     = 10000.0000
1 4 4
9.993326067924500e-01 1.747829653322697e-02 3.207542374730110e-02 -5.956749439239502e+00 
-1.746929995715618e-02 9.998472929000854e-01 -5.607094499282539e-04 1.432396793365479e+01 
-3.208032622933388e-02 5.820766091346741e-11 9.994853138923645e-01 2.518005943298340e+01 
0.000000000000000e+00 0.000000000000000e+00 0.000000000000000e+00 1.000000000000000e+00 
src volume info
valid = 1  # volume info valid
filename = /out/sourcedata/freesurfer/sub-v2s13x29136_ses-1/mri/norm.mgz
volume = 256 256 256
voxelsize = 8.984375000000000e-01 8.984375000000000e-01 8.984375000000000e-01
xras   = -1.000000119209290e+00 9.718148508142121e-11 -2.591506176319314e-10
yras   = 0.000000000000000e+00 0.000000000000000e+00 -9.999999403953552e-01
zras   = -2.073204941055451e-09 9.999998807907104e-01 -3.317127905688722e-08
cras   = 1.345222473144531e+00 -5.713729858398438e-01 1.926780700683594e+01
dst volume info
valid = 1  # volume info valid
filename = /out/sourcedata/freesurfer/sub-v2s13x29136_ses-1/mri/norm.mgz
volume = 256 256 256
voxelsize = 8.984375000000000e-01 8.984375000000000e-01 8.984375000000000e-01
xras   = -1.000000119209290e+00 9.718148508142121e-11 -2.591506176319314e-10
yras   = 0.000000000000000e+00 0.000000000000000e+00 -9.999999403953552e-01
zras   = -2.073204941055451e-09 9.999998807907104e-01 -3.317127905688722e-08
cras   = 1.345222473144531e+00 -5.713729858398438e-01 1.926780700683594e+01
