# transform file transforms/talairach.lta
# created by oesteban on Wed Mar 11 05:35:49 2026

type      = 0 # LINEAR_VOX_TO_VOX
nxforms   = 1
mean      = 130.0000 137.0000 121.0000
sigma     = 10000.0000
1 4 4
9.160386323928833e-01 -7.127790246158838e-03 2.611722424626350e-02 6.555460453033447e+00 
2.573638455942273e-03 1.040183067321777e+00 1.353232860565186e-01 -3.455067443847656e+01 
-3.332585096359253e-02 -1.530870050191879e-01 9.050577282905579e-01 2.786781692504883e+01 
0.000000000000000e+00 0.000000000000000e+00 0.000000000000000e+00 1.000000000000000e+00 
src volume info
valid = 1  # volume info valid
filename = nu.mgz
volume = 256 256 256
voxelsize = 8.984375000000000e-01 8.984375000000000e-01 8.984375000000000e-01
xras   = -1.000000119209290e+00 9.718148508142121e-11 -2.591506176319314e-10
yras   = 0.000000000000000e+00 0.000000000000000e+00 -9.999999403953552e-01
zras   = -2.073204941055451e-09 9.999998807907104e-01 -3.317127905688722e-08
cras   = 1.345222473144531e+00 -5.713729858398438e-01 1.926780700683594e+01
dst volume info
valid = 1  # volume info valid
filename = /opt/freesurfer/average/RB_all_2020-01-02.gca
volume = 256 256 256
voxelsize = 1.000000000000000e+00 1.000000000000000e+00 1.000000000000000e+00
xras   = -1.000000000000000e+00 0.000000000000000e+00 0.000000000000000e+00
yras   = 0.000000000000000e+00 0.000000000000000e+00 -1.000000000000000e+00
zras   = 0.000000000000000e+00 1.000000000000000e+00 0.000000000000000e+00
cras   = 0.000000000000000e+00 0.000000000000000e+00 0.000000000000000e+00
