# transform file /out/sourcedata/freesurfer/sub-v2s13x29137_ses-1/mri/transforms/cc_up.lta
# created by oesteban on Wed Mar 11 07:21:53 2026

type      = 0 # LINEAR_VOX_TO_VOX
nxforms   = 1
mean      = 127.0000 136.0000 124.0000
sigma     = 10000.0000
1 4 4
9.977175593376160e-01 -1.841435581445694e-02 -6.496772170066833e-02 1.071205806732178e+01 
1.837543956935406e-02 9.998305439949036e-01 -1.196541474200785e-03 1.282068538665771e+01 
6.497873365879059e-02 0.000000000000000e+00 9.978867173194885e-01 6.986511707305908e+00 
0.000000000000000e+00 0.000000000000000e+00 0.000000000000000e+00 1.000000000000000e+00 
src volume info
valid = 1  # volume info valid
filename = /out/sourcedata/freesurfer/sub-v2s13x29137_ses-1/mri/norm.mgz
volume = 256 256 256
voxelsize = 8.984375000000000e-01 8.984375000000000e-01 8.984375000000000e-01
xras   = -1.000000119209290e+00 4.575628209657623e-10 8.098457321414898e-11
yras   = 1.295753088159657e-10 -1.658563952844361e-08 -9.999999403953552e-01
zras   = 5.952365822459171e-10 9.999999403953552e-01 -1.658563952844361e-08
cras   = -2.906707763671875e+00 -2.753654479980469e+00 1.466197204589844e+01
dst volume info
valid = 1  # volume info valid
filename = /out/sourcedata/freesurfer/sub-v2s13x29137_ses-1/mri/norm.mgz
volume = 256 256 256
voxelsize = 8.984375000000000e-01 8.984375000000000e-01 8.984375000000000e-01
xras   = -1.000000119209290e+00 4.575628209657623e-10 8.098457321414898e-11
yras   = 1.295753088159657e-10 -1.658563952844361e-08 -9.999999403953552e-01
zras   = 5.952365822459171e-10 9.999999403953552e-01 -1.658563952844361e-08
cras   = -2.906707763671875e+00 -2.753654479980469e+00 1.466197204589844e+01
