type      = 0 # LINEAR_VOX_TO_VOX
nxforms   = 1
mean      = 0.0000 0.0000 0.0000
sigma     = 1.0000
1 4 4
9.542925357818604e-01 -3.787632659077644e-02 -6.356534361839294e-02 1.824257659912109e+01 
3.992387279868126e-02 9.101261496543884e-01 1.086866855621338e-01 -1.783750915527344e+01 
3.768766298890114e-02 -1.277730911970139e-01 9.163729548454285e-01 1.131078338623047e+01 
0.000000000000000e+00 0.000000000000000e+00 0.000000000000000e+00 1.000000000000000e+00 
src volume info
valid = 1  # volume info valid
filename = /out/sourcedata/freesurfer/sub-v2s13x29137_ses-1/mri/orig.mgz
volume = 256 256 256
voxelsize = 8.984375000000000e-01 8.984375000000000e-01 8.984375000000000e-01
xras   = -1.000000119209290e+00 4.575628209657623e-10 8.098457321414898e-11
yras   = 1.295753088159657e-10 -1.658563952844361e-08 -9.999999403953552e-01
zras   = 5.952365822459171e-10 9.999999403953552e-01 -1.658563952844361e-08
cras   = -2.906707763671875e+00 -2.753654479980469e+00 1.466197204589844e+01
dst volume info
valid = 1  # volume info valid
filename = /opt/freesurfer/average/mni305.cor.mgz
volume = 256 256 256
voxelsize = 1.000000000000000e+00 1.000000000000000e+00 1.000000000000000e+00
xras   = -1.000000000000000e+00 0.000000000000000e+00 0.000000000000000e+00
yras   = 0.000000000000000e+00 0.000000000000000e+00 -1.000000000000000e+00
zras   = 0.000000000000000e+00 1.000000000000000e+00 0.000000000000000e+00
cras   = 0.000000000000000e+00 0.000000000000000e+00 0.000000000000000e+00
subject fsaverage
fscale 0.100000
