# transform file transforms/talairach.lta
# created by oesteban on Wed Mar 11 05:41:20 2026

type      = 0 # LINEAR_VOX_TO_VOX
nxforms   = 1
mean      = 127.0000 136.0000 123.0000
sigma     = 10000.0000
1 4 4
9.517513513565063e-01 -1.901800371706486e-02 -7.556200772523880e-02 1.871663093566895e+01 
3.276165947318077e-02 9.467554092407227e-01 6.642115861177444e-02 -1.590874099731445e+01 
9.108413010835648e-02 -5.018562823534012e-02 8.991675376892090e-01 -3.554532527923584e+00 
0.000000000000000e+00 0.000000000000000e+00 0.000000000000000e+00 1.000000000000000e+00 
src volume info
valid = 1  # volume info valid
filename = nu.mgz
volume = 256 256 256
voxelsize = 8.984375000000000e-01 8.984375000000000e-01 8.984375000000000e-01
xras   = -1.000000119209290e+00 4.575628209657623e-10 8.098457321414898e-11
yras   = 1.295753088159657e-10 -1.658563952844361e-08 -9.999999403953552e-01
zras   = 5.952365822459171e-10 9.999999403953552e-01 -1.658563952844361e-08
cras   = -2.906707763671875e+00 -2.753654479980469e+00 1.466197204589844e+01
dst volume info
valid = 1  # volume info valid
filename = /opt/freesurfer/average/RB_all_2020-01-02.gca
volume = 256 256 256
voxelsize = 1.000000000000000e+00 1.000000000000000e+00 1.000000000000000e+00
xras   = -1.000000000000000e+00 0.000000000000000e+00 0.000000000000000e+00
yras   = 0.000000000000000e+00 0.000000000000000e+00 -1.000000000000000e+00
zras   = 0.000000000000000e+00 1.000000000000000e+00 0.000000000000000e+00
cras   = 0.000000000000000e+00 0.000000000000000e+00 0.000000000000000e+00
