type      = 1 # LINEAR_RAS_TO_RAS
nxforms   = 1
mean      = 0.0000 0.0000 0.0000
sigma     = 1.0000
1 4 4
1.062168955802917e+00 7.075099647045135e-02 -4.215800017118454e-02 4.492858886718750e+00 
-4.194800183176994e-02 1.019963026046753e+00 1.422169953584671e-01 -1.032289886474609e+01 
4.443699866533279e-02 -1.209729984402657e-01 1.013010025024414e+00 -4.737456798553467e+00 
0.000000000000000e+00 0.000000000000000e+00 0.000000000000000e+00 1.000000000000000e+00 
src volume info
valid = 1  # volume info valid
filename = /out/sourcedata/freesurfer/sub-v2s13x29137_ses-1/mri/orig_nu.mgz
volume = 256 256 256
voxelsize = 8.984375000000000e-01 8.984375000000000e-01 8.984375000000000e-01
xras   = -1.000000119209290e+00 4.575628209657623e-10 8.098457321414898e-11
yras   = 1.295753088159657e-10 -1.658563952844361e-08 -9.999999403953552e-01
zras   = 5.952365822459171e-10 9.999999403953552e-01 -1.658563952844361e-08
cras   = -2.906707763671875e+00 -2.753654479980469e+00 1.466197204589844e+01
dst volume info
valid = 1  # volume info valid
filename = /opt/freesurfer/average/mni305.cor.mgz
volume = 256 256 256
voxelsize = 1.000000000000000e+00 1.000000000000000e+00 1.000000000000000e+00
xras   = -1.000000000000000e+00 0.000000000000000e+00 0.000000000000000e+00
yras   = 0.000000000000000e+00 0.000000000000000e+00 -1.000000000000000e+00
zras   = 0.000000000000000e+00 1.000000000000000e+00 0.000000000000000e+00
cras   = 0.000000000000000e+00 0.000000000000000e+00 0.000000000000000e+00
subject fsaverage
fscale 0.100000
