#Insight Transform File V1.0
#Transform 0
Transform: AffineTransform_float_3_3
Parameters: 0.999999 0.00141161 -0.00120073 -0.00141406 0.999997 -0.00202551 0.00119769 0.00202785 0.999998 0.00927053 -0.0742024 0.203725
FixedParameters: 0 0 0

#Transform 1
Transform: AffineTransform_float_3_3
Parameters: 0.999998 0.00139046 -0.00147635 -0.00139241 0.999998 -0.00181432 0.00147386 0.00181714 0.999997 0.0201326 -0.0536306 0.178696
FixedParameters: 0 0 0

#Transform 2
Transform: AffineTransform_float_3_3
Parameters: 0.999998 0.00132315 -0.00143138 -0.00132421 0.999998 -0.000734014 0.00143024 0.00073584 0.999999 0.0232186 -0.0695795 0.16861
FixedParameters: 0 0 0

#Transform 3
Transform: AffineTransform_float_3_3
Parameters: 0.999998 0.00132504 -0.00141492 -0.00132579 0.999999 -0.000238289 0.00141423 0.000240102 0.999999 0.024464 -0.0544173 0.116281
FixedParameters: 0 0 0

#Transform 4
Transform: AffineTransform_float_3_3
Parameters: 0.999998 0.00155837 -0.00112074 -0.00155825 0.999998 8.46979e-05 0.00112097 -8.24205e-05 0.999999 -0.00218859 -0.0618304 0.131139
FixedParameters: 0 0 0

#Transform 5
Transform: AffineTransform_float_3_3
Parameters: 0.999998 0.00138841 -0.000918702 -0.00138931 0.999998 -0.00119752 0.000917194 0.0011988 0.999999 -0.000767788 -0.0189912 0.109591
FixedParameters: 0 0 0

#Transform 6
Transform: AffineTransform_float_3_3
Parameters: 0.999997 0.00166849 -0.00147447 -0.00166951 0.999998 -0.000717001 0.00147284 0.000718743 0.999999 0.0110016 -0.0652345 0.114835
FixedParameters: 0 0 0

#Transform 7
Transform: AffineTransform_float_3_3
Parameters: 0.999998 0.00171116 -0.00152629 -0.00171195 0.999999 -0.000274066 0.00152628 0.000277075 0.999999 0.00168784 -0.0935706 0.13381
FixedParameters: 0 0 0

#Transform 8
Transform: AffineTransform_float_3_3
Parameters: 0.999998 0.0015108 -0.000814343 -0.00151053 0.999998 -0.000514801 0.000813618 0.000516019 0.999999 -0.0092081 -0.0717621 0.118964
FixedParameters: 0 0 0

#Transform 9
Transform: AffineTransform_float_3_3
Parameters: 0.999998 0.00151951 -0.000726327 -0.00151977 0.999999 -0.000175564 0.000725757 0.000176555 1 -0.0131871 -0.0331138 0.0638161
FixedParameters: 0 0 0

#Transform 10
Transform: AffineTransform_float_3_3
Parameters: 0.999999 0.00118387 -0.000822116 -0.00118406 0.999999 -0.00011181 0.000821816 0.000112541 0.999999 0.00188139 -0.00350834 0.0521041
FixedParameters: 0 0 0

#Transform 11
Transform: AffineTransform_float_3_3
Parameters: 1 0.000773804 -0.000650605 -0.000773744 0.999999 9.94659e-05 0.000650733 -9.94276e-05 1 -0.00485839 -0.0345918 0.0545049
FixedParameters: 0 0 0

#Transform 12
Transform: AffineTransform_float_3_3
Parameters: 1 0.000585367 -0.000109446 -0.00058529 1 0.00035135 0.000109858 -0.000351221 1 -0.00978499 -0.076442 0.0823741
FixedParameters: 0 0 0

#Transform 13
Transform: AffineTransform_float_3_3
Parameters: 0.999999 0.000535244 -0.000507555 -0.000535785 0.999999 0.00056547 0.000507293 -0.000564901 0.999999 0.0013631 -0.0908735 0.077846
FixedParameters: 0 0 0

#Transform 14
Transform: AffineTransform_float_3_3
Parameters: 0.999999 0.000541626 -0.000458531 -0.000542409 1 0.000362763 0.000458056 -0.000362241 1 0.00107074 -0.0548573 0.0782982
FixedParameters: 0 0 0

#Transform 15
Transform: AffineTransform_float_3_3
Parameters: 0.999999 0.00100229 -0.000315113 -0.00100179 0.999999 0.000893357 0.000315873 -0.000893909 0.999999 -0.00510355 -0.0155841 0.0759156
FixedParameters: 0 0 0

#Transform 16
Transform: AffineTransform_float_3_3
Parameters: 1 0.000118873 -0.000342912 -0.000118707 1 0.000241808 0.000342969 -0.000241727 1 -0.0007107 -0.0790328 0.0787478
FixedParameters: 0 0 0

#Transform 17
Transform: AffineTransform_float_3_3
Parameters: 1 0.000556647 -0.0003012 -0.00055607 1 0.000851771 0.00030214 -0.000851683 0.999999 -0.00626675 -0.0668093 0.0721547
FixedParameters: 0 0 0

#Transform 18
Transform: AffineTransform_float_3_3
Parameters: 1 0.000388546 7.83389e-05 -0.000388652 0.999999 0.000715911 -7.77514e-05 -0.000715004 0.999999 -0.0041877 -0.0282514 0.0750859
FixedParameters: 0 0 0

#Transform 19
Transform: AffineTransform_float_3_3
Parameters: 1 0.000390353 9.75265e-05 -0.000390621 1 0.00106449 -9.76916e-05 -0.00106453 1 -0.0087018 -0.0718294 0.0633136
FixedParameters: 0 0 0

#Transform 20
Transform: AffineTransform_float_3_3
Parameters: 1 7.93162e-05 0.000205617 -7.93006e-05 1 -3.77743e-05 -0.000205623 3.77417e-05 1 -0.0111102 0.0129977 -0.000227229
FixedParameters: 0 0 0

#Transform 21
Transform: AffineTransform_float_3_3
Parameters: 1 -8.90602e-05 0.00024431 8.87062e-05 0.999999 0.000980946 -0.000243493 -0.000980934 0.999999 0.000200196 -0.0945065 0.0374077
FixedParameters: 0 0 0

#Transform 22
Transform: AffineTransform_float_3_3
Parameters: 1 -7.98446e-05 0.000317777 8.02314e-05 0.999999 0.000949698 -0.00031805 -0.000949394 1 0.00533573 -0.0775851 0.049493
FixedParameters: 0 0 0

#Transform 23
Transform: AffineTransform_float_3_3
Parameters: 1 -0.000269174 0.000397266 0.000268937 1 0.000298238 -0.000397426 -0.000298024 1 0.00342789 -0.0068208 0.0436852
FixedParameters: 0 0 0

#Transform 24
Transform: AffineTransform_float_3_3
Parameters: 1 -0.000477661 0.000183425 0.000477493 1 0.000457602 -0.000183862 -0.000457427 1 0.0139721 0.00459368 0.0176454
FixedParameters: 0 0 0

#Transform 25
Transform: AffineTransform_float_3_3
Parameters: 1 -9.70517e-05 0.000185889 9.65974e-05 0.999999 0.00139203 -0.000186163 -0.001392 0.999999 0.0109751 -0.0431788 0.0561562
FixedParameters: 0 0 0

#Transform 26
Transform: AffineTransform_float_3_3
Parameters: 1 -0.000324239 0.000186511 0.000324007 1 0.00112645 -0.000186254 -0.00112636 1 0.00705604 -0.058926 0.0598529
FixedParameters: 0 0 0

#Transform 27
Transform: AffineTransform_float_3_3
Parameters: 1 -0.000509064 0.000186805 0.000508768 0.999999 0.00079074 -0.00018761 -0.000790549 0.999999 0.0106679 0.00515916 0.0408226
FixedParameters: 0 0 0

#Transform 28
Transform: AffineTransform_float_3_3
Parameters: 1 -0.000489451 0.00041952 0.000488684 1 0.000989489 -0.000420492 -0.000989078 1 0.016764 -0.0291045 0.0502823
FixedParameters: 0 0 0

#Transform 29
Transform: AffineTransform_float_3_3
Parameters: 1 -0.000549886 0.000419628 0.000549814 0.999998 0.0014889 -0.000420402 -0.00148846 0.999999 0.0259754 -0.0384095 0.0559696
FixedParameters: 0 0 0

#Transform 30
Transform: AffineTransform_float_3_3
Parameters: 1 -0.000411522 0.000362507 0.00041076 0.999999 0.00131023 -0.000362597 -0.00130996 0.999999 0.0136863 -0.0256385 0.0683082
FixedParameters: 0 0 0

#Transform 31
Transform: AffineTransform_float_3_3
Parameters: 1 -0.000361041 0.000261983 0.000360559 1 0.00104112 -0.000262739 -0.00104093 1 0.0273092 -0.0119745 0.0387682
FixedParameters: 0 0 0

#Transform 32
Transform: AffineTransform_float_3_3
Parameters: 1 -4.0574e-05 -6.613e-06 4.05857e-05 0.999999 0.000890759 6.54071e-06 -0.00089076 0.999999 0.0328982 0.0600492 0.0301668
FixedParameters: 0 0 0

#Transform 33
Transform: AffineTransform_float_3_3
Parameters: 1 -3.66516e-05 4.0275e-05 3.66108e-05 0.999998 0.00208287 -4.04371e-05 -0.00208286 0.999998 0.0263568 -0.0690743 0.0912379
FixedParameters: 0 0 0

#Transform 34
Transform: AffineTransform_float_3_3
Parameters: 1 -0.000221581 3.59233e-05 0.000221556 0.999998 0.00208344 -3.68561e-05 -0.00208342 0.999998 0.0285742 -0.0700682 0.080682
FixedParameters: 0 0 0

#Transform 35
Transform: AffineTransform_float_3_3
Parameters: 1 -0.000173604 0.000118417 0.000173307 0.999999 0.00179056 -0.000119048 -0.00179052 0.999999 0.0277943 -0.0256829 0.0445366
FixedParameters: 0 0 0

#Transform 36
Transform: AffineTransform_float_3_3
Parameters: 1 -2.0764e-05 0.000176502 2.10201e-05 0.999996 0.00261876 -0.00017675 -0.00261875 0.999996 0.0262866 -0.00447262 0.013131
FixedParameters: 0 0 0

#Transform 37
Transform: AffineTransform_float_3_3
Parameters: 1 -0.00034226 2.82916e-05 0.00034236 0.999997 0.00264212 -3.01227e-05 -0.00264234 0.999996 0.0283688 -0.0368065 0.017873
FixedParameters: 0 0 0

#Transform 38
Transform: AffineTransform_float_3_3
Parameters: 1 -0.000273233 4.7741e-05 0.000273306 0.999996 0.00253841 -4.81509e-05 -0.00253842 0.999997 0.0238081 -0.0348304 0.0166063
FixedParameters: 0 0 0

#Transform 39
Transform: AffineTransform_float_3_3
Parameters: 0.999999 -0.00032877 0.000794655 0.000326487 0.999998 0.00225785 -0.000795281 -0.00225735 0.999997 0.0172806 -0.038689 -0.057051
FixedParameters: 0 0 0

#Transform 40
Transform: AffineTransform_float_3_3
Parameters: 1 -0.00102764 0.000564003 0.00102676 0.999997 0.00192298 -0.000566131 -0.00192284 0.999998 0.0477102 -0.0201523 -0.0675195
FixedParameters: 0 0 0

#Transform 41
Transform: AffineTransform_float_3_3
Parameters: 1 -0.0010975 1.08021e-05 0.00109706 0.999995 0.00295055 -1.42002e-05 -0.00295087 0.999995 0.0590694 -0.0280653 -0.0396815
FixedParameters: 0 0 0

#Transform 42
Transform: AffineTransform_float_3_3
Parameters: 1 -0.000531003 -6.21417e-05 0.000531857 0.999996 0.00284161 6.10858e-05 -0.00284174 0.999996 0.0488935 -0.029511 -0.0616236
FixedParameters: 0 0 0

#Transform 43
Transform: AffineTransform_float_3_3
Parameters: 1 -0.00101978 1.82368e-05 0.00101953 0.999994 0.0034954 -2.13058e-05 -0.00349574 0.999994 0.0580102 -0.0407078 -0.052272
FixedParameters: 0 0 0

#Transform 44
Transform: AffineTransform_float_3_3
Parameters: 1 -0.000559668 -0.000289186 0.000561338 0.999993 0.00351911 0.00028732 -0.0035195 0.999994 0.0588178 -0.020979 -0.0257157
FixedParameters: 0 0 0

#Transform 45
Transform: AffineTransform_float_3_3
Parameters: 0.999999 -0.000924391 -1.84484e-05 0.000925113 0.999996 0.00269406 1.64218e-05 -0.00269419 0.999997 0.0574829 -0.0221163 -0.0316927
FixedParameters: 0 0 0

#Transform 46
Transform: AffineTransform_float_3_3
Parameters: 0.999999 -0.000934044 -8.42818e-07 0.000934795 0.999995 0.00321967 -2.23109e-06 -0.00322001 0.999995 0.0571475 -0.0351868 -0.0126232
FixedParameters: 0 0 0

#Transform 47
Transform: AffineTransform_float_3_3
Parameters: 0.999999 -0.000932602 1.80841e-05 0.000932474 0.999993 0.00383135 -2.11477e-05 -0.00383073 0.999992 0.0565277 -0.0543475 -0.00451268
FixedParameters: 0 0 0

#Transform 48
Transform: AffineTransform_float_3_3
Parameters: 1 -0.000986692 -0.000430945 0.000988075 0.999994 0.00318417 0.000427861 -0.00318512 0.999995 0.0666424 -0.00353714 0.0219432
FixedParameters: 0 0 0

#Transform 49
Transform: AffineTransform_float_3_3
Parameters: 0.999999 -0.000934086 -2.96661e-06 0.000934787 0.999995 0.00305478 2.08927e-07 -0.00305487 0.999996 0.0583039 7.55778e-05 -0.0536829
FixedParameters: 0 0 0

#Transform 50
Transform: AffineTransform_float_3_3
Parameters: 0.999999 -0.000943929 -8.44669e-05 0.000944123 0.999995 0.00295614 8.19577e-05 -0.00295665 0.999995 0.0599122 0.00544223 -0.0260931
FixedParameters: 0 0 0

#Transform 51
Transform: AffineTransform_float_3_3
Parameters: 1 -0.000545888 0.000117427 0.000545849 0.999992 0.00390454 -0.000118752 -0.00390451 0.999993 0.0502982 -0.0571315 -0.00288677
FixedParameters: 0 0 0

#Transform 52
Transform: AffineTransform_float_3_3
Parameters: 0.999999 -0.000696012 0.000256082 0.000694898 0.999992 0.0037585 -0.000258367 -0.00375824 0.999993 0.0507861 -0.0107782 -0.0174604
FixedParameters: 0 0 0

#Transform 53
Transform: AffineTransform_float_3_3
Parameters: 0.999999 -0.000914556 0.000156049 0.000914296 0.999995 0.0030268 -0.000158633 -0.0030266 0.999996 0.0553974 0.0086835 -0.0627558
FixedParameters: 0 0 0

#Transform 54
Transform: AffineTransform_float_3_3
Parameters: 1 -0.000677751 3.60835e-05 0.000678137 0.999995 0.00327596 -3.85738e-05 -0.00327622 0.999994 0.0549501 0.00679589 -0.0473042
FixedParameters: 0 0 0

#Transform 55
Transform: AffineTransform_float_3_3
Parameters: 0.999999 -0.000940162 -4.24479e-05 0.000940379 0.999992 0.00396143 3.80922e-05 -0.00396064 0.999992 0.0654071 -0.0133042 -0.00667667
FixedParameters: 0 0 0

#Transform 56
Transform: AffineTransform_float_3_3
Parameters: 0.999999 -0.000922445 0.000104111 0.00092266 0.999992 0.00404379 -0.000107651 -0.00404397 0.999992 0.0561836 -0.0127762 0.00912546
FixedParameters: 0 0 0

#Transform 57
Transform: AffineTransform_float_3_3
Parameters: 0.999999 -0.000723489 0.000172927 0.000722975 0.999995 0.00328281 -0.000175724 -0.00328286 0.999994 0.0524546 -0.00651881 -0.0141749
FixedParameters: 0 0 0

#Transform 58
Transform: AffineTransform_float_3_3
Parameters: 1 -0.000672981 0.000274843 0.000672499 0.999989 0.00460428 -0.000278239 -0.00460399 0.99999 0.0505236 -0.0141167 -0.0119207
FixedParameters: 0 0 0

#Transform 59
Transform: AffineTransform_float_3_3
Parameters: 1 -0.000606651 -0.000148378 0.000607618 0.999991 0.00406205 0.000145547 -0.00406133 0.999991 0.0578913 0.0091589 0.0142999
FixedParameters: 0 0 0

#Transform 60
Transform: AffineTransform_float_3_3
Parameters: 0.999999 -0.000940435 -2.08707e-05 0.000940602 0.999992 0.00387674 1.76316e-05 -0.00387691 0.999993 0.0582977 -0.0278824 -0.0330326
FixedParameters: 0 0 0

#Transform 61
Transform: AffineTransform_float_3_3
Parameters: 0.999999 -0.000799651 3.95006e-06 0.000799561 0.999992 0.00405762 -7.38561e-06 -0.00405795 0.999992 0.056393 -0.0244522 -0.0318298
FixedParameters: 0 0 0

#Transform 62
Transform: AffineTransform_float_3_3
Parameters: 1 -0.000633818 -1.70541e-05 0.000633709 0.999992 0.00393496 1.41364e-05 -0.00393505 0.999993 0.0531617 -0.0115637 -0.00701332
FixedParameters: 0 0 0

#Transform 63
Transform: AffineTransform_float_3_3
Parameters: 0.999999 -0.000884269 0.000443158 0.000882732 0.999992 0.0040442 -0.000446507 -0.00404378 0.999991 0.0486991 -0.0414533 -0.0108382
FixedParameters: 0 0 0

#Transform 64
Transform: AffineTransform_float_3_3
Parameters: 0.999999 -0.000948493 -9.15236e-05 0.000948885 0.999993 0.00345472 8.8072e-05 -0.00345402 0.999994 0.0601163 -0.00582737 -0.041034
FixedParameters: 0 0 0

#Transform 65
Transform: AffineTransform_float_3_3
Parameters: 1 -0.000986327 -0.000393659 0.000987858 0.99999 0.00437959 0.00038931 -0.00438051 0.999991 0.0639483 -0.0942311 -0.00107311
FixedParameters: 0 0 0

#Transform 66
Transform: AffineTransform_float_3_3
Parameters: 1 -0.000955266 -0.000139157 0.000955445 0.999991 0.00419458 0.00013532 -0.00419498 0.999991 0.0622256 0.0136429 -0.036681
FixedParameters: 0 0 0

#Transform 67
Transform: AffineTransform_float_3_3
Parameters: 1 -0.000984799 -0.000376681 0.000986907 0.999988 0.0049292 0.000372233 -0.00493036 0.999988 0.0669548 0.00188624 -0.0141389
FixedParameters: 0 0 0

#Transform 68
Transform: AffineTransform_float_3_3
Parameters: 0.999999 -0.000906978 0.000274874 0.000905556 0.999985 0.00540925 -0.000279791 -0.0054089 0.999986 0.0539308 -0.00562472 0.00085857
FixedParameters: 0 0 0

#Transform 69
Transform: AffineTransform_float_3_3
Parameters: 0.999999 -0.000916663 0.000185144 0.000916102 0.999988 0.0046927 -0.00018983 -0.00469248 0.999989 0.0541461 -0.0435334 -0.0261668
FixedParameters: 0 0 0

#Transform 70
Transform: AffineTransform_float_3_3
Parameters: 0.999999 -0.000676757 -0.000258437 0.000678029 0.999991 0.0043608 0.000255706 -0.00436125 0.999991 0.0609997 0.00768718 -0.0266239
FixedParameters: 0 0 0

#Transform 71
Transform: AffineTransform_float_3_3
Parameters: 0.999999 -0.000690526 -0.000118075 0.000691918 0.999989 0.00479667 0.000115478 -0.00479696 0.999989 0.0580704 -0.0140368 -8.52346e-05
FixedParameters: 0 0 0

#Transform 72
Transform: AffineTransform_float_3_3
Parameters: 1 -0.000475182 2.12902e-05 0.000474288 0.999985 0.00543615 -2.32987e-05 -0.00543623 0.999985 0.0552276 -0.081311 -0.00559261
FixedParameters: 0 0 0

#Transform 73
Transform: AffineTransform_float_3_3
Parameters: 0.999999 -0.000533357 -0.000423024 0.000534975 0.999986 0.0051862 0.000420898 -0.00518652 0.999987 0.0593682 -0.0183351 0.0223479
FixedParameters: 0 0 0

#Transform 74
Transform: AffineTransform_float_3_3
Parameters: 0.999999 -0.000509082 -0.000443597 0.000511163 0.99999 0.00462939 0.00044121 -0.00462895 0.999989 0.0575195 -0.0100403 -0.0222656
FixedParameters: 0 0 0

#Transform 75
Transform: AffineTransform_float_3_3
Parameters: 0.999999 -0.000657782 -0.000366396 0.000660403 0.999978 0.00650616 0.000362216 -0.00650582 0.999978 0.0525666 -0.0559558 0.0237855
FixedParameters: 0 0 0

#Transform 76
Transform: AffineTransform_float_3_3
Parameters: 1 -0.000453597 -0.000371868 0.000454551 0.999991 0.00417983 0.000370386 -0.00418024 0.999991 0.0394805 0.00392167 0.0117525
FixedParameters: 0 0 0

#Transform 77
Transform: AffineTransform_float_3_3
Parameters: 1 -0.000373111 -0.000482702 0.000375541 0.999993 0.00391804 0.000480971 -0.00391844 0.999992 0.0459214 -0.0174157 -0.0167194
FixedParameters: 0 0 0

#Transform 78
Transform: AffineTransform_float_3_3
Parameters: 1 -0.000583227 -0.000309897 0.000584859 0.99999 0.00430317 0.000308084 -0.00430267 0.99999 0.0442952 -0.047367 0.00842771
FixedParameters: 0 0 0

#Transform 79
Transform: AffineTransform_float_3_3
Parameters: 1 -0.00054905 -5.98503e-05 0.000548883 0.999986 0.0051707 5.73675e-05 -0.0051699 0.999986 0.0546176 -0.0232222 -0.00819985
FixedParameters: 0 0 0

#Transform 80
Transform: AffineTransform_float_3_3
Parameters: 1 -0.000575759 -0.000239154 0.000576557 0.999986 0.00526244 0.000236372 -0.00526282 0.999986 0.0491924 -0.0578911 0.0605694
FixedParameters: 0 0 0

#Transform 81
Transform: AffineTransform_float_3_3
Parameters: 0.999999 -0.000597882 -0.000426665 0.000600155 0.999988 0.00482513 0.000424176 -0.00482575 0.999989 0.0539991 -0.0522676 0.0369158
FixedParameters: 0 0 0

#Transform 82
Transform: AffineTransform_float_3_3
Parameters: 0.999999 -0.000599347 -0.000442794 0.000601009 0.99999 0.00430936 0.000439967 -0.004309 0.99999 0.049113 -0.0348539 0.00938616
FixedParameters: 0 0 0

#Transform 83
Transform: AffineTransform_float_3_3
Parameters: 1 -0.000489211 -6.5907e-05 0.000489953 0.999987 0.00507974 6.29793e-05 -0.00507987 0.999987 0.053407 0.00735144 0.022068
FixedParameters: 0 0 0

#Transform 84
Transform: AffineTransform_float_3_3
Parameters: 0.999999 -0.000586835 -0.000337652 0.000587794 0.999989 0.00452717 0.000334643 -0.00452765 0.999989 0.049487 -0.0593504 0.0110605
FixedParameters: 0 0 0

#Transform 85
Transform: AffineTransform_float_3_3
Parameters: 0.999999 -0.000590975 -0.00037297 0.0005923 0.99999 0.00441423 0.000371048 -0.00441478 0.99999 0.0585195 -0.0935406 -0.0111338
FixedParameters: 0 0 0

#Transform 86
Transform: AffineTransform_float_3_3
Parameters: 0.999999 -0.000584074 -0.000314383 0.000584856 0.999989 0.00457244 0.000311379 -0.00457192 0.999989 0.0540363 -0.0777886 -0.0215045
FixedParameters: 0 0 0

#Transform 87
Transform: AffineTransform_float_3_3
Parameters: 0.999999 -0.000598603 -0.000434446 0.000600616 0.999989 0.00457636 0.000432294 -0.00457577 0.99999 0.0579931 -0.0394261 -0.000658293
FixedParameters: 0 0 0

#Transform 88
Transform: AffineTransform_float_3_3
Parameters: 0.999999 -0.000597711 -0.000424664 0.000600024 0.999988 0.00488908 0.000422131 -0.00488873 0.999988 0.0593363 -0.0390224 -0.00978997
FixedParameters: 0 0 0

#Transform 89
Transform: AffineTransform_float_3_3
Parameters: 0.999999 -0.000596018 -0.000405593 0.00059783 0.999985 0.00549879 0.00040243 -0.00549939 0.999985 0.0646297 -0.0455376 0.0270602
FixedParameters: 0 0 0

#Transform 90
Transform: AffineTransform_float_3_3
Parameters: 1 -0.000564441 -0.000145798 0.000565228 0.999987 0.00519846 0.000143083 -0.00519873 0.999987 0.0413089 -0.00219902 0.0173531
FixedParameters: 0 0 0

#Transform 91
Transform: AffineTransform_float_3_3
Parameters: 0.999999 -0.000598791 -0.000436636 0.000600757 0.999989 0.00450628 0.000434531 -0.00450691 0.99999 0.0586663 -0.0376078 0.0298649
FixedParameters: 0 0 0

#Transform 92
Transform: AffineTransform_float_3_3
Parameters: 0.999999 -0.000596068 -0.000406187 0.00059787 0.999985 0.0054798 0.000403046 -0.0054804 0.999985 0.0654747 -0.0558407 0.0411501
FixedParameters: 0 0 0

#Transform 93
Transform: AffineTransform_float_3_3
Parameters: 0.999999 -0.000532859 -0.000417448 0.00053463 0.999985 0.00536411 0.000415132 -0.00536442 0.999986 0.0594639 -0.0536126 0.0398707
FixedParameters: 0 0 0

#Transform 94
Transform: AffineTransform_float_3_3
Parameters: 1 -0.000581208 -0.000286409 0.000582326 0.999987 0.00505381 0.000283848 -0.00505328 0.999987 0.0503895 -0.0683944 0.00320678
FixedParameters: 0 0 0

#Transform 95
Transform: AffineTransform_float_3_3
Parameters: 0.999999 -0.000714056 -0.000118384 0.000714457 0.999987 0.00504883 0.000114366 -0.00504813 0.999987 0.0455875 -0.0709173 -0.0866235
FixedParameters: 0 0 0

#Transform 96
Transform: AffineTransform_float_3_3
Parameters: 0.999999 -0.000837969 -0.000384449 0.000840398 0.999986 0.00524645 0.000379917 -0.00524723 0.999986 0.0584576 -0.0148714 -0.0476986
FixedParameters: 0 0 0

#Transform 97
Transform: AffineTransform_float_3_3
Parameters: 0.999999 -0.000760181 -0.000401256 0.000761556 0.999988 0.0050097 0.000398068 -0.00500949 0.999988 0.053172 -0.0633263 -0.0431779
FixedParameters: 0 0 0

#Transform 98
Transform: AffineTransform_float_3_3
Parameters: 1 -0.00100595 -0.000366177 0.00100721 0.999986 0.00518416 0.000361134 -0.00518508 0.999987 0.0666861 -0.0462056 -0.0311001
FixedParameters: 0 0 0

#Transform 99
Transform: AffineTransform_float_3_3
Parameters: 0.999999 -0.000718461 -0.000383436 0.000721447 0.999984 0.00573532 0.000379434 -0.00573625 0.999983 0.0516979 -0.0502194 0.00284218
FixedParameters: 0 0 0

#Transform 100
Transform: AffineTransform_float_3_3
Parameters: 0.999999 -0.000697113 -0.000380293 0.000699274 0.999983 0.0059164 0.00037641 -0.00591707 0.999983 0.046528 -0.0757344 0.0146287
FixedParameters: 0 0 0

#Transform 101
Transform: AffineTransform_float_3_3
Parameters: 1 -0.00100684 -0.000376111 0.00100784 0.999987 0.00486231 0.000371718 -0.00486325 0.999988 0.0471253 -0.0479299 -0.0403543
FixedParameters: 0 0 0

#Transform 102
Transform: AffineTransform_float_3_3
Parameters: 1 -0.000475741 -0.000678917 0.00047935 0.999985 0.00547012 0.000676264 -0.0054699 0.999985 0.0533742 -0.0263797 0.00300997
FixedParameters: 0 0 0

#Transform 103
Transform: AffineTransform_float_3_3
Parameters: 0.999999 -0.000740957 -0.000115712 0.000741894 0.999982 0.00586419 0.000111184 -0.00586353 0.999982 0.0493031 -0.0504952 -0.000302746
FixedParameters: 0 0 0

#Transform 104
Transform: AffineTransform_float_3_3
Parameters: 0.999999 -0.000673001 -0.00039112 0.00067497 0.999984 0.00566456 0.000387873 -0.00566523 0.999984 0.0520761 -0.0382062 0.0342999
FixedParameters: 0 0 0

#Transform 105
Transform: AffineTransform_float_3_3
Parameters: 0.999999 -0.000750066 -0.000388956 0.00075177 0.999985 0.00543952 0.000385179 -0.00544025 0.999985 0.0477515 -0.114013 -0.0116038
FixedParameters: 0 0 0

#Transform 106
Transform: AffineTransform_float_3_3
Parameters: 1 -0.00085256 -0.000367687 0.000854426 0.999984 0.00572506 0.000363291 -0.00572611 0.999983 0.0612225 -0.0339985 -0.0156019
FixedParameters: 0 0 0

#Transform 107
Transform: AffineTransform_float_3_3
Parameters: 1 -0.000623873 -8.22433e-05 0.000624763 0.999979 0.00644321 7.83141e-05 -0.00644345 0.999979 0.0559001 -0.0632312 0.0158702
FixedParameters: 0 0 0

#Transform 108
Transform: AffineTransform_float_3_3
Parameters: 0.999999 -0.000654325 -0.000372798 0.000656821 0.99998 0.00631627 0.000368886 -0.00631691 0.99998 0.0512301 -0.0172567 0.0308542
FixedParameters: 0 0 0

#Transform 109
Transform: AffineTransform_float_3_3
Parameters: 1 -0.000841143 -0.00036338 0.000843159 0.999983 0.00590611 0.00035884 -0.00590593 0.999983 0.056513 -0.0104364 0.0370781
FixedParameters: 0 0 0

#Transform 110
Transform: AffineTransform_float_3_3
Parameters: 0.999999 -0.000659722 -0.000388549 0.000661827 0.999983 0.00579652 0.000385273 -0.00579718 0.999983 0.0530781 -0.0752775 0.0191025
FixedParameters: 0 0 0

#Transform 111
Transform: AffineTransform_float_3_3
Parameters: 0.999999 -0.000586198 -0.00061189 0.000589679 0.999979 0.00637265 0.000608024 -0.0063735 0.999979 0.0626874 -0.0472143 0.0465879
FixedParameters: 0 0 0

#Transform 112
Transform: AffineTransform_float_3_3
Parameters: 1 -0.000390163 -0.00071001 0.000394801 0.999972 0.00747398 0.000706994 -0.00747465 0.999972 0.0630428 -0.10782 0.018271
FixedParameters: 0 0 0

#Transform 113
Transform: AffineTransform_float_3_3
Parameters: 0.999999 -0.000390614 -0.000686103 0.000394928 0.99998 0.0064197 0.000682731 -0.00641933 0.999979 0.0674317 -0.0671117 0.0225976
FixedParameters: 0 0 0

#Transform 114
Transform: AffineTransform_float_3_3
Parameters: 1 -0.000793717 -0.000337224 0.000796477 0.999976 0.0069197 0.000331599 -0.00691944 0.999976 0.0514683 -0.122256 -6.8509e-06
FixedParameters: 0 0 0

#Transform 115
Transform: AffineTransform_float_3_3
Parameters: 1 -0.000677778 -0.000493789 0.00068047 0.99998 0.00622515 0.000488881 -0.00622473 0.999981 0.0675349 -0.000148773 -0.024425
FixedParameters: 0 0 0

#Transform 116
Transform: AffineTransform_float_3_3
Parameters: 0.999999 -0.0005193 -0.000343076 0.000522056 0.99997 0.00776281 0.000339439 -0.00776332 0.99997 0.0758266 -0.0890168 -0.00100052
FixedParameters: 0 0 0

#Transform 117
Transform: AffineTransform_float_3_3
Parameters: 1 -0.000790138 -0.000295778 0.000792863 0.999965 0.00825306 0.000289129 -0.00825374 0.999966 0.0732547 -0.0699653 0.000893117
FixedParameters: 0 0 0

#Transform 118
Transform: AffineTransform_float_3_3
Parameters: 0.999999 -0.00052333 -0.000366566 0.000525454 0.999976 0.00700619 0.000362697 -0.00700669 0.999976 0.0664839 0.0012038 -0.00322421
FixedParameters: 0 0 0

#Transform 119
Transform: AffineTransform_float_3_3
Parameters: 0.999999 -0.000612704 -0.000355974 0.000614803 0.999976 0.00700602 0.000351845 -0.00700661 0.999976 0.064857 -0.0809601 -0.0131144
FixedParameters: 0 0 0

#Transform 120
Transform: AffineTransform_float_3_3
Parameters: 1 -0.000669082 -0.000387138 0.000672385 0.999964 0.00839374 0.000381454 -0.00839348 0.999964 0.0799399 -0.0492076 0.0281072
FixedParameters: 0 0 0

#Transform 121
Transform: AffineTransform_float_3_3
Parameters: 1 -0.00029059 -0.00036672 0.000293615 0.999969 0.00786621 0.000364583 -0.00786651 0.999969 0.0641957 -0.0378428 0.0373862
FixedParameters: 0 0 0

#Transform 122
Transform: AffineTransform_float_3_3
Parameters: 1 -0.000157596 -0.000406259 0.000160143 0.999974 0.00712084 0.000405492 -0.00712103 0.999974 0.0580466 -0.0274249 0.00472062
FixedParameters: 0 0 0

#Transform 123
Transform: AffineTransform_float_3_3
Parameters: 0.999999 -0.000731971 0.000193134 0.000730625 0.99997 0.00771147 -0.000198448 -0.0077104 0.99997 0.0698672 -0.0371042 0.0150378
FixedParameters: 0 0 0

#Transform 124
Transform: AffineTransform_float_3_3
Parameters: 1 -0.000422313 0.000125925 0.000421587 0.999973 0.00744173 -0.000129207 -0.00744075 0.999972 0.0596402 -0.0318915 0.0165992
FixedParameters: 0 0 0

#Transform 125
Transform: AffineTransform_float_3_3
Parameters: 1 -0.000196458 -9.64864e-05 0.000196636 0.999975 0.00714913 9.49181e-05 -0.00714921 0.999975 0.0691671 -0.0216679 0.0555316
FixedParameters: 0 0 0

#Transform 126
Transform: AffineTransform_float_3_3
Parameters: 1 -0.000233233 0.000110112 0.00023253 0.999976 0.0070146 -0.000111389 -0.00701462 0.999976 0.063899 -0.0844195 0.00539075
FixedParameters: 0 0 0

#Transform 127
Transform: AffineTransform_float_3_3
Parameters: 1 -5.04992e-05 -0.000420866 5.30825e-05 0.999975 0.0070611 0.000420639 -0.00706117 0.999975 0.073332 -0.0304421 -0.00153619
FixedParameters: 0 0 0

#Transform 128
Transform: AffineTransform_float_3_3
Parameters: 1 -0.000492131 -0.000353658 0.000494639 0.999971 0.00752996 0.000349725 -0.00752946 0.999971 0.0648321 -0.0564949 -0.0195923
FixedParameters: 0 0 0

#Transform 129
Transform: AffineTransform_float_3_3
Parameters: 0.999999 -0.000519526 -0.00038038 0.000521337 0.999978 0.0065844 0.000377019 -0.00658492 0.999979 0.0552097 -0.0393549 -0.0342838
FixedParameters: 0 0 0

#Transform 130
Transform: AffineTransform_float_3_3
Parameters: 1 -0.000193666 -0.000394309 0.000196359 0.999973 0.00736064 0.000392956 -0.00735988 0.999973 0.0731876 -0.0791038 -0.021244
FixedParameters: 0 0 0

#Transform 131
Transform: AffineTransform_float_3_3
Parameters: 1 -0.000447722 7.48989e-05 0.000447783 0.999971 0.00761249 -7.87538e-05 -0.00761251 0.999971 0.0688707 -0.0334425 -0.00532556
FixedParameters: 0 0 0

#Transform 132
Transform: AffineTransform_float_3_3
Parameters: 0.999999 -0.000743526 9.33591e-05 0.000742555 0.999971 0.00757054 -9.95396e-05 -0.00757057 0.999972 0.0498558 -0.0303468 -0.0373607
FixedParameters: 0 0 0

#Transform 133
Transform: AffineTransform_float_3_3
Parameters: 1 -0.000791546 -0.000312246 0.000793974 0.99997 0.00772331 0.000306467 -0.00772305 0.99997 0.0602654 -0.0638294 -0.0899872
FixedParameters: 0 0 0

#Transform 134
Transform: AffineTransform_float_3_3
Parameters: 0.999999 -0.000764428 -7.80444e-05 0.00076553 0.999966 0.00812917 7.18062e-05 -0.00812852 0.999967 0.0520404 -0.072872 -0.0855251
FixedParameters: 0 0 0

#Transform 135
Transform: AffineTransform_float_3_3
Parameters: 0.999999 -0.000790307 -0.000298393 0.000793096 0.999967 0.00816897 0.000291898 -0.00816893 0.999966 0.0547299 -0.0703697 -0.0605591
FixedParameters: 0 0 0

#Transform 136
Transform: AffineTransform_float_3_3
Parameters: 0.999999 -0.000618466 -0.000329915 0.000620243 0.99997 0.00780961 0.0003258 -0.0078102 0.99997 0.06127 -0.0560104 -0.104452
FixedParameters: 0 0 0

#Transform 137
Transform: AffineTransform_float_3_3
Parameters: 0.999999 -0.000633228 -0.000337958 0.00063559 0.999971 0.00749973 0.000332898 -0.0075003 0.999972 0.0472361 -0.031704 -0.14828
FixedParameters: 0 0 0

#Transform 138
Transform: AffineTransform_float_3_3
Parameters: 0.999999 -0.000720885 0.000301237 0.000718779 0.999962 0.00875747 -0.000308083 -0.00875746 0.999961 0.0583919 -0.0538385 -0.123052
FixedParameters: 0 0 0

#Transform 139
Transform: AffineTransform_float_3_3
Parameters: 0.999999 -0.000916482 4.11513e-05 0.000916254 0.999961 0.00885804 -4.92721e-05 -0.00885847 0.999961 0.0527163 -0.0893126 -0.106212
FixedParameters: 0 0 0

#Transform 140
Transform: AffineTransform_float_3_3
Parameters: 1 -0.00116279 5.73385e-06 0.00116212 0.999963 0.00844558 -1.51206e-05 -0.00844589 0.999965 0.0803113 -0.00732633 -0.161751
FixedParameters: 0 0 0

#Transform 141
Transform: AffineTransform_float_3_3
Parameters: 0.999999 -0.000680101 -0.000288239 0.000682537 0.99996 0.00890195 0.000282616 -0.00890256 0.999961 0.0791037 -0.0420133 -0.112359
FixedParameters: 0 0 0

#Transform 142
Transform: AffineTransform_float_3_3
Parameters: 0.999999 -0.000770978 0.00025123 0.000768875 0.999955 0.00938557 -0.000258824 -0.0093854 0.999956 0.0591173 -0.0788131 -0.0789604
FixedParameters: 0 0 0

#Transform 143
Transform: AffineTransform_float_3_3
Parameters: 0.999999 -0.000672856 0.000279877 0.000670147 0.999963 0.00864097 -0.000285591 -0.00864102 0.999962 0.0678106 -0.0560321 -0.0704965
FixedParameters: 0 0 0

#Transform 144
Transform: AffineTransform_float_3_3
Parameters: 0.999999 -0.0012356 -0.000226074 0.00123735 0.99996 0.00881699 0.000215777 -0.00881694 0.999961 0.0850154 -0.0193004 -0.0914542
FixedParameters: 0 0 0

#Transform 145
Transform: AffineTransform_float_3_3
Parameters: 0.999999 -0.00115123 0.000508149 0.00114581 0.999954 0.00958855 -0.000518495 -0.00958798 0.999954 0.0691835 -0.0751296 -0.0679169
FixedParameters: 0 0 0

#Transform 146
Transform: AffineTransform_float_3_3
Parameters: 0.999999 -0.000641979 0.000532025 0.000637669 0.999959 0.0089583 -0.000537977 -0.00895778 0.999959 0.0632558 -0.0451054 -0.0458511
FixedParameters: 0 0 0

#Transform 147
Transform: AffineTransform_float_3_3
Parameters: 0.999999 -0.000752113 2.17684e-05 0.000752288 0.999957 0.0092366 -2.85527e-05 -0.0092368 0.999958 0.0521908 -0.077463 -0.0183651
FixedParameters: 0 0 0

#Transform 148
Transform: AffineTransform_float_3_3
Parameters: 1 -0.000422551 0.000521587 0.000417021 0.999956 0.0094363 -0.00052588 -0.00943597 0.999956 0.0389173 -0.0695233 -0.0288943
FixedParameters: 0 0 0

#Transform 149
Transform: AffineTransform_float_3_3
Parameters: 1 -0.000430514 0.00053944 0.000424379 0.99995 0.00997102 -0.000544358 -0.00997066 0.99995 0.0534678 -0.0758341 0.00655341
FixedParameters: 0 0 0

#Transform 150
Transform: AffineTransform_float_3_3
Parameters: 1 -0.00045367 0.000486016 0.000449325 0.999967 0.00819788 -0.000489737 -0.00819755 0.999967 0.0480457 -0.0482033 -0.0523718
FixedParameters: 0 0 0

#Transform 151
Transform: AffineTransform_float_3_3
Parameters: 0.999999 -0.000800501 0.000539834 0.000796407 0.999963 0.00861719 -0.000547085 -0.00861677 0.999962 0.0375253 -0.0548472 -0.0476951
FixedParameters: 0 0 0

#Transform 152
Transform: AffineTransform_float_3_3
Parameters: 1 -0.000565656 0.000152529 0.000565122 0.999958 0.00915207 -0.000157994 -0.00915206 0.999958 0.0688817 -0.0627657 -0.0176374
FixedParameters: 0 0 0

#Transform 153
Transform: AffineTransform_float_3_3
Parameters: 0.999999 -0.000545604 0.000733168 0.000539316 0.999957 0.0092409 -0.000738969 -0.0092412 0.999957 0.0742061 -0.0800069 0.00288564
FixedParameters: 0 0 0

#Transform 154
Transform: AffineTransform_float_3_3
Parameters: 1 -0.000531206 0.000527698 0.000525768 0.999957 0.00923028 -0.000532824 -0.00922987 0.999958 0.0549495 -0.0306107 0.0283408
FixedParameters: 0 0 0

#Transform 155
Transform: AffineTransform_float_3_3
Parameters: 1 -0.000514666 0.000520062 0.000510424 0.999959 0.00904939 -0.000524823 -0.00904899 0.999959 0.0378843 -0.0190305 0.0108612
FixedParameters: 0 0 0

#Transform 156
Transform: AffineTransform_float_3_3
Parameters: 1 -0.000465796 5.45763e-05 0.000465809 0.999962 0.00877973 -5.86928e-05 -0.00877884 0.999962 0.0428283 -0.119895 0.0176309
FixedParameters: 0 0 0

#Transform 157
Transform: AffineTransform_float_3_3
Parameters: 1 -0.000368197 0.000145771 0.000366739 0.999958 0.00921875 -0.000148538 -0.00921902 0.999957 0.0425862 -0.0415732 -0.0529317
FixedParameters: 0 0 0

#Transform 158
Transform: AffineTransform_float_3_3
Parameters: 1 -0.000576786 0.000178037 0.000575915 0.999958 0.0091533 -0.000182712 -0.00915328 0.999958 0.0545041 -0.0477396 -0.031393
FixedParameters: 0 0 0

#Transform 159
Transform: AffineTransform_float_3_3
Parameters: 1 -0.000597805 -3.269e-05 0.000597479 0.999962 0.00878176 2.74647e-05 -0.00878197 0.999962 0.064228 -0.0607824 -0.0202625
FixedParameters: 0 0 0

#Transform 160
Transform: AffineTransform_float_3_3
Parameters: 1 -0.000470818 2.23222e-05 0.000470918 0.999953 0.00974625 -2.7388e-05 -0.00974636 0.999953 0.061239 -0.0881507 0.00295665
FixedParameters: 0 0 0

#Transform 161
Transform: AffineTransform_float_3_3
Parameters: 1 -0.000238547 -0.000103334 0.000238735 0.999954 0.00958665 0.000101147 -0.00958679 0.999954 0.0537484 -0.0248971 0.0121433
FixedParameters: 0 0 0

#Transform 162
Transform: AffineTransform_float_3_3
Parameters: 1 -0.000479007 -6.13333e-05 0.000479836 0.999963 0.00850627 5.73466e-05 -0.00850646 0.999964 0.0484784 -0.00795269 -0.027713
FixedParameters: 0 0 0

#Transform 163
Transform: AffineTransform_float_3_3
Parameters: 1 -0.00044615 0.000233083 0.000444227 0.999955 0.00955847 -0.000236697 -0.00955744 0.999954 0.0507131 -0.054895 -0.0122081
FixedParameters: 0 0 0

#Transform 164
Transform: AffineTransform_float_3_3
Parameters: 1 -0.000511438 0.000157298 0.000510201 0.999946 0.0103624 -0.000162933 -0.0103624 0.999947 0.054282 -0.0493388 -0.0396746
FixedParameters: 0 0 0

#Transform 165
Transform: AffineTransform_float_3_3
Parameters: 1 5.90892e-05 6.81306e-05 -5.95754e-05 0.999953 0.00963361 -6.7948e-05 -0.00963359 0.999953 0.0444455 -0.0468695 0.00429461
FixedParameters: 0 0 0

#Transform 166
Transform: AffineTransform_float_3_3
Parameters: 1 -0.000351428 -0.00030765 0.000354023 0.999958 0.0091801 0.000303705 -0.00918041 0.999958 0.0465137 -0.0623388 -0.0404337
FixedParameters: 0 0 0

#Transform 167
Transform: AffineTransform_float_3_3
Parameters: 1 -0.000506453 -0.000283795 0.000509721 0.99995 0.00993598 0.000278211 -0.00993546 0.99995 0.069527 -0.00911269 -0.0638426
FixedParameters: 0 0 0

#Transform 168
Transform: AffineTransform_float_3_3
Parameters: 1 -0.000484986 -9.70974e-05 0.000485745 0.999949 0.0100261 9.27084e-05 -0.0100264 0.999949 0.0585794 -0.0301939 -0.0372882
FixedParameters: 0 0 0

#Transform 169
Transform: AffineTransform_float_3_3
Parameters: 1 -0.000504579 -0.000261983 0.000507336 0.999944 0.0105996 0.000256821 -0.0106001 0.999944 0.0571661 -0.0998448 -0.0166038
FixedParameters: 0 0 0

#Transform 170
Transform: AffineTransform_float_3_3
Parameters: 1 -0.000527399 -0.00046897 0.000532338 0.999956 0.00932367 0.000463731 -0.00932408 0.999957 0.0621127 -0.0415787 -0.0415199
FixedParameters: 0 0 0

#Transform 171
Transform: AffineTransform_float_3_3
Parameters: 1 -0.00055971 -0.000743373 0.000567677 0.999948 0.0102086 0.000736958 -0.0102096 0.999947 0.0714745 -0.0717043 -0.0187232
FixedParameters: 0 0 0

#Transform 172
Transform: AffineTransform_float_3_3
Parameters: 1 -0.000156051 -0.000273432 0.000158164 0.999939 0.0110526 0.000271658 -0.0110528 0.999939 0.0558052 -0.0849806 -0.00988311
FixedParameters: 0 0 0

#Transform 173
Transform: AffineTransform_float_3_3
Parameters: 0.999999 -0.000518886 -0.000383495 0.000522797 0.999939 0.0110038 0.00037783 -0.0110042 0.99994 0.0595569 -0.0767606 -0.00719566
FixedParameters: 0 0 0

#Transform 174
Transform: AffineTransform_float_3_3
Parameters: 0.999999 -0.000516642 -0.000370128 0.000521006 0.999948 0.0101939 0.000364142 -0.0101944 0.999948 0.0552178 -0.00358363 -0.0682891
FixedParameters: 0 0 0

#Transform 175
Transform: AffineTransform_float_3_3
Parameters: 0.999999 -0.000526738 -0.000447163 0.000532432 0.999931 0.0117631 0.000441572 -0.0117638 0.99993 0.0519731 -0.111538 -0.00863789
FixedParameters: 0 0 0

#Transform 176
Transform: AffineTransform_float_3_3
Parameters: 1 -0.000538934 -0.000549621 0.000546388 0.999921 0.0125857 0.000542075 -0.0125855 0.99992 0.0643459 0.00312257 -0.0280183
FixedParameters: 0 0 0

#Transform 177
Transform: AffineTransform_float_3_3
Parameters: 1 -9.77542e-05 -0.000285466 0.000102805 0.999886 0.015154 0.000283251 -0.0151541 0.999885 0.0654362 -0.0967508 -0.0112561
FixedParameters: 0 0 0

#Transform 178
Transform: AffineTransform_float_3_3
Parameters: 0.999999 -0.00018338 -0.000409811 0.00018895 0.999896 0.0144018 0.000406573 -0.0144018 0.999896 0.0556974 -0.087515 0.0109244
FixedParameters: 0 0 0

#Transform 179
Transform: AffineTransform_float_3_3
Parameters: 0.999999 -0.000591279 -0.0010134 0.00060482 0.99992 0.0126654 0.0010061 -0.0126657 0.999919 0.0588318 -0.104535 -0.0285563
FixedParameters: 0 0 0

#Transform 180
Transform: AffineTransform_float_3_3
Parameters: 1 -0.000511131 -0.000287377 0.000515142 0.999892 0.0147025 0.000279225 -0.014703 0.999892 0.0701374 -0.114933 0.00800913
FixedParameters: 0 0 0

#Transform 181
Transform: AffineTransform_float_3_3
Parameters: 1 -4.12582e-05 -0.000391342 4.65925e-05 0.9999 0.0141208 0.000390138 -0.0141207 0.9999 0.0680219 -0.0666394 0.0612385
FixedParameters: 0 0 0

#Transform 182
Transform: AffineTransform_float_3_3
Parameters: 1 -0.000193591 -0.000763515 0.00020313 0.999925 0.0122179 0.00076106 -0.0122181 0.999925 0.0593711 -0.0786996 0.0121693
FixedParameters: 0 0 0

#Transform 183
Transform: AffineTransform_float_3_3
Parameters: 1 -0.000340545 0.000209874 0.000337805 0.99992 0.0126355 -0.000214484 -0.0126355 0.99992 0.060576 -0.00605296 -0.0943559
FixedParameters: 0 0 0

#Transform 184
Transform: AffineTransform_float_3_3
Parameters: 1 -0.000467151 -0.000278503 0.000470954 0.999919 0.0126912 0.000272332 -0.0126905 0.99992 0.0541597 -0.0320707 -0.138151
FixedParameters: 0 0 0

#Transform 185
Transform: AffineTransform_float_3_3
Parameters: 0.999999 -0.000522875 -0.00021964 0.000525287 0.999919 0.0126664 0.000213054 -0.0126668 0.99992 0.0417507 -0.0955059 -0.113561
FixedParameters: 0 0 0

#Transform 186
Transform: AffineTransform_float_3_3
Parameters: 1 -0.00042535 -0.000665677 0.000433155 0.999918 0.0128223 0.000660119 -0.0128231 0.999917 0.0602135 -0.0533395 -0.0915652
FixedParameters: 0 0 0

#Transform 187
Transform: AffineTransform_float_3_3
