# transform file /out/sourcedata/freesurfer/sub-v2s13x29111_ses-1/mri/transforms/cc_up.lta
# created by oesteban on Wed Mar 11 05:39:56 2026

type      = 0 # LINEAR_VOX_TO_VOX
nxforms   = 1
mean      = 127.0000 140.0000 120.0000
sigma     = 10000.0000
1 4 4
9.999383091926575e-01 -4.667991772294044e-03 1.008009538054466e-02 -5.306810140609741e-01 
4.667754285037518e-03 9.999891519546509e-01 4.705430910689756e-05 7.398703575134277e+00 
-1.008020527660847e-02 3.637978807091713e-12 9.999492168426514e-01 2.029581260681152e+01 
0.000000000000000e+00 0.000000000000000e+00 0.000000000000000e+00 1.000000000000000e+00 
src volume info
valid = 1  # volume info valid
filename = /out/sourcedata/freesurfer/sub-v2s13x29111_ses-1/mri/norm.mgz
volume = 256 256 256
voxelsize = 8.984375000000000e-01 8.984375000000000e-01 8.984375000000000e-01
xras   = -9.999999403953552e-01 -1.943629701628424e-10 2.591506176319314e-10
yras   = 2.591506176319314e-10 1.658563952844361e-08 -1.000000119209290e+00
zras   = 9.718148508142121e-11 1.000000000000000e+00 0.000000000000000e+00
cras   = -3.214187622070312e-01 -1.435012817382812e-01 4.268348693847656e+00
dst volume info
valid = 1  # volume info valid
filename = /out/sourcedata/freesurfer/sub-v2s13x29111_ses-1/mri/norm.mgz
volume = 256 256 256
voxelsize = 8.984375000000000e-01 8.984375000000000e-01 8.984375000000000e-01
xras   = -9.999999403953552e-01 -1.943629701628424e-10 2.591506176319314e-10
yras   = 2.591506176319314e-10 1.658563952844361e-08 -1.000000119209290e+00
zras   = 9.718148508142121e-11 1.000000000000000e+00 0.000000000000000e+00
cras   = -3.214187622070312e-01 -1.435012817382812e-01 4.268348693847656e+00
