type      = 1 # LINEAR_RAS_TO_RAS
nxforms   = 1
mean      = 0.0000 0.0000 0.0000
sigma     = 1.0000
1 4 4
1.056488037109375e+00 -9.312000125646591e-03 1.643999945372343e-03 4.129489958286285e-01 
4.225400090217590e-02 1.036689043045044e+00 3.472630083560944e-01 -1.110469818115234e+01 
-6.831999868154526e-03 -3.586600124835968e-01 1.043447971343994e+00 5.390502929687500e+00 
0.000000000000000e+00 0.000000000000000e+00 0.000000000000000e+00 1.000000000000000e+00 
src volume info
valid = 1  # volume info valid
filename = /out/sourcedata/freesurfer/sub-v2s13x29111_ses-1/mri/orig_nu.mgz
volume = 256 256 256
voxelsize = 8.984375000000000e-01 8.984375000000000e-01 8.984375000000000e-01
xras   = -9.999999403953552e-01 -1.943629701628424e-10 2.591506176319314e-10
yras   = 2.591506176319314e-10 1.658563952844361e-08 -1.000000119209290e+00
zras   = 9.718148508142121e-11 1.000000000000000e+00 0.000000000000000e+00
cras   = -3.214187622070312e-01 -1.435012817382812e-01 4.268348693847656e+00
dst volume info
valid = 1  # volume info valid
filename = /opt/freesurfer/average/mni305.cor.mgz
volume = 256 256 256
voxelsize = 1.000000000000000e+00 1.000000000000000e+00 1.000000000000000e+00
xras   = -1.000000000000000e+00 0.000000000000000e+00 0.000000000000000e+00
yras   = 0.000000000000000e+00 0.000000000000000e+00 -1.000000000000000e+00
zras   = 0.000000000000000e+00 1.000000000000000e+00 0.000000000000000e+00
cras   = 0.000000000000000e+00 0.000000000000000e+00 0.000000000000000e+00
subject fsaverage
fscale 0.100000
