# transform file transforms/talairach.lta
# created by oesteban on Wed Mar 11 04:06:52 2026

type      = 0 # LINEAR_VOX_TO_VOX
nxforms   = 1
mean      = 127.0000 141.0000 120.0000
sigma     = 10000.0000
1 4 4
9.087058305740356e-01 -1.249694172292948e-02 1.187621150165796e-02 9.888869285583496e+00 
6.820381619036198e-03 9.054712653160095e-01 3.618381023406982e-01 -4.457119369506836e+01 
-1.467843353748322e-02 -3.474143445491791e-01 8.479609489440918e-01 5.744969940185547e+01 
0.000000000000000e+00 0.000000000000000e+00 0.000000000000000e+00 1.000000000000000e+00 
src volume info
valid = 1  # volume info valid
filename = nu.mgz
volume = 256 256 256
voxelsize = 8.984375000000000e-01 8.984375000000000e-01 8.984375000000000e-01
xras   = -9.999999403953552e-01 -1.943629701628424e-10 2.591506176319314e-10
yras   = 2.591506176319314e-10 1.658563952844361e-08 -1.000000119209290e+00
zras   = 9.718148508142121e-11 1.000000000000000e+00 0.000000000000000e+00
cras   = -3.214187622070312e-01 -1.435012817382812e-01 4.268348693847656e+00
dst volume info
valid = 1  # volume info valid
filename = /opt/freesurfer/average/RB_all_2020-01-02.gca
volume = 256 256 256
voxelsize = 1.000000000000000e+00 1.000000000000000e+00 1.000000000000000e+00
xras   = -1.000000000000000e+00 0.000000000000000e+00 0.000000000000000e+00
yras   = 0.000000000000000e+00 0.000000000000000e+00 -1.000000000000000e+00
zras   = 0.000000000000000e+00 1.000000000000000e+00 0.000000000000000e+00
cras   = 0.000000000000000e+00 0.000000000000000e+00 0.000000000000000e+00
