type      = 0 # LINEAR_VOX_TO_VOX
nxforms   = 1
mean      = 0.0000 0.0000 0.0000
sigma     = 1.0000
1 4 4
9.491884112358093e-01 1.477031270042062e-03 8.366250433027744e-03 5.162216186523438e+00 
-6.138124968856573e-03 9.374729394912720e-01 3.222336173057556e-01 -4.235472106933594e+01 
-3.796257823705673e-02 -3.119941353797913e-01 9.314002990722656e-01 4.379041290283203e+01 
0.000000000000000e+00 0.000000000000000e+00 0.000000000000000e+00 1.000000000000000e+00 
src volume info
valid = 1  # volume info valid
filename = /out/sourcedata/freesurfer/sub-v2s13x29111_ses-1/mri/orig.mgz
volume = 256 256 256
voxelsize = 8.984375000000000e-01 8.984375000000000e-01 8.984375000000000e-01
xras   = -9.999999403953552e-01 -1.943629701628424e-10 2.591506176319314e-10
yras   = 2.591506176319314e-10 1.658563952844361e-08 -1.000000119209290e+00
zras   = 9.718148508142121e-11 1.000000000000000e+00 0.000000000000000e+00
cras   = -3.214187622070312e-01 -1.435012817382812e-01 4.268348693847656e+00
dst volume info
valid = 1  # volume info valid
filename = /opt/freesurfer/average/mni305.cor.mgz
volume = 256 256 256
voxelsize = 1.000000000000000e+00 1.000000000000000e+00 1.000000000000000e+00
xras   = -1.000000000000000e+00 0.000000000000000e+00 0.000000000000000e+00
yras   = 0.000000000000000e+00 0.000000000000000e+00 -1.000000000000000e+00
zras   = 0.000000000000000e+00 1.000000000000000e+00 0.000000000000000e+00
cras   = 0.000000000000000e+00 0.000000000000000e+00 0.000000000000000e+00
subject fsaverage
fscale 0.100000
