# transform file /out/sourcedata/freesurfer/sub-v2s13x29112_ses-1/mri/transforms/cc_up.lta
# created by oesteban on Wed Mar 11 05:29:53 2026

type      = 0 # LINEAR_VOX_TO_VOX
nxforms   = 1
mean      = 129.0000 136.0000 124.0000
sigma     = 10000.0000
1 4 4
9.967568516731262e-01 -7.969865947961807e-02 -1.112173683941364e-02 1.136600303649902e+01 
7.969369739294052e-02 9.968189001083374e-01 -8.892161422409117e-04 2.224636316299438e+00 
1.115722768008709e-02 0.000000000000000e+00 9.999376535415649e-01 7.572372436523438e+00 
0.000000000000000e+00 0.000000000000000e+00 0.000000000000000e+00 1.000000000000000e+00 
src volume info
valid = 1  # volume info valid
filename = /out/sourcedata/freesurfer/sub-v2s13x29112_ses-1/mri/norm.mgz
volume = 256 256 256
voxelsize = 8.984374403953552e-01 8.984374403953552e-01 8.984374403953552e-01
xras   = -1.000000000000000e+00 6.478766412243431e-10 0.000000000000000e+00
yras   = -2.073205163100056e-09 -4.146410326200112e-09 -9.999999403953552e-01
zras   = 7.774519361625210e-10 1.000000000000000e+00 0.000000000000000e+00
cras   = 5.946891784667969e+00 -3.507080078125000e+00 3.575231933593750e+01
dst volume info
valid = 1  # volume info valid
filename = /out/sourcedata/freesurfer/sub-v2s13x29112_ses-1/mri/norm.mgz
volume = 256 256 256
voxelsize = 8.984374403953552e-01 8.984374403953552e-01 8.984374403953552e-01
xras   = -1.000000000000000e+00 6.478766412243431e-10 0.000000000000000e+00
yras   = -2.073205163100056e-09 -4.146410326200112e-09 -9.999999403953552e-01
zras   = 7.774519361625210e-10 1.000000000000000e+00 0.000000000000000e+00
cras   = 5.946891784667969e+00 -3.507080078125000e+00 3.575231933593750e+01
