type      = 0 # LINEAR_VOX_TO_VOX
nxforms   = 1
mean      = 0.0000 0.0000 0.0000
sigma     = 1.0000
1 4 4
9.439918398857117e-01 -7.053002715110779e-02 -1.227804739028215e-02 1.610737609863281e+01 
4.938081651926041e-02 9.890564680099487e-01 1.986085809767246e-02 -2.086064147949219e+01 
1.510543003678322e-02 -2.255257964134216e-02 9.598357677459717e-01 -7.344726562500000e+00 
0.000000000000000e+00 0.000000000000000e+00 0.000000000000000e+00 1.000000000000000e+00 
src volume info
valid = 1  # volume info valid
filename = /out/sourcedata/freesurfer/sub-v2s13x29112_ses-1/mri/orig.mgz
volume = 256 256 256
voxelsize = 8.984374403953552e-01 8.984374403953552e-01 8.984374403953552e-01
xras   = -1.000000000000000e+00 6.478766412243431e-10 0.000000000000000e+00
yras   = -2.073205163100056e-09 -4.146410326200112e-09 -9.999999403953552e-01
zras   = 7.774519361625210e-10 1.000000000000000e+00 0.000000000000000e+00
cras   = 5.946891784667969e+00 -3.507080078125000e+00 3.575231933593750e+01
dst volume info
valid = 1  # volume info valid
filename = /opt/freesurfer/average/mni305.cor.mgz
volume = 256 256 256
voxelsize = 1.000000000000000e+00 1.000000000000000e+00 1.000000000000000e+00
xras   = -1.000000000000000e+00 0.000000000000000e+00 0.000000000000000e+00
yras   = 0.000000000000000e+00 0.000000000000000e+00 -1.000000000000000e+00
zras   = 0.000000000000000e+00 1.000000000000000e+00 0.000000000000000e+00
cras   = 0.000000000000000e+00 0.000000000000000e+00 0.000000000000000e+00
subject fsaverage
fscale 0.100000
