type      = 1 # LINEAR_RAS_TO_RAS
nxforms   = 1
mean      = 0.0000 0.0000 0.0000
sigma     = 1.0000
1 4 4
1.050704002380371e+00 1.366600021719933e-02 -7.850299775600433e-02 -1.732727050781250e+00 
-1.681300066411495e-02 1.068338990211487e+00 2.510200068354607e-02 -1.048971557617188e+01 
5.496300011873245e-02 -2.210599929094315e-02 1.100862979888916e+00 -2.636430358886719e+01 
0.000000000000000e+00 0.000000000000000e+00 0.000000000000000e+00 1.000000000000000e+00 
src volume info
valid = 1  # volume info valid
filename = /out/sourcedata/freesurfer/sub-v2s13x29112_ses-1/mri/orig_nu.mgz
volume = 256 256 256
voxelsize = 8.984374403953552e-01 8.984374403953552e-01 8.984374403953552e-01
xras   = -1.000000000000000e+00 6.478766412243431e-10 0.000000000000000e+00
yras   = -2.073205163100056e-09 -4.146410326200112e-09 -9.999999403953552e-01
zras   = 7.774519361625210e-10 1.000000000000000e+00 0.000000000000000e+00
cras   = 5.946891784667969e+00 -3.507080078125000e+00 3.575231933593750e+01
dst volume info
valid = 1  # volume info valid
filename = /opt/freesurfer/average/mni305.cor.mgz
volume = 256 256 256
voxelsize = 1.000000000000000e+00 1.000000000000000e+00 1.000000000000000e+00
xras   = -1.000000000000000e+00 0.000000000000000e+00 0.000000000000000e+00
yras   = 0.000000000000000e+00 0.000000000000000e+00 -1.000000000000000e+00
zras   = 0.000000000000000e+00 1.000000000000000e+00 0.000000000000000e+00
cras   = 0.000000000000000e+00 0.000000000000000e+00 0.000000000000000e+00
subject fsaverage
fscale 0.100000
