# transform file transforms/talairach.lta
# created by oesteban on Wed Mar 11 04:06:06 2026

type      = 0 # LINEAR_VOX_TO_VOX
nxforms   = 1
mean      = 129.0000 136.0000 123.0000
sigma     = 10000.0000
1 4 4
8.984374403953552e-01 0.000000000000000e+00 0.000000000000000e+00 8.799339294433594e+00 
0.000000000000000e+00 9.932924509048462e-01 0.000000000000000e+00 -1.202354621887207e+01 
0.000000000000000e+00 0.000000000000000e+00 9.658203125000000e-01 -8.375182151794434e+00 
0.000000000000000e+00 0.000000000000000e+00 0.000000000000000e+00 1.000000000000000e+00 
src volume info
valid = 1  # volume info valid
filename = nu.mgz
volume = 256 256 256
voxelsize = 8.984374403953552e-01 8.984374403953552e-01 8.984374403953552e-01
xras   = -1.000000000000000e+00 6.478766412243431e-10 0.000000000000000e+00
yras   = -2.073205163100056e-09 -4.146410326200112e-09 -9.999999403953552e-01
zras   = 7.774519361625210e-10 1.000000000000000e+00 0.000000000000000e+00
cras   = 5.946891784667969e+00 -3.507080078125000e+00 3.575231933593750e+01
dst volume info
valid = 1  # volume info valid
filename = /opt/freesurfer/average/RB_all_2020-01-02.gca
volume = 256 256 256
voxelsize = 1.000000000000000e+00 1.000000000000000e+00 1.000000000000000e+00
xras   = -1.000000000000000e+00 0.000000000000000e+00 0.000000000000000e+00
yras   = 0.000000000000000e+00 0.000000000000000e+00 -1.000000000000000e+00
zras   = 0.000000000000000e+00 1.000000000000000e+00 0.000000000000000e+00
cras   = 0.000000000000000e+00 0.000000000000000e+00 0.000000000000000e+00
