# transform file /out/sourcedata/freesurfer/sub-v2s13x29134_ses-1/mri/transforms/cc_up.lta
# created by oesteban on Wed Mar 11 06:24:51 2026

type      = 0 # LINEAR_VOX_TO_VOX
nxforms   = 1
mean      = 130.0000 132.0000 125.0000
sigma     = 10000.0000
1 4 4
9.973759651184082e-01 -6.962046772241592e-02 1.985311135649681e-02 7.019459724426270e+00 
6.960667669773102e-02 9.975735545158386e-01 1.385544775985181e-03 6.212143421173096e+00 
-1.990140229463577e-02 1.164153218269348e-10 9.998019337654114e-01 1.256756782531738e+01 
0.000000000000000e+00 0.000000000000000e+00 0.000000000000000e+00 1.000000000000000e+00 
src volume info
valid = 1  # volume info valid
filename = /out/sourcedata/freesurfer/sub-v2s13x29134_ses-1/mri/norm.mgz
volume = 256 256 256
voxelsize = 8.984375000000000e-01 8.984375000000000e-01 8.984375000000000e-01
xras   = -1.000000000000000e+00 1.214768563517765e-10 -6.478765440798284e-11
yras   = -1.295753088159657e-10 -1.658563952844361e-08 -1.000000000000000e+00
zras   = -9.718148508142121e-11 1.000000119209290e+00 0.000000000000000e+00
cras   = 3.515686035156250e+00 -4.144607543945312e+00 1.648200225830078e+01
dst volume info
valid = 1  # volume info valid
filename = /out/sourcedata/freesurfer/sub-v2s13x29134_ses-1/mri/norm.mgz
volume = 256 256 256
voxelsize = 8.984375000000000e-01 8.984375000000000e-01 8.984375000000000e-01
xras   = -1.000000000000000e+00 1.214768563517765e-10 -6.478765440798284e-11
yras   = -1.295753088159657e-10 -1.658563952844361e-08 -1.000000000000000e+00
zras   = -9.718148508142121e-11 1.000000119209290e+00 0.000000000000000e+00
cras   = 3.515686035156250e+00 -4.144607543945312e+00 1.648200225830078e+01
