type      = 1 # LINEAR_RAS_TO_RAS
nxforms   = 1
mean      = 0.0000 0.0000 0.0000
sigma     = 1.0000
1 4 4
1.122300982475281e+00 -3.320199996232986e-02 -9.678900241851807e-02 -1.161124944686890e+00 
2.421000041067600e-02 1.133623003959656e+00 7.252100110054016e-02 -1.066264343261719e+01 
1.052159965038300e-01 3.549000015482306e-03 1.126343965530396e+00 -8.601043701171875e+00 
0.000000000000000e+00 0.000000000000000e+00 0.000000000000000e+00 1.000000000000000e+00 
src volume info
valid = 1  # volume info valid
filename = /out/sourcedata/freesurfer/sub-v2s13x29134_ses-1/mri/orig_nu.mgz
volume = 256 256 256
voxelsize = 8.984375000000000e-01 8.984375000000000e-01 8.984375000000000e-01
xras   = -1.000000000000000e+00 1.214768563517765e-10 -6.478765440798284e-11
yras   = -1.295753088159657e-10 -1.658563952844361e-08 -1.000000000000000e+00
zras   = -9.718148508142121e-11 1.000000119209290e+00 0.000000000000000e+00
cras   = 3.515686035156250e+00 -4.144607543945312e+00 1.648200225830078e+01
dst volume info
valid = 1  # volume info valid
filename = /opt/freesurfer/average/mni305.cor.mgz
volume = 256 256 256
voxelsize = 1.000000000000000e+00 1.000000000000000e+00 1.000000000000000e+00
xras   = -1.000000000000000e+00 0.000000000000000e+00 0.000000000000000e+00
yras   = 0.000000000000000e+00 0.000000000000000e+00 -1.000000000000000e+00
zras   = 0.000000000000000e+00 1.000000000000000e+00 0.000000000000000e+00
cras   = 0.000000000000000e+00 0.000000000000000e+00 0.000000000000000e+00
subject fsaverage
fscale 0.100000
