type      = 0 # LINEAR_VOX_TO_VOX
nxforms   = 1
mean      = 0.0000 0.0000 0.0000
sigma     = 1.0000
1 4 4
1.008317232131958e+00 -8.695887029170990e-02 2.982992492616177e-02 4.921028137207031e+00 
9.452999383211136e-02 1.011949658393860e+00 -3.188555128872395e-03 -2.353981018066406e+01 
-2.175117284059525e-02 -6.515560299158096e-02 1.018489599227905e+00 -5.323257446289062e+00 
0.000000000000000e+00 0.000000000000000e+00 0.000000000000000e+00 1.000000000000000e+00 
src volume info
valid = 1  # volume info valid
filename = /out/sourcedata/freesurfer/sub-v2s13x29134_ses-1/mri/orig.mgz
volume = 256 256 256
voxelsize = 8.984375000000000e-01 8.984375000000000e-01 8.984375000000000e-01
xras   = -1.000000000000000e+00 1.214768563517765e-10 -6.478765440798284e-11
yras   = -1.295753088159657e-10 -1.658563952844361e-08 -1.000000000000000e+00
zras   = -9.718148508142121e-11 1.000000119209290e+00 0.000000000000000e+00
cras   = 3.515686035156250e+00 -4.144607543945312e+00 1.648200225830078e+01
dst volume info
valid = 1  # volume info valid
filename = /opt/freesurfer/average/mni305.cor.mgz
volume = 256 256 256
voxelsize = 1.000000000000000e+00 1.000000000000000e+00 1.000000000000000e+00
xras   = -1.000000000000000e+00 0.000000000000000e+00 0.000000000000000e+00
yras   = 0.000000000000000e+00 0.000000000000000e+00 -1.000000000000000e+00
zras   = 0.000000000000000e+00 1.000000000000000e+00 0.000000000000000e+00
cras   = 0.000000000000000e+00 0.000000000000000e+00 0.000000000000000e+00
subject fsaverage
fscale 0.100000
