# transform file transforms/talairach.lta
# created by oesteban on Wed Mar 11 05:21:25 2026

type      = 0 # LINEAR_VOX_TO_VOX
nxforms   = 1
mean      = 130.0000 132.0000 125.0000
sigma     = 10000.0000
1 4 4
9.395692348480225e-01 -8.031734824180603e-02 3.833985701203346e-02 9.778892517089844e+00 
6.901215016841888e-02 1.037037730216980e+00 -2.643653936684132e-02 -2.035671806335449e+01 
-3.602236509323120e-02 3.241632133722305e-02 9.277094602584839e-01 -5.097983837127686e+00 
0.000000000000000e+00 0.000000000000000e+00 0.000000000000000e+00 1.000000000000000e+00 
src volume info
valid = 1  # volume info valid
filename = nu.mgz
volume = 256 256 256
voxelsize = 8.984375000000000e-01 8.984375000000000e-01 8.984375000000000e-01
xras   = -1.000000000000000e+00 1.214768563517765e-10 -6.478765440798284e-11
yras   = -1.295753088159657e-10 -1.658563952844361e-08 -1.000000000000000e+00
zras   = -9.718148508142121e-11 1.000000119209290e+00 0.000000000000000e+00
cras   = 3.515686035156250e+00 -4.144607543945312e+00 1.648200225830078e+01
dst volume info
valid = 1  # volume info valid
filename = /opt/freesurfer/average/RB_all_2020-01-02.gca
volume = 256 256 256
voxelsize = 1.000000000000000e+00 1.000000000000000e+00 1.000000000000000e+00
xras   = -1.000000000000000e+00 0.000000000000000e+00 0.000000000000000e+00
yras   = 0.000000000000000e+00 0.000000000000000e+00 -1.000000000000000e+00
zras   = 0.000000000000000e+00 1.000000000000000e+00 0.000000000000000e+00
cras   = 0.000000000000000e+00 0.000000000000000e+00 0.000000000000000e+00
