#Insight Transform File V1.0
#Transform 0
Transform: AffineTransform_float_3_3
Parameters: 0.999999 0.000680938 0.000276085 -0.000679563 0.999998 -0.00197557 -0.000277807 0.00197604 0.999998 -0.00120516 -0.0936524 0.137423
FixedParameters: 0 0 0

#Transform 1
Transform: AffineTransform_float_3_3
Parameters: 1 0.000579172 -8.10242e-05 -0.000579113 0.999999 -0.00133351 8.04433e-05 0.0013336 0.999999 0.00600025 -0.0949677 0.107884
FixedParameters: 0 0 0

#Transform 2
Transform: AffineTransform_float_3_3
Parameters: 1 0.000663086 0.000216335 -0.000662229 0.999999 -0.00134432 -0.000217153 0.00134403 0.999999 0.0297201 -0.0996551 0.103335
FixedParameters: 0 0 0

#Transform 3
Transform: AffineTransform_float_3_3
Parameters: 0.999999 0.000676803 0.000261865 -0.000675522 0.999998 -0.00190253 -0.000263472 0.00190303 0.999998 -0.00208894 -0.0486993 0.108771
FixedParameters: 0 0 0

#Transform 4
Transform: AffineTransform_float_3_3
Parameters: 1 0.000234169 0.000218564 -0.000233709 1 -0.00103944 -0.000219049 0.00103933 1 0.0417838 -0.0647244 0.144719
FixedParameters: 0 0 0

#Transform 5
Transform: AffineTransform_float_3_3
Parameters: 1 -0.000280377 7.93811e-05 0.000280317 1 0.000374714 -7.95912e-05 -0.000374669 1 0.0330263 -0.0578152 0.0295268
FixedParameters: 0 0 0

#Transform 6
Transform: AffineTransform_float_3_3
Parameters: 1 -0.000280037 7.81647e-05 0.000280075 1 -0.000245285 -7.80273e-05 0.000245329 1 0.0331071 -0.0164459 0.0562183
FixedParameters: 0 0 0

#Transform 7
Transform: AffineTransform_float_3_3
Parameters: 1 0.000126533 0.00035456 -0.000126037 0.999999 -0.000698782 -0.000354737 0.000698693 0.999999 0.0281202 -0.0840403 0.0476428
FixedParameters: 0 0 0

#Transform 8
Transform: AffineTransform_float_3_3
Parameters: 1 9.36932e-05 0.000455489 -9.36294e-05 1 -7.00202e-05 -0.000455503 6.99348e-05 1 0.0341989 -0.054557 0.0403349
FixedParameters: 0 0 0

#Transform 9
Transform: AffineTransform_float_3_3
Parameters: 1 -0.000279976 7.7945e-05 0.000280031 1 -0.000357285 -7.77449e-05 0.000357328 1 0.0331259 -0.00939817 0.0561188
FixedParameters: 0 0 0

#Transform 10
Transform: AffineTransform_float_3_3
Parameters: 1 -0.000168313 0.000477305 0.000168283 1 3.09313e-05 -0.000477315 -3.07707e-05 1 0.0354357 -0.0848366 0.0646148
FixedParameters: 0 0 0

#Transform 11
Transform: AffineTransform_float_3_3
Parameters: 1 0.000411003 0.000219355 -0.000410867 1 -0.00030839 -0.000219609 0.00030821 1 -0.0029859 -0.0592153 0.0654785
FixedParameters: 0 0 0

#Transform 12
Transform: AffineTransform_float_3_3
Parameters: 1 0.000450239 7.65865e-05 -0.000450265 1 0.000171006 -7.64325e-05 -0.000171074 1 -0.0248616 -0.000305234 0.0774369
FixedParameters: 0 0 0

#Transform 13
Transform: AffineTransform_float_3_3
Parameters: 1 0.000281953 0.000385797 -0.000281912 0.999999 0.00120016 -0.00038539 -0.00120038 0.999999 -0.00385746 -0.0677899 0.156209
FixedParameters: 0 0 0

#Transform 14
Transform: AffineTransform_float_3_3
Parameters: 1 0.000247876 0.000491572 -0.000247998 1 0.00012582 -0.000491508 -0.000125209 0.999999 0.00142649 0.0454656 0.0446842
FixedParameters: 0 0 0

#Transform 15
Transform: AffineTransform_float_3_3
Parameters: 1 0.000204482 0.000110386 -0.000204832 0.999998 0.00160983 -0.000109726 -0.00160987 0.999998 -0.00605424 -0.00153601 0.0506687
FixedParameters: 0 0 0

#Transform 16
Transform: AffineTransform_float_3_3
Parameters: 1 0.000260117 0.00030424 -0.000260454 1 0.000553362 -0.000303952 -0.000553521 1 -3.55415e-05 0.0228409 0.0636191
FixedParameters: 0 0 0

#Transform 17
Transform: AffineTransform_float_3_3
Parameters: 1 0.000225 0.00017727 -0.000225077 1 0.000218669 -0.000177171 -0.000218749 1 -0.000958268 -0.0356279 0.0778084
FixedParameters: 0 0 0

#Transform 18
Transform: AffineTransform_float_3_3
Parameters: 1 -0.000171913 5.02575e-05 0.000171813 1 0.00103882 -5.06137e-05 -0.0010388 1 0.01735 -0.00818822 0.101688
FixedParameters: 0 0 0

#Transform 19
Transform: AffineTransform_float_3_3
Parameters: 1 -2.55898e-05 0.00029031 2.51112e-05 0.999999 0.000824346 -0.000290352 -0.000824331 0.999999 0.0311501 0.0215389 0.0858562
FixedParameters: 0 0 0

#Transform 20
Transform: AffineTransform_float_3_3
Parameters: 1 0.00016282 -4.62966e-05 -0.000162844 1 -0.000258813 4.62123e-05 0.000258828 1 -0.00577035 -0.00990945 -0.00304858
FixedParameters: 0 0 0

#Transform 21
Transform: AffineTransform_float_3_3
Parameters: 1 0.000162452 -4.4207e-05 -0.000162398 1 0.000610184 4.44052e-05 -0.00061017 1 0.0152171 0.0172569 0.0135426
FixedParameters: 0 0 0

#Transform 22
Transform: AffineTransform_float_3_3
Parameters: 1 0.000261713 0.000306427 -0.000261644 1 -0.000111645 -0.000306486 0.000111484 1 -0.0190379 -0.0105552 0.017028
FixedParameters: 0 0 0

#Transform 23
Transform: AffineTransform_float_3_3
Parameters: 1 0.000140148 0.000424283 -0.000141123 1 0.00115406 -0.000423957 -0.00115418 0.999999 -0.0085455 -0.0330565 0.0483687
FixedParameters: 0 0 0

#Transform 24
Transform: AffineTransform_float_3_3
Parameters: 1 -0.000234477 6.76183e-05 0.000234346 0.999999 0.000968755 -6.80725e-05 -0.000968724 0.999999 -0.00398373 0.016136 0.0271225
FixedParameters: 0 0 0

#Transform 25
Transform: AffineTransform_float_3_3
Parameters: 1 -9.78406e-05 0.000134208 9.77316e-05 1 0.000405667 -0.000134288 -0.000405641 1 -0.0178511 0.0025055 -0.009057
FixedParameters: 0 0 0

#Transform 26
Transform: AffineTransform_float_3_3
Parameters: 1 -0.000137141 0.000415021 0.000137402 0.999999 0.000846063 -0.000415524 -0.000845949 0.999999 0.00849519 -0.000959684 0.0203519
FixedParameters: 0 0 0

#Transform 27
Transform: AffineTransform_float_3_3
Parameters: 1 -0.000113477 0.000495201 0.00011342 1 5.78928e-05 -0.000495214 -5.77805e-05 1 0.00170057 0.0369532 -0.0144369
FixedParameters: 0 0 0

#Transform 28
Transform: AffineTransform_float_3_3
Parameters: 0.999999 -0.000531705 0.000637488 0.000531663 1 0.000790401 -0.0006386 -0.000790243 0.999999 0.023263 -0.0166796 0.00721434
FixedParameters: 0 0 0

#Transform 29
Transform: AffineTransform_float_3_3
Parameters: 1 -0.000523968 0.00044638 0.000523235 1 0.000824728 -0.000447245 -0.000824781 0.999999 0.0219809 0.0699443 0.0192355
FixedParameters: 0 0 0

#Transform 30
Transform: AffineTransform_float_3_3
Parameters: 1 -0.00011923 0.000479861 0.000119238 0.999999 0.000995188 -0.000480366 -0.000994553 1 0.0037171 0.0334125 0.0308183
FixedParameters: 0 0 0

#Transform 31
Transform: AffineTransform_float_3_3
Parameters: 1 -0.000247631 0.000532051 0.000246776 0.999999 0.000803824 -0.000532448 -0.00080356 0.999999 0.00668166 0.0624374 -0.0326877
FixedParameters: 0 0 0

#Transform 32
Transform: AffineTransform_float_3_3
Parameters: 1 -0.000150446 4.31853e-05 0.000150403 1 0.00048984 -4.33327e-05 -0.000489827 1 -0.0309127 0.08123 -0.00922975
FixedParameters: 0 0 0

#Transform 33
Transform: AffineTransform_float_3_3
Parameters: 1 -0.00023422 6.66568e-05 0.000234154 1 0.000489757 -6.68862e-05 -0.000489726 1 -0.0262356 0.0519147 -0.0320327
FixedParameters: 0 0 0

#Transform 34
Transform: AffineTransform_float_3_3
Parameters: 1 -0.000173704 0.000283826 0.000174248 0.999999 0.000737333 -0.000284353 -0.000737234 0.999999 -0.0216986 0.0506302 -0.0425345
FixedParameters: 0 0 0

#Transform 35
Transform: AffineTransform_float_3_3
Parameters: 1 -0.000184652 0.000245784 0.000185138 0.999999 0.000969409 -0.000246413 -0.000969318 0.999999 -0.0219297 0.0618259 -0.007881
FixedParameters: 0 0 0

#Transform 36
Transform: AffineTransform_float_3_3
Parameters: 1 -0.000234413 6.73795e-05 0.000234298 0.999999 0.000849756 -6.77778e-05 -0.000849724 0.999999 -0.0231119 -0.000130094 0.0262467
FixedParameters: 0 0 0

#Transform 37
Transform: AffineTransform_float_3_3
Parameters: 1 -0.000656343 0.000688597 0.000654812 0.999999 0.0013076 -0.000689348 -0.0013067 0.999999 0.00658602 -0.00164218 0.0124492
FixedParameters: 0 0 0

#Transform 38
Transform: AffineTransform_float_3_3
Parameters: 0.999999 -0.000650335 0.000705686 0.000649566 1 0.000547312 -0.000706399 -0.000546915 0.999999 0.00664552 0.0407609 -0.00458925
FixedParameters: 0 0 0

#Transform 39
Transform: AffineTransform_float_3_3
Parameters: 0.999999 -0.000685767 0.000582411 0.000684699 0.999999 0.00115277 -0.000583026 -0.00115198 0.999999 0.00584714 0.00225834 0.0355652
FixedParameters: 0 0 0

#Transform 40
Transform: AffineTransform_float_3_3
Parameters: 1 -0.00044451 0.000494083 0.000443735 1 0.00106191 -0.000494062 -0.00106147 1 0.00945548 0.0182205 0.0382394
FixedParameters: 0 0 0

#Transform 41
Transform: AffineTransform_float_3_3
Parameters: 0.999999 -0.000687933 0.000573358 0.000686896 0.999999 0.0009056 -0.000574606 -0.000906185 0.999999 0.022545 0.0474113 0.00179887
FixedParameters: 0 0 0

#Transform 42
Transform: AffineTransform_float_3_3
Parameters: 1 -0.00063699 0.00076322 0.000635151 0.999998 0.00219448 -0.000764354 -0.00219351 0.999998 0.0361017 -0.0251198 0.0578916
FixedParameters: 0 0 0

#Transform 43
Transform: AffineTransform_float_3_3
Parameters: 0.999999 -0.000731825 0.000419197 0.000730847 0.999998 0.00149302 -0.000420417 -0.00149241 0.999999 0.0338879 0.0292694 0.00736409
FixedParameters: 0 0 0

#Transform 44
Transform: AffineTransform_float_3_3
Parameters: 1 -0.000573202 0.000986184 0.000571882 0.999999 0.00129316 -0.000986973 -0.00129289 0.999999 0.0373954 -0.0159537 0.00779257
FixedParameters: 0 0 0

#Transform 45
Transform: AffineTransform_float_3_3
Parameters: 1 -0.000804789 0.00087385 0.000803168 0.999998 0.00178844 -0.000875071 -0.00178789 0.999998 0.044807 0.0310379 0.0394417
FixedParameters: 0 0 0

#Transform 46
Transform: AffineTransform_float_3_3
Parameters: 0.999999 -0.000637079 0.000756768 0.000635303 0.999999 0.00117549 -0.000758262 -0.00117452 0.999999 0.0359788 0.0550117 0.0285038
FixedParameters: 0 0 0

#Transform 47
Transform: AffineTransform_float_3_3
Parameters: 1 -0.000620661 0.000816814 0.000618674 0.999999 0.00138139 -0.000817563 -0.00138037 0.999998 0.0296594 -0.0381648 0.0562313
FixedParameters: 0 0 0

#Transform 48
Transform: AffineTransform_float_3_3
Parameters: 0.999999 -0.000708597 0.000504632 0.000706921 0.999998 0.00193197 -0.000506404 -0.00193211 0.999998 0.0343342 -0.0255469 0.0649849
FixedParameters: 0 0 0

#Transform 49
Transform: AffineTransform_float_3_3
Parameters: 1 -7.41356e-05 0.000611499 7.36542e-05 1 0.00039364 -0.000611557 -0.00039355 0.999999 0.0117901 0.0687401 -0.0130131
FixedParameters: 0 0 0

#Transform 50
Transform: AffineTransform_float_3_3
Parameters: 0.999999 -0.000344758 0.000703147 0.000344313 0.999999 0.00119458 -0.000703278 -0.00119495 0.999999 0.0106637 -0.00773348 0.0142947
FixedParameters: 0 0 0

#Transform 51
Transform: AffineTransform_float_3_3
Parameters: 0.999999 -0.000191444 0.00080117 0.000189845 0.999998 0.00160153 -0.000802048 -0.0016007 0.999999 0.00694535 -0.00870936 0.00150214
FixedParameters: 0 0 0

#Transform 52
Transform: AffineTransform_float_3_3
Parameters: 0.999999 -0.000657439 0.000682109 0.000656539 1 0.000860351 -0.000682277 -0.000859978 0.999999 0.0156079 0.039159 -0.0421805
FixedParameters: 0 0 0

#Transform 53
Transform: AffineTransform_float_3_3
Parameters: 1 -0.000493959 0.0003788 0.000494047 0.999998 0.00151611 -0.000379604 -0.00151574 0.999999 0.0254329 -0.000968129 -0.0184452
FixedParameters: 0 0 0

#Transform 54
Transform: AffineTransform_float_3_3
Parameters: 1 -0.000493606 0.000820187 0.000492064 0.999999 0.00169241 -0.000821163 -0.00169246 0.999999 0.0359087 0.0473076 0.00442925
FixedParameters: 0 0 0

#Transform 55
Transform: AffineTransform_float_3_3
Parameters: 1 -0.000600323 0.000891425 0.000598882 0.999999 0.00165333 -0.000891753 -0.00165312 0.999999 0.0368944 0.0120745 0.00375648
FixedParameters: 0 0 0

#Transform 56
Transform: AffineTransform_float_3_3
Parameters: 1 -0.000697732 0.000826464 0.000696133 0.999998 0.0018794 -0.000827427 -0.00187825 0.999998 0.0368152 -0.00376593 0.0199683
FixedParameters: 0 0 0

#Transform 57
Transform: AffineTransform_float_3_3
Parameters: 1 -0.00057201 0.000994985 0.000569364 0.999998 0.00194914 -0.000996517 -0.00194886 0.999997 0.0220721 0.0354489 0.00945191
FixedParameters: 0 0 0

#Transform 58
Transform: AffineTransform_float_3_3
Parameters: 1 -0.000784244 0.000920482 0.00078168 0.999997 0.00221137 -0.000922289 -0.00221078 0.999998 0.0378078 -0.00147052 0.0215919
FixedParameters: 0 0 0

#Transform 59
Transform: AffineTransform_float_3_3
Parameters: 0.999999 -0.00118913 0.000825372 0.00118773 0.999998 0.00192631 -0.000827331 -0.00192488 0.999998 0.0388628 0.00487819 -0.00732323
FixedParameters: 0 0 0

#Transform 60
Transform: AffineTransform_float_3_3
Parameters: 1 -0.000250232 0.000343777 0.000249283 0.999999 0.0013862 -0.000344468 -0.00138603 0.999999 0.0195135 0.0320557 -0.031529
FixedParameters: 0 0 0

#Transform 61
Transform: AffineTransform_float_3_3
Parameters: 0.999999 -0.000370376 0.000656331 0.000369159 0.999998 0.0018726 -0.000657021 -0.00187212 0.999998 0.0236636 0.0232199 0.00887228
FixedParameters: 0 0 0

#Transform 62
Transform: AffineTransform_float_3_3
Parameters: 0.999999 -0.000476705 0.000611632 0.000475585 0.999998 0.00215444 -0.000612027 -0.00215438 0.999997 0.025627 0.00383024 0.0219309
FixedParameters: 0 0 0

#Transform 63
Transform: AffineTransform_float_3_3
Parameters: 0.999999 -0.00056898 0.00048598 0.000567734 0.999999 0.00156766 -0.0004868 -0.00156763 0.999998 0.0248565 0.0271405 -0.000100766
FixedParameters: 0 0 0

#Transform 64
Transform: AffineTransform_float_3_3
Parameters: 1 -0.000962357 0.000639442 0.000961726 0.999998 0.00167047 -0.000641001 -0.00166976 0.999998 0.0365224 -0.0151183 -0.0148586
FixedParameters: 0 0 0

#Transform 65
Transform: AffineTransform_float_3_3
Parameters: 0.999999 -0.000903876 0.000845805 0.000903209 0.999999 0.00112152 -0.00084714 -0.00112084 0.999999 0.0377882 -0.00181481 -0.0459998
FixedParameters: 0 0 0

#Transform 66
Transform: AffineTransform_float_3_3
Parameters: 1 -0.000990296 0.00054056 0.000988744 0.999997 0.00193493 -0.000542464 -0.00193472 0.999998 0.0360282 0.0326612 -0.0164323
FixedParameters: 0 0 0

#Transform 67
Transform: AffineTransform_float_3_3
Parameters: 1 -0.000541815 0.000416302 0.000540085 0.999997 0.00241404 -0.000417948 -0.00241359 0.999997 -0.00108268 0.0121474 -0.00830138
FixedParameters: 0 0 0

#Transform 68
Transform: AffineTransform_float_3_3
Parameters: 1 -0.000477717 0.000399267 0.000476892 0.999995 0.00293407 -0.000400409 -0.0029337 0.999995 0.0123569 0.00891769 0.0738117
FixedParameters: 0 0 0

#Transform 69
Transform: AffineTransform_float_3_3
Parameters: 1 -0.000991637 0.000542222 0.000989881 0.999994 0.0032636 -0.000546067 -0.00326305 0.999994 0.0360377 -0.0398371 0.0843056
FixedParameters: 0 0 0

#Transform 70
Transform: AffineTransform_float_3_3
Parameters: 1 -0.000991087 0.000541541 0.000989922 0.999996 0.00271886 -0.000544305 -0.00271779 0.999996 0.033093 -0.0268244 -0.00604783
FixedParameters: 0 0 0

#Transform 71
Transform: AffineTransform_float_3_3
Parameters: 0.999999 -0.000994848 0.000734293 0.000991719 0.999993 0.00353043 -0.000737724 -0.00353035 0.999993 0.0535512 -0.00620387 0.0423483
FixedParameters: 0 0 0

#Transform 72
Transform: AffineTransform_float_3_3
Parameters: 1 -0.000922061 0.000792643 0.000920065 0.999995 0.00316334 -0.000795158 -0.00316326 0.999995 0.0212556 0.0181894 0.0510702
FixedParameters: 0 0 0

#Transform 73
Transform: AffineTransform_float_3_3
Parameters: 0.999999 -0.000839571 0.0005003 0.000837894 0.999993 0.00346491 -0.000503488 -0.00346407 0.999994 0.0156671 0.0529201 -0.0141901
FixedParameters: 0 0 0

#Transform 74
Transform: AffineTransform_float_3_3
Parameters: 0.999999 -0.000732686 0.00041631 0.000730638 0.999995 0.00312603 -0.000418954 -0.00312542 0.999995 0.0160761 0.0775459 -0.069337
FixedParameters: 0 0 0

#Transform 75
Transform: AffineTransform_float_3_3
Parameters: 0.999999 -0.000753835 0.000475348 0.000752026 0.999996 0.00248194 -0.000477157 -0.00248123 0.999997 0.0356669 0.038384 -0.0439906
FixedParameters: 0 0 0

#Transform 76
Transform: AffineTransform_float_3_3
Parameters: 0.999999 -0.000812723 0.000491861 0.000811674 0.999996 0.00260273 -0.000494434 -0.00260331 0.999996 0.0507653 -0.00530749 -0.0285646
FixedParameters: 0 0 0

#Transform 77
Transform: AffineTransform_float_3_3
Parameters: 0.999999 -0.000654825 0.000448149 0.000652934 0.999996 0.00272799 -0.000449786 -0.0027274 0.999996 0.0400445 0.0116643 -0.0134128
FixedParameters: 0 0 0

#Transform 78
Transform: AffineTransform_float_3_3
Parameters: 1 -0.000177433 0.000312212 0.000176857 0.999999 0.000922535 -0.000312537 -0.000921903 1 -0.0127076 0.0465933 -0.104291
FixedParameters: 0 0 0

#Transform 79
Transform: AffineTransform_float_3_3
Parameters: 1 -0.00044204 0.000387569 0.000440936 0.999999 0.0017831 -0.000388179 -0.00178276 0.999999 0.0106512 0.00447827 -0.135884
FixedParameters: 0 0 0

#Transform 80
Transform: AffineTransform_float_3_3
Parameters: 0.999999 -0.000840357 0.000498057 0.000839344 0.999999 0.00129191 -0.000499263 -0.00129107 0.999999 0.0133292 0.0726377 -0.158336
FixedParameters: 0 0 0

#Transform 81
Transform: AffineTransform_float_3_3
Parameters: 0.999999 -0.000840493 0.000498252 0.000839338 0.999998 0.00143098 -0.000499694 -0.001431 0.999999 0.0132317 -0.00478562 -0.138538
FixedParameters: 0 0 0

#Transform 82
Transform: AffineTransform_float_3_3
Parameters: 0.999999 -0.000823432 0.000562766 0.000821622 0.999998 0.00209656 -0.000564288 -0.00209616 0.999997 0.0306132 -0.0237972 -0.083878
FixedParameters: 0 0 0

#Transform 83
Transform: AffineTransform_float_3_3
Parameters: 0.999999 -0.000840234 0.000497879 0.000839348 0.999999 0.00116491 -0.000498871 -0.00116407 0.999999 0.0302613 0.0865347 -0.180554
FixedParameters: 0 0 0

#Transform 84
Transform: AffineTransform_float_3_3
Parameters: 0.999999 -0.000840945 0.000498908 0.000839597 0.999998 0.00189891 -0.000500171 -0.00189807 0.999998 0.0301542 -0.0166586 -0.146708
FixedParameters: 0 0 0

#Transform 85
Transform: AffineTransform_float_3_3
Parameters: 0.999999 -0.000840946 0.000498909 0.000839597 0.999998 0.00189991 -0.000500174 -0.00189907 0.999998 0.0302388 0.0393072 -0.134164
FixedParameters: 0 0 0

#Transform 86
Transform: AffineTransform_float_3_3
Parameters: 0.999999 -0.000820735 0.000569719 0.000819226 0.999999 0.00156655 -0.000571325 -0.00156613 0.999998 -0.000548963 0.0355579 -0.167139
FixedParameters: 0 0 0

#Transform 87
Transform: AffineTransform_float_3_3
Parameters: 0.999999 -0.000824605 0.000555048 0.000823586 0.999998 0.00140883 -0.000555443 -0.00140792 0.999999 0.0216288 0.0113848 -0.18376
FixedParameters: 0 0 0

#Transform 88
Transform: AffineTransform_float_3_3
Parameters: 0.999999 -0.000887798 0.000328704 0.000887416 0.999998 0.00140914 -0.000329278 -0.00140856 0.999999 0.00173497 -0.0102384 -0.173179
FixedParameters: 0 0 0

#Transform 89
Transform: AffineTransform_float_3_3
Parameters: 0.999999 -0.000840019 0.000497566 0.000839356 0.999999 0.000941649 -0.000498185 -0.000941335 0.999999 -0.00739633 0.0152927 -0.231968
FixedParameters: 0 0 0

#Transform 90
Transform: AffineTransform_float_3_3
Parameters: 1 -0.000905338 0.00051669 0.000904076 0.999998 0.00174689 -0.000517923 -0.00174596 0.999999 0.00497648 0.0419682 -0.222725
FixedParameters: 0 0 0

#Transform 91
Transform: AffineTransform_float_3_3
Parameters: 0.999999 -0.000938908 0.00014574 0.000937798 0.999998 0.00143837 -0.000147205 -0.0014381 0.999999 -0.00507069 0.0589743 -0.147044
FixedParameters: 0 0 0

#Transform 92
Transform: AffineTransform_float_3_3
Parameters: 1 -0.000598419 0.000196774 0.00059821 0.999999 0.0012274 -0.000197279 -0.00122716 0.999999 -0.0157993 0.0588885 -0.208086
FixedParameters: 0 0 0

#Transform 93
Transform: AffineTransform_float_3_3
Parameters: 0.999999 -0.000840815 0.00049872 0.000839602 0.999998 0.00176491 -0.000499758 -0.00176407 0.999999 -0.00574644 0.0528743 -0.240089
FixedParameters: 0 0 0

#Transform 94
Transform: AffineTransform_float_3_3
Parameters: 0.999999 -0.00063275 0.000439272 0.000632131 0.999999 0.000703997 -0.000440163 -0.000703441 0.999999 0.0121192 0.0489784 -0.231424
FixedParameters: 0 0 0

#Transform 95
Transform: AffineTransform_float_3_3
Parameters: 0.999999 -0.000879306 0.000355491 0.000878905 1 0.000568844 -0.000356492 -0.000568738 1 -0.00320634 0.0228774 -0.251401
FixedParameters: 0 0 0

#Transform 96
Transform: AffineTransform_float_3_3
Parameters: 0.999999 -0.000840598 0.000498406 0.000839338 0.999999 0.00154065 -0.000500031 -0.00154033 0.999998 0.00985082 -0.0116558 -0.248607
FixedParameters: 0 0 0

#Transform 97
Transform: AffineTransform_float_3_3
Parameters: 0.999999 -0.000868593 6.54671e-05 0.000867761 0.999999 0.0010895 -6.61248e-05 -0.00108939 1 -0.015354 0.0555725 -0.255961
FixedParameters: 0 0 0

#Transform 98
Transform: AffineTransform_float_3_3
Parameters: 1 -0.000840497 0.000498255 0.000839338 0.999998 0.00143291 -0.000499698 -0.00143207 0.999999 -0.0120612 0.0488833 -0.117644
FixedParameters: 0 0 0

#Transform 99
Transform: AffineTransform_float_3_3
Parameters: 0.999999 -0.00103346 0.00089261 0.00103253 0.999999 0.00136818 -0.000893781 -0.00136686 0.999998 0.0227676 -0.00492899 -0.0263174
FixedParameters: 0 0 0

#Transform 100
Transform: AffineTransform_float_3_3
Parameters: 1 -0.000469582 0.00039455 0.000468809 0.999999 0.00132808 -0.000394833 -0.00132771 0.999999 -0.0566063 0.011225 -0.247232
FixedParameters: 0 0 0

#Transform 101
Transform: AffineTransform_float_3_3
Parameters: 1 -0.000585429 -0.000270657 0.000585848 0.999999 0.000776174 0.000269748 -0.000776491 0.999999 -0.0349082 0.0315605 -0.27864
FixedParameters: 0 0 0

#Transform 102
Transform: AffineTransform_float_3_3
Parameters: 0.999999 -0.000705515 0.000402757 0.000705397 0.999999 0.00168379 -0.00040444 -0.00168374 0.999998 -0.0329469 -0.0432847 -0.172011
FixedParameters: 0 0 0

#Transform 103
Transform: AffineTransform_float_3_3
Parameters: 0.999999 -0.000604674 0.000761195 0.000604137 0.999999 0.00116354 -0.00076191 -0.00116348 0.999999 -0.0317664 0.0320679 -0.187742
FixedParameters: 0 0 0

#Transform 104
Transform: AffineTransform_float_3_3
Parameters: 1 -0.000390061 0.000470785 0.000389537 0.999999 0.000554019 -0.000471219 -0.000554506 1 -0.0472492 0.0159272 -0.232545
FixedParameters: 0 0 0

#Transform 105
Transform: AffineTransform_float_3_3
Parameters: 0.999999 -0.000645434 0.00044305 0.000645214 0.999999 0.00164673 -0.000444483 -0.00164668 0.999998 -0.0363046 -0.00894909 -0.218575
FixedParameters: 0 0 0

#Transform 106
Transform: AffineTransform_float_3_3
Parameters: 1 4.4094e-05 0.000248344 -4.43461e-05 1 0.000507454 -0.000248299 -0.000507476 1 -0.0491645 0.0333831 -0.170731
FixedParameters: 0 0 0

#Transform 107
Transform: AffineTransform_float_3_3
Parameters: 1 -0.000217778 0.00044992 0.000217609 1 0.000187987 -0.000450002 -0.000187792 1 -0.0360763 0.0441954 -0.187759
FixedParameters: 0 0 0

#Transform 108
Transform: AffineTransform_float_3_3
Parameters: 1 -0.000201015 0.000318234 0.000200269 1 0.00117726 -0.000318705 -0.00117713 1 -0.0608715 0.0369745 -0.16743
FixedParameters: 0 0 0

#Transform 109
Transform: AffineTransform_float_3_3
Parameters: 1 -0.000173378 0.000615017 0.00017201 0.999999 0.00133665 -0.000614515 -0.00133644 0.999999 -0.0467263 0.0265857 -0.109753
FixedParameters: 0 0 0

#Transform 110
Transform: AffineTransform_float_3_3
Parameters: 1 0.000160358 0.000219681 -0.000160381 0.999998 0.00227556 -0.000219218 -0.00227563 0.999998 -0.0904632 -0.056616 -0.0675483
FixedParameters: 0 0 0

#Transform 111
Transform: AffineTransform_float_3_3
Parameters: 1 -0.000232433 -0.000112506 0.000232097 0.999999 0.00155712 0.000113016 -0.00155717 0.999999 -0.0526952 -0.00719026 -0.16353
FixedParameters: 0 0 0

#Transform 112
Transform: AffineTransform_float_3_3
Parameters: 1 0.000280145 3.73338e-05 -0.000280557 0.999998 0.00203104 -3.71559e-05 -0.00203106 0.999998 -0.0272352 -0.00511812 -0.167665
FixedParameters: 0 0 0

#Transform 113
Transform: AffineTransform_float_3_3
Parameters: 1 -0.000189513 3.78378e-05 0.000189463 1 0.000658835 -3.80875e-05 -0.00065882 1 -0.0590125 0.0675533 -0.223283
FixedParameters: 0 0 0

#Transform 114
Transform: AffineTransform_float_3_3
Parameters: 1 0.000217349 -7.68981e-06 -0.00021734 1 0.000596122 7.94894e-06 -0.000596119 1 -0.0506106 0.00321802 -0.205693
FixedParameters: 0 0 0

#Transform 115
Transform: AffineTransform_float_3_3
Parameters: 1 -0.000232404 -0.000112672 0.000232049 0.999999 0.00147412 0.000113222 -0.00147418 0.999999 -0.0492084 0.064593 -0.210505
FixedParameters: 0 0 0

#Transform 116
Transform: AffineTransform_float_3_3
Parameters: 1 0.000107603 -0.000207594 -0.00010699 0.999999 0.00146554 0.000207909 -0.0014655 0.999999 -0.0515612 9.92507e-05 -0.145887
FixedParameters: 0 0 0

#Transform 117
Transform: AffineTransform_float_3_3
Parameters: 1 0.000290746 -0.000260359 -0.000291291 0.999999 0.000800798 0.000261095 -0.000800647 0.999999 -0.0694784 0.0388621 -0.120015
FixedParameters: 0 0 0

#Transform 118
Transform: AffineTransform_float_3_3
Parameters: 1 0.00029052 -0.000257611 -0.000290499 0.999998 0.0018858 0.000258979 -0.00188565 0.999998 -0.0527228 -0.0017597 -0.0597946
FixedParameters: 0 0 0

#Transform 119
Transform: AffineTransform_float_3_3
Parameters: 1 -5.24405e-06 -0.000174957 4.98826e-06 0.999998 0.00199339 0.000175209 -0.0019934 0.999998 -0.0506781 0.0429023 -0.00812518
FixedParameters: 0 0 0

#Transform 120
Transform: AffineTransform_float_3_3
Parameters: 1 0.000332114 -0.000111081 -0.000331846 0.999999 0.00117945 0.000111865 -0.00117937 1 -0.0845343 0.0758999 -0.0761915
FixedParameters: 0 0 0

#Transform 121
Transform: AffineTransform_float_3_3
Parameters: 1 0.000322103 -0.000146295 -0.000322938 0.999999 0.00134353 0.00014647 -0.00134343 0.999999 -0.0986 0.0479368 -0.106386
FixedParameters: 0 0 0

#Transform 122
Transform: AffineTransform_float_3_3
Parameters: 1 0.000414609 -0.000172509 -0.000414463 0.999999 0.00119566 0.000172539 -0.00119551 1 -0.118337 0.0559424 -0.0555186
FixedParameters: 0 0 0

#Transform 123
Transform: AffineTransform_float_3_3
Parameters: 1 0.000322398 -0.000148655 -0.000322272 1 0.000423534 0.000148928 -0.000423438 1 -0.114409 0.0522221 -0.193423
FixedParameters: 0 0 0

#Transform 124
Transform: AffineTransform_float_3_3
Parameters: 1 0.000292885 -0.000252452 -0.000293673 0.999999 0.00088078 0.000252276 -0.00088063 0.999999 -0.0993262 0.0296082 -0.179824
FixedParameters: 0 0 0

#Transform 125
Transform: AffineTransform_float_3_3
Parameters: 1 0.000385929 -0.000166286 -0.000385765 1 0.00049162 0.000166665 -0.000491491 1 -0.0989807 0.0753491 -0.150675
FixedParameters: 0 0 0

#Transform 126
Transform: AffineTransform_float_3_3
Parameters: 0.999999 0.00016323 -0.000716332 -0.000163326 1 0.000604801 0.000716799 -0.000604568 0.999999 -0.108877 0.0274161 -0.181762
FixedParameters: 0 0 0

#Transform 127
Transform: AffineTransform_float_3_3
Parameters: 1 0.000249484 -0.000406415 -0.000249643 0.999999 0.00131613 0.00040638 -0.00131593 0.999999 -0.1002 0.0710832 -0.170193
FixedParameters: 0 0 0

#Transform 128
Transform: AffineTransform_float_3_3
Parameters: 1 0.000281576 -0.000292995 -0.000282044 0.999999 0.000842874 0.00029374 -0.000842709 0.999999 -0.102418 0.0401446 -0.141664
FixedParameters: 0 0 0

#Transform 129
Transform: AffineTransform_float_3_3
Parameters: 1 0.000281642 -0.000293931 -0.000282327 1 0.000471876 0.000294468 -0.00047171 1 -0.0995515 0.0386583 -0.209039
FixedParameters: 0 0 0

#Transform 130
Transform: AffineTransform_float_3_3
Parameters: 1 8.65997e-05 -0.000619407 -8.69932e-05 1 0.000459485 0.000619757 -0.000459377 0.999999 -0.101204 0.0196211 -0.204018
FixedParameters: 0 0 0

#Transform 131
Transform: AffineTransform_float_3_3
Parameters: 1 0.000298968 -0.00023293 -0.000298863 1 0.000225733 0.000233065 -0.000225593 1 -0.0990426 0.0864663 -0.164169
FixedParameters: 0 0 0

#Transform 132
Transform: AffineTransform_float_3_3
Parameters: 0.999999 0.000158499 -0.000732561 -0.000158168 1 0.00106484 0.000732206 -0.0010646 0.999999 -0.117576 0.0449765 -0.148862
FixedParameters: 0 0 0

#Transform 133
Transform: AffineTransform_float_3_3
Parameters: 0.999999 0.000429005 -0.000809126 -0.000428104 0.999999 0.000724364 0.000808783 -0.000723668 0.999999 -0.125985 0.0809048 -0.164683
FixedParameters: 0 0 0

#Transform 134
Transform: AffineTransform_float_3_3
Parameters: 0.999999 0.00042217 -0.000807977 -0.000422411 0.999999 0.000447426 0.000808623 -0.000447597 0.999999 -0.146543 0.081482 -0.158976
FixedParameters: 0 0 0

#Transform 135
Transform: AffineTransform_float_3_3
Parameters: 1 0.000676359 -0.000945517 -0.000675043 1 0.00083908 0.000945687 -0.000837799 0.999999 -0.148801 0.0605499 -0.180863
FixedParameters: 0 0 0

#Transform 136
Transform: AffineTransform_float_3_3
Parameters: 0.999998 0.00102717 -0.00137662 -0.0010258 0.999999 0.000947059 0.00137787 -0.000945083 0.999998 -0.153464 0.0877176 -0.165333
FixedParameters: 0 0 0

#Transform 137
Transform: AffineTransform_float_3_3
Parameters: 0.999997 0.00165349 -0.00187101 -0.00165002 0.999996 0.00206004 0.0018738 -0.00205692 0.999996 -0.204913 0.0526071 -0.177208
FixedParameters: 0 0 0

#Transform 138
Transform: AffineTransform_float_3_3
Parameters: 0.999997 0.00133414 -0.00200196 -0.00133234 0.999999 0.00106894 0.00200341 -0.0010653 0.999997 -0.204316 0.0714547 -0.202017
FixedParameters: 0 0 0

#Transform 139
Transform: AffineTransform_float_3_3
Parameters: 0.999997 0.00105928 -0.00184019 -0.00105792 0.999999 0.000445718 0.00184016 -0.000443528 0.999998 -0.194123 0.0495274 -0.199901
FixedParameters: 0 0 0

#Transform 140
Transform: AffineTransform_float_3_3
Parameters: 0.999998 0.000940174 -0.001892 -0.000938799 1 0.00101661 0.00189252 -0.00101476 0.999998 -0.188986 0.0152231 -0.172834
FixedParameters: 0 0 0

#Transform 141
Transform: AffineTransform_float_3_3
Parameters: 0.999998 0.000940174 -0.001892 -0.000938799 1 0.00101661 0.00189252 -0.00101476 0.999998 -0.184527 0.0782716 -0.253208
FixedParameters: 0 0 0

#Transform 142
Transform: AffineTransform_float_3_3
Parameters: 0.999999 0.00103515 -0.00155212 -0.00103423 0.999999 0.000698721 0.00155287 -0.000697214 0.999999 -0.172001 0.080392 -0.180097
FixedParameters: 0 0 0

#Transform 143
Transform: AffineTransform_float_3_3
Parameters: 0.999998 0.000572123 -0.0017918 -0.000572501 1 0.000165459 0.00179226 -0.000165116 0.999998 -0.163584 0.0497831 -0.172051
FixedParameters: 0 0 0

#Transform 144
Transform: AffineTransform_float_3_3
Parameters: 0.999999 0.000466353 -0.00127299 -0.000465135 1 0.000856742 0.00127406 -0.00085641 0.999999 -0.170094 0.039243 -0.224417
FixedParameters: 0 0 0

#Transform 145
Transform: AffineTransform_float_3_3
Parameters: 0.999999 0.000737123 -0.00138132 -0.000737127 1 9.75346e-05 0.0013805 -9.63504e-05 0.999999 -0.157942 0.118837 -0.185908
FixedParameters: 0 0 0

#Transform 146
Transform: AffineTransform_float_3_3
Parameters: 0.999999 0.000476933 -0.00123516 -0.000476593 1 0.000249916 0.00123443 -0.00024907 1 -0.151023 0.0900659 -0.183832
FixedParameters: 0 0 0

#Transform 147
Transform: AffineTransform_float_3_3
Parameters: 1 0.000150432 -0.0005762 -0.000149765 0.999999 0.00081445 0.000575481 -0.000814275 0.999999 -0.127014 0.092456 -0.207594
FixedParameters: 0 0 0

#Transform 148
Transform: AffineTransform_float_3_3
Parameters: 1 0.000132429 -0.000642774 -0.000133014 1 -0.000455412 0.000642653 0.000455583 0.999999 -0.127305 0.110779 -0.255475
FixedParameters: 0 0 0

#Transform 149
Transform: AffineTransform_float_3_3
Parameters: 1 0.000288134 -0.00118252 -0.000287815 1 0.000137461 0.0011826 -0.000137113 1 -0.156636 0.109645 -0.211954
FixedParameters: 0 0 0

#Transform 150
Transform: AffineTransform_float_3_3
Parameters: 0.999999 6.28499e-05 -0.000889713 -6.28284e-05 1 0.000164081 0.000888771 -0.000163967 0.999999 -0.120257 0.111136 -0.242087
FixedParameters: 0 0 0

#Transform 151
Transform: AffineTransform_float_3_3
Parameters: 0.999999 0.00010754 -0.000731202 -0.000108121 1 -0.000397232 0.000731116 0.00039739 0.999999 -0.127904 0.0919684 -0.261827
FixedParameters: 0 0 0

#Transform 152
Transform: AffineTransform_float_3_3
Parameters: 1 0.000261221 -0.00117479 -0.000260751 1 0.000202397 0.0011749 -0.000202117 1 -0.149031 0.0911532 -0.198134
FixedParameters: 0 0 0

#Transform 153
Transform: AffineTransform_float_3_3
Parameters: 0.999999 0.00043166 -0.000874323 -0.000431091 0.999999 0.000326614 0.000874603 -0.000326713 0.999999 -0.130435 0.133482 -0.173029
FixedParameters: 0 0 0

#Transform 154
Transform: AffineTransform_float_3_3
Parameters: 0.999999 0.00022802 -0.000745575 -0.000228144 1 -8.30516e-05 0.000745537 8.33917e-05 0.999999 -0.128688 0.0655522 -0.161299
FixedParameters: 0 0 0

#Transform 155
Transform: AffineTransform_float_3_3
Parameters: 0.999999 8.21515e-05 -0.000820527 -8.13007e-05 0.999999 0.000519019 0.00082061 -0.000519739 0.999999 -0.120396 0.0825549 -0.207403
FixedParameters: 0 0 0

#Transform 156
Transform: AffineTransform_float_3_3
Parameters: 1 0.000131699 -0.000644546 -0.000131681 1 1.46648e-05 0.000644548 -1.5349e-05 1 -0.110416 0.100895 -0.187935
FixedParameters: 0 0 0

#Transform 157
Transform: AffineTransform_float_3_3
Parameters: 1 0.000131872 -0.000642222 -0.000130591 1 0.000993589 0.000642484 -0.000993421 1 -0.104548 0.0854761 -0.181697
FixedParameters: 0 0 0

#Transform 158
Transform: AffineTransform_float_3_3
Parameters: 1 0.000131715 -0.000644342 -0.000131585 1 0.000100591 0.000644368 -0.000100422 1 -0.11034 0.135175 -0.155932
FixedParameters: 0 0 0

#Transform 159
Transform: AffineTransform_float_3_3
Parameters: 1 -2.00676e-05 -0.000470313 1.94417e-05 1 0.000358037 0.000470569 -0.000358056 1 -0.118357 0.0945097 -0.126234
FixedParameters: 0 0 0
