# transform file /out/sourcedata/freesurfer/sub-v2s13x29125_ses-1/mri/transforms/cc_up.lta
# created by oesteban on Wed Mar 11 06:30:08 2026

type      = 0 # LINEAR_VOX_TO_VOX
nxforms   = 1
mean      = 129.0000 138.0000 122.0000
sigma     = 10000.0000
1 4 4
9.996412396430969e-01 -2.604836411774158e-02 6.254436913877726e-03 1.369472026824951e+00 
2.604785375297070e-02 9.996608495712280e-01 1.629730977583677e-04 6.660308837890625e+00 
-6.256559398025274e-03 1.455191696309033e-11 9.999805092811584e-01 8.809446334838867e+00 
0.000000000000000e+00 0.000000000000000e+00 0.000000000000000e+00 1.000000000000000e+00 
src volume info
valid = 1  # volume info valid
filename = /out/sourcedata/freesurfer/sub-v2s13x29125_ses-1/mri/norm.mgz
volume = 256 256 256
voxelsize = 8.984375000000000e-01 8.984375000000000e-01 8.984375000000000e-01
xras   = -1.000000119209290e+00 6.215565839795545e-10 6.478765440798284e-11
yras   = 8.098457321414898e-11 1.658563952844361e-08 -1.000000119209290e+00
zras   = 4.008736398386503e-10 1.000000119209290e+00 0.000000000000000e+00
cras   = 2.728958129882812e-01 -2.744171142578125e+00 3.904362869262695e+01
dst volume info
valid = 1  # volume info valid
filename = /out/sourcedata/freesurfer/sub-v2s13x29125_ses-1/mri/norm.mgz
volume = 256 256 256
voxelsize = 8.984375000000000e-01 8.984375000000000e-01 8.984375000000000e-01
xras   = -1.000000119209290e+00 6.215565839795545e-10 6.478765440798284e-11
yras   = 8.098457321414898e-11 1.658563952844361e-08 -1.000000119209290e+00
zras   = 4.008736398386503e-10 1.000000119209290e+00 0.000000000000000e+00
cras   = 2.728958129882812e-01 -2.744171142578125e+00 3.904362869262695e+01
