type      = 0 # LINEAR_VOX_TO_VOX
nxforms   = 1
mean      = 0.0000 0.0000 0.0000
sigma     = 1.0000
1 4 4
9.933961629867554e-01 -2.712473087012768e-02 1.125652436167002e-02 1.488502502441406e+00 
4.371527954936028e-02 1.025589942932129e+00 -6.013333052396774e-02 -1.737965393066406e+01 
-2.642125450074673e-02 4.998638853430748e-02 9.583122134208679e-01 -1.149855041503906e+01 
0.000000000000000e+00 0.000000000000000e+00 0.000000000000000e+00 1.000000000000000e+00 
src volume info
valid = 1  # volume info valid
filename = /out/sourcedata/freesurfer/sub-v2s13x29125_ses-1/mri/orig.mgz
volume = 256 256 256
voxelsize = 8.984375000000000e-01 8.984375000000000e-01 8.984375000000000e-01
xras   = -1.000000119209290e+00 6.215565839795545e-10 6.478765440798284e-11
yras   = 8.098457321414898e-11 1.658563952844361e-08 -1.000000119209290e+00
zras   = 4.008736398386503e-10 1.000000119209290e+00 0.000000000000000e+00
cras   = 2.728958129882812e-01 -2.744171142578125e+00 3.904362869262695e+01
dst volume info
valid = 1  # volume info valid
filename = /opt/freesurfer/average/mni305.cor.mgz
volume = 256 256 256
voxelsize = 1.000000000000000e+00 1.000000000000000e+00 1.000000000000000e+00
xras   = -1.000000000000000e+00 0.000000000000000e+00 0.000000000000000e+00
yras   = 0.000000000000000e+00 0.000000000000000e+00 -1.000000000000000e+00
zras   = 0.000000000000000e+00 1.000000000000000e+00 0.000000000000000e+00
cras   = 0.000000000000000e+00 0.000000000000000e+00 0.000000000000000e+00
subject fsaverage
fscale 0.100000
