# transform file transforms/talairach.lta
# created by oesteban on Wed Mar 11 04:58:00 2026

type      = 0 # LINEAR_VOX_TO_VOX
nxforms   = 1
mean      = 129.0000 138.0000 122.0000
sigma     = 10000.0000
1 4 4
9.161047935485840e-01 -3.111238963901997e-02 -5.662759300321341e-03 1.225711631774902e+01 
3.329436480998993e-02 1.046994209289551e+00 -4.471866041421890e-02 -2.038072776794434e+01 
6.923038978129625e-03 5.130360648036003e-02 9.124833345413208e-01 -8.808624267578125e+00 
0.000000000000000e+00 0.000000000000000e+00 0.000000000000000e+00 1.000000000000000e+00 
src volume info
valid = 1  # volume info valid
filename = nu.mgz
volume = 256 256 256
voxelsize = 8.984375000000000e-01 8.984375000000000e-01 8.984375000000000e-01
xras   = -1.000000119209290e+00 6.215565839795545e-10 6.478765440798284e-11
yras   = 8.098457321414898e-11 1.658563952844361e-08 -1.000000119209290e+00
zras   = 4.008736398386503e-10 1.000000119209290e+00 0.000000000000000e+00
cras   = 2.728958129882812e-01 -2.744171142578125e+00 3.904362869262695e+01
dst volume info
valid = 1  # volume info valid
filename = /opt/freesurfer/average/RB_all_2020-01-02.gca
volume = 256 256 256
voxelsize = 1.000000000000000e+00 1.000000000000000e+00 1.000000000000000e+00
xras   = -1.000000000000000e+00 0.000000000000000e+00 0.000000000000000e+00
yras   = 0.000000000000000e+00 0.000000000000000e+00 -1.000000000000000e+00
zras   = 0.000000000000000e+00 1.000000000000000e+00 0.000000000000000e+00
cras   = 0.000000000000000e+00 0.000000000000000e+00 0.000000000000000e+00
