type      = 1 # LINEAR_RAS_TO_RAS
nxforms   = 1
mean      = 0.0000 0.0000 0.0000
sigma     = 1.0000
1 4 4
1.105692982673645e+00 -1.252899970859289e-02 -3.019100055098534e-02 2.230560064315796e+00 
2.940800040960312e-02 1.066642999649048e+00 -5.563699826598167e-02 -8.726959228515625e+00 
4.865700006484985e-02 6.693100184202194e-02 1.141525983810425e+00 -2.819326782226562e+01 
0.000000000000000e+00 0.000000000000000e+00 0.000000000000000e+00 1.000000000000000e+00 
src volume info
valid = 1  # volume info valid
filename = /out/sourcedata/freesurfer/sub-v2s13x29125_ses-1/mri/orig_nu.mgz
volume = 256 256 256
voxelsize = 8.984375000000000e-01 8.984375000000000e-01 8.984375000000000e-01
xras   = -1.000000119209290e+00 6.215565839795545e-10 6.478765440798284e-11
yras   = 8.098457321414898e-11 1.658563952844361e-08 -1.000000119209290e+00
zras   = 4.008736398386503e-10 1.000000119209290e+00 0.000000000000000e+00
cras   = 2.728958129882812e-01 -2.744171142578125e+00 3.904362869262695e+01
dst volume info
valid = 1  # volume info valid
filename = /opt/freesurfer/average/mni305.cor.mgz
volume = 256 256 256
voxelsize = 1.000000000000000e+00 1.000000000000000e+00 1.000000000000000e+00
xras   = -1.000000000000000e+00 0.000000000000000e+00 0.000000000000000e+00
yras   = 0.000000000000000e+00 0.000000000000000e+00 -1.000000000000000e+00
zras   = 0.000000000000000e+00 1.000000000000000e+00 0.000000000000000e+00
cras   = 0.000000000000000e+00 0.000000000000000e+00 0.000000000000000e+00
subject fsaverage
fscale 0.100000
