# transform file /out/sourcedata/freesurfer/sub-v2s13x29102_ses-1/mri/transforms/cc_up.lta
# created by oesteban on Wed Mar 11 05:05:57 2026

type      = 0 # LINEAR_VOX_TO_VOX
nxforms   = 1
mean      = 130.0000 128.0000 122.0000
sigma     = 10000.0000
1 4 4
9.996500015258789e-01 -2.579035423696041e-02 5.910152569413185e-03 2.515739917755127e+00 
2.578990347683430e-02 9.996674656867981e-01 1.524756080470979e-04 2.170256996154785e+01 
-5.912119057029486e-03 1.455191696309033e-11 9.999825954437256e-01 1.076171016693115e+01 
0.000000000000000e+00 0.000000000000000e+00 0.000000000000000e+00 1.000000000000000e+00 
src volume info
valid = 1  # volume info valid
filename = /out/sourcedata/freesurfer/sub-v2s13x29102_ses-1/mri/norm.mgz
volume = 256 256 256
voxelsize = 8.984375000000000e-01 8.984375000000000e-01 8.984375000000000e-01
xras   = -1.000000000000000e+00 9.287918351086333e-11 8.098456800997855e-12
yras   = -4.049228400498928e-12 0.000000000000000e+00 -9.999999403953552e-01
zras   = 4.226382299687970e-10 1.000000000000000e+00 0.000000000000000e+00
cras   = 4.204101562500000e+00 -1.849098205566406e+00 6.535560607910156e+00
dst volume info
valid = 1  # volume info valid
filename = /out/sourcedata/freesurfer/sub-v2s13x29102_ses-1/mri/norm.mgz
volume = 256 256 256
voxelsize = 8.984375000000000e-01 8.984375000000000e-01 8.984375000000000e-01
xras   = -1.000000000000000e+00 9.287918351086333e-11 8.098456800997855e-12
yras   = -4.049228400498928e-12 0.000000000000000e+00 -9.999999403953552e-01
zras   = 4.226382299687970e-10 1.000000000000000e+00 0.000000000000000e+00
cras   = 4.204101562500000e+00 -1.849098205566406e+00 6.535560607910156e+00
