type      = 1 # LINEAR_RAS_TO_RAS
nxforms   = 1
mean      = 0.0000 0.0000 0.0000
sigma     = 1.0000
1 4 4
1.086995005607605e+00 -1.334599964320660e-02 -4.785799980163574e-02 -2.607712030410767e+00 
2.250999910756946e-03 1.045362949371338e+00 9.702000021934509e-02 -1.080407714843750e+01 
2.229099906980991e-02 -1.272249966859818e-01 1.137627005577087e+00 -4.621384143829346e+00 
0.000000000000000e+00 0.000000000000000e+00 0.000000000000000e+00 1.000000000000000e+00 
src volume info
valid = 1  # volume info valid
filename = /out/sourcedata/freesurfer/sub-v2s13x29102_ses-1/mri/orig_nu.mgz
volume = 256 256 256
voxelsize = 8.984375000000000e-01 8.984375000000000e-01 8.984375000000000e-01
xras   = -1.000000000000000e+00 9.287918351086333e-11 8.098456800997855e-12
yras   = -4.049228400498928e-12 0.000000000000000e+00 -9.999999403953552e-01
zras   = 4.226382299687970e-10 1.000000000000000e+00 0.000000000000000e+00
cras   = 4.204101562500000e+00 -1.849098205566406e+00 6.535560607910156e+00
dst volume info
valid = 1  # volume info valid
filename = /opt/freesurfer/average/mni305.cor.mgz
volume = 256 256 256
voxelsize = 1.000000000000000e+00 1.000000000000000e+00 1.000000000000000e+00
xras   = -1.000000000000000e+00 0.000000000000000e+00 0.000000000000000e+00
yras   = 0.000000000000000e+00 0.000000000000000e+00 -1.000000000000000e+00
zras   = 0.000000000000000e+00 1.000000000000000e+00 0.000000000000000e+00
cras   = 0.000000000000000e+00 0.000000000000000e+00 0.000000000000000e+00
subject fsaverage
fscale 0.100000
