type      = 0 # LINEAR_VOX_TO_VOX
nxforms   = 1
mean      = 0.0000 0.0000 0.0000
sigma     = 1.0000
1 4 4
9.765970706939697e-01 -4.299741983413696e-02 1.199054624885321e-02 5.290435791015625e+00 
2.002706937491894e-02 1.022086739540100e+00 1.143037080764771e-01 -2.316404724121094e+01 
-2.022382803261280e-03 -8.716639876365662e-02 9.391932487487793e-01 7.105911254882812e+00 
0.000000000000000e+00 0.000000000000000e+00 0.000000000000000e+00 1.000000000000000e+00 
src volume info
valid = 1  # volume info valid
filename = /out/sourcedata/freesurfer/sub-v2s13x29102_ses-1/mri/orig.mgz
volume = 256 256 256
voxelsize = 8.984375000000000e-01 8.984375000000000e-01 8.984375000000000e-01
xras   = -1.000000000000000e+00 9.287918351086333e-11 8.098456800997855e-12
yras   = -4.049228400498928e-12 0.000000000000000e+00 -9.999999403953552e-01
zras   = 4.226382299687970e-10 1.000000000000000e+00 0.000000000000000e+00
cras   = 4.204101562500000e+00 -1.849098205566406e+00 6.535560607910156e+00
dst volume info
valid = 1  # volume info valid
filename = /opt/freesurfer/average/mni305.cor.mgz
volume = 256 256 256
voxelsize = 1.000000000000000e+00 1.000000000000000e+00 1.000000000000000e+00
xras   = -1.000000000000000e+00 0.000000000000000e+00 0.000000000000000e+00
yras   = 0.000000000000000e+00 0.000000000000000e+00 -1.000000000000000e+00
zras   = 0.000000000000000e+00 1.000000000000000e+00 0.000000000000000e+00
cras   = 0.000000000000000e+00 0.000000000000000e+00 0.000000000000000e+00
subject fsaverage
fscale 0.100000
