# transform file transforms/talairach.lta
# created by oesteban on Wed Mar 11 03:32:51 2026

type      = 0 # LINEAR_VOX_TO_VOX
nxforms   = 1
mean      = 130.0000 129.0000 123.0000
sigma     = 10000.0000
1 4 4
9.499022364616394e-01 -5.133189260959625e-04 7.008356507867575e-03 3.639062881469727e+00 
-1.817382872104645e-05 1.036529660224915e+00 6.313182413578033e-02 -1.757959938049316e+01 
-7.698828820139170e-03 -6.073758006095886e-02 8.628697991371155e-01 1.560900497436523e+01 
0.000000000000000e+00 0.000000000000000e+00 0.000000000000000e+00 1.000000000000000e+00 
src volume info
valid = 1  # volume info valid
filename = nu.mgz
volume = 256 256 256
voxelsize = 8.984375000000000e-01 8.984375000000000e-01 8.984375000000000e-01
xras   = -1.000000000000000e+00 9.287918351086333e-11 8.098456800997855e-12
yras   = -4.049228400498928e-12 0.000000000000000e+00 -9.999999403953552e-01
zras   = 4.226382299687970e-10 1.000000000000000e+00 0.000000000000000e+00
cras   = 4.204101562500000e+00 -1.849098205566406e+00 6.535560607910156e+00
dst volume info
valid = 1  # volume info valid
filename = /opt/freesurfer/average/RB_all_2020-01-02.gca
volume = 256 256 256
voxelsize = 1.000000000000000e+00 1.000000000000000e+00 1.000000000000000e+00
xras   = -1.000000000000000e+00 0.000000000000000e+00 0.000000000000000e+00
yras   = 0.000000000000000e+00 0.000000000000000e+00 -1.000000000000000e+00
zras   = 0.000000000000000e+00 1.000000000000000e+00 0.000000000000000e+00
cras   = 0.000000000000000e+00 0.000000000000000e+00 0.000000000000000e+00
