#Insight Transform File V1.0
#Transform 0
Transform: AffineTransform_float_3_3
Parameters: 0.999997 -0.000599248 -0.00213557 0.000601623 1 0.000992223 0.00213496 -0.000993715 0.999997 0.0915104 -0.0556785 0.0939395
FixedParameters: 0 0 0

#Transform 1
Transform: AffineTransform_float_3_3
Parameters: 0.999998 -0.000276635 -0.0021053 0.0002813 0.999998 0.00201394 0.00210537 -0.00201393 0.999995 0.0883842 -0.0811 0.104981
FixedParameters: 0 0 0

#Transform 2
Transform: AffineTransform_float_3_3
Parameters: 0.999999 -0.000320814 -0.00180515 0.000323586 0.999999 0.00155226 0.00180498 -0.00155229 0.999997 0.0818843 -0.0422947 0.122587
FixedParameters: 0 0 0

#Transform 3
Transform: AffineTransform_float_3_3
Parameters: 0.999998 -0.000344747 -0.00196639 0.000349935 0.999998 0.00229362 0.00196609 -0.0022938 0.999996 0.0616842 -0.084128 0.126131
FixedParameters: 0 0 0

#Transform 4
Transform: AffineTransform_float_3_3
Parameters: 0.999998 -0.000335136 -0.00195243 0.000336376 1 0.00110648 0.00195155 -0.00110665 0.999998 0.0873352 -0.0453369 0.14533
FixedParameters: 0 0 0

#Transform 5
Transform: AffineTransform_float_3_3
Parameters: 0.999996 -0.000848157 -0.00276226 0.000849758 0.999999 0.0006078 0.00276167 -0.00061046 0.999996 0.114499 -0.0465834 0.0959736
FixedParameters: 0 0 0

#Transform 6
Transform: AffineTransform_float_3_3
Parameters: 0.999997 6.65302e-05 -0.00269162 -6.44071e-05 0.999999 0.000559313 0.00269196 -0.000558739 0.999997 0.0595426 0.0352696 0.131723
FixedParameters: 0 0 0

#Transform 7
Transform: AffineTransform_float_3_3
Parameters: 0.999997 0.000813782 -0.00259697 -0.000811608 0.999999 0.00108829 0.00259753 -0.00108604 0.999996 0.0215066 -0.0592117 0.138051
FixedParameters: 0 0 0

#Transform 8
Transform: AffineTransform_float_3_3
Parameters: 0.999997 0.00041455 -0.00237464 -0.000412248 1 0.000893413 0.00237592 -0.00089213 0.999997 0.0232851 -0.023997 0.0793848
FixedParameters: 0 0 0

#Transform 9
Transform: AffineTransform_float_3_3
Parameters: 0.999998 0.000157556 -0.00209106 -0.000160182 1 -0.000858372 0.00209057 0.000858583 0.999997 0.0183963 0.0538412 0.0297413
FixedParameters: 0 0 0

#Transform 10
Transform: AffineTransform_float_3_3
Parameters: 0.999998 -0.00027397 -0.00199819 0.000273759 1 -7.43223e-05 0.00199821 7.4186e-05 0.999998 0.0524481 0.033688 0.0177279
FixedParameters: 0 0 0

#Transform 11
Transform: AffineTransform_float_3_3
Parameters: 1 8.35761e-05 -0.00110507 -8.33412e-05 1 0.000544732 0.00110543 -0.000544887 1 0.0114906 0.0624302 0.0604614
FixedParameters: 0 0 0

#Transform 12
Transform: AffineTransform_float_3_3
Parameters: 0.999999 -9.43887e-05 -0.00123575 9.47552e-05 1 0.000522325 0.00123589 -0.000522023 0.999999 0.013409 -0.0850957 0.142107
FixedParameters: 0 0 0

#Transform 13
Transform: AffineTransform_float_3_3
Parameters: 0.999999 -7.02247e-05 -0.000782231 7.07493e-05 0.999999 0.000965318 0.000782476 -0.000965768 1 0.0256073 -0.0320589 0.142311
FixedParameters: 0 0 0

#Transform 14
Transform: AffineTransform_float_3_3
Parameters: 1 0.000122796 -0.000483843 -0.000122737 1 6.10029e-05 0.000483858 -6.08841e-05 1 0.0131541 -0.0330878 0.0731049
FixedParameters: 0 0 0

#Transform 15
Transform: AffineTransform_float_3_3
Parameters: 1 0.000104237 -0.000445591 -0.000103712 1 0.000589107 0.000445713 -0.000589014 0.999999 0.00788774 -0.00594388 0.0510991
FixedParameters: 0 0 0

#Transform 16
Transform: AffineTransform_float_3_3
Parameters: 0.999999 0.000369747 -0.000724634 -0.000369256 0.999999 0.00118891 0.000724908 -0.00118831 0.999999 -0.00659738 -0.0250548 0.121666
FixedParameters: 0 0 0

#Transform 17
Transform: AffineTransform_float_3_3
Parameters: 1 0.000218255 -0.000958923 -0.000217765 0.999999 0.000737883 0.000959479 -0.000736929 0.999999 0.00626384 0.0196132 0.125404
FixedParameters: 0 0 0

#Transform 18
Transform: AffineTransform_float_3_3
Parameters: 1 -0.000112776 -0.000450336 0.000112943 0.999999 0.00127793 0.000450405 -0.00127797 0.999999 -0.000773831 -0.0803897 0.135394
FixedParameters: 0 0 0

#Transform 19
Transform: AffineTransform_float_3_3
Parameters: 1 -0.000534093 -0.000291659 0.000534741 0.999999 0.00114021 0.000290552 -0.00114052 1 0.0137071 -0.0685701 0.0881257
FixedParameters: 0 0 0

#Transform 20
Transform: AffineTransform_float_3_3
Parameters: 1 -3.86923e-05 -0.000332928 3.89971e-05 1 0.000457754 0.000332893 -0.00045778 1 0.00601606 -0.00281697 0.00205005
FixedParameters: 0 0 0

#Transform 21
Transform: AffineTransform_float_3_3
Parameters: 1 0.000307915 -7.92086e-05 -0.000307998 1 -0.00052518 7.88851e-05 0.000525228 1 0.011269 0.0387505 -0.0521753
FixedParameters: 0 0 0

#Transform 22
Transform: AffineTransform_float_3_3
Parameters: 1 0.00036326 6.86305e-05 -0.000363188 1 -0.000520877 -6.90088e-05 0.000520827 1 0.0080111 0.0518852 -0.0292418
FixedParameters: 0 0 0

#Transform 23
Transform: AffineTransform_float_3_3
Parameters: 0.999999 0.000784973 8.92712e-05 -0.000784637 0.999999 -0.000497023 -8.90885e-05 0.000496877 1 -0.00395851 0.0515135 -0.0486602
FixedParameters: 0 0 0

#Transform 24
Transform: AffineTransform_float_3_3
Parameters: 1 0.000493035 0.000297031 -0.000492853 1 -0.00030745 -0.000297334 0.000307157 1 -0.00542748 0.066029 -0.052163
FixedParameters: 0 0 0

#Transform 25
Transform: AffineTransform_float_3_3
Parameters: 1 0.000611894 -1.51638e-05 -0.000611905 0.999999 -0.000355302 1.47289e-05 0.00035532 1 0.00608226 0.0203832 -0.0705253
FixedParameters: 0 0 0

#Transform 26
Transform: AffineTransform_float_3_3
Parameters: 0.999999 0.000600894 0.000615624 -0.000600625 0.999999 -0.000781448 -0.000615253 0.000781239 1 -0.0099377 0.0637783 -0.0633608
FixedParameters: 0 0 0

#Transform 27
Transform: AffineTransform_float_3_3
Parameters: 1 0.000422502 1.37055e-06 -0.000422501 1 -0.000406901 -1.7144e-06 0.0004069 1 0.00647604 0.0526034 -0.0787659
FixedParameters: 0 0 0

#Transform 28
Transform: AffineTransform_float_3_3
Parameters: 1 0.000385875 0.000102088 -0.000385711 0.999999 -0.000797789 -0.000102703 0.00079771 0.999999 0.00230655 0.0399184 -0.116718
FixedParameters: 0 0 0

#Transform 29
Transform: AffineTransform_float_3_3
Parameters: 1 0.00011077 -0.000349866 -0.000111106 1 -0.000479432 0.00034976 0.00047951 1 0.0371427 0.0196891 -0.0680355
FixedParameters: 0 0 0

#Transform 30
Transform: AffineTransform_float_3_3
Parameters: 1 -0.000274409 -0.000398993 0.000273739 0.999999 -0.000839212 0.000399452 0.000838993 0.999999 -0.0577973 0.0743809 -0.0304745
FixedParameters: 0 0 0

#Transform 31
Transform: AffineTransform_float_3_3
Parameters: 0.999999 -0.000926535 -0.000952711 0.00092562 1 -0.000881423 0.000953099 0.000880483 0.999999 -0.0377656 0.0511885 -0.0251791
FixedParameters: 0 0 0

#Transform 32
Transform: AffineTransform_float_3_3
Parameters: 1 0.000362111 -0.000510021 -0.000361108 1 -0.000208137 0.000510587 0.000208444 1 -0.0598938 -0.0515352 0.133588
FixedParameters: 0 0 0

#Transform 33
Transform: AffineTransform_float_3_3
Parameters: 0.999999 0.000281001 -0.000697163 -0.00028043 1 0.00040979 0.000697393 -0.000409399 0.999999 -0.0698241 -0.0255602 0.106181
FixedParameters: 0 0 0

#Transform 34
Transform: AffineTransform_float_3_3
Parameters: 0.999999 0.000276704 -0.000715492 -0.000276174 1 0.000401448 0.000715748 -0.000401928 1 -0.0584229 0.0185631 0.0516136
FixedParameters: 0 0 0

#Transform 35
Transform: AffineTransform_float_3_3
Parameters: 0.999999 0.00080624 -0.000296496 -0.000806188 0.999999 8.72028e-05 0.000296636 -8.67246e-05 1 -0.0786721 0.0164415 0.00218064
FixedParameters: 0 0 0

#Transform 36
Transform: AffineTransform_float_3_3
Parameters: 0.999999 0.000841161 -0.000300111 -0.000841254 0.999999 -0.000155237 0.000299849 0.000155742 1 -0.0818155 0.0677483 -0.0167988
FixedParameters: 0 0 0

#Transform 37
Transform: AffineTransform_float_3_3
Parameters: 0.999999 0.000875317 -0.000245009 -0.000875617 1 -0.000525724 0.000244099 0.000525673 1 -0.0892495 0.0793104 -0.039285
FixedParameters: 0 0 0

#Transform 38
Transform: AffineTransform_float_3_3
Parameters: 1 -0.000136547 0.00101529 0.000138075 0.999998 -0.00185795 -0.00101511 0.00185747 0.999998 -0.0159962 -0.00161175 0.315527
FixedParameters: 0 0 0

#Transform 39
Transform: AffineTransform_float_3_3
Parameters: 0.999995 -0.00165245 0.00266513 0.00165471 0.999998 -0.000866236 -0.00266278 0.000870784 0.999996 -0.00514453 -0.0396776 0.19384
FixedParameters: 0 0 0

#Transform 40
Transform: AffineTransform_float_3_3
Parameters: 0.999993 -0.000906521 0.00356364 0.000913297 0.999998 -0.00192288 -0.00356234 0.00192591 0.999992 -0.0275423 -0.0130666 0.0771374
FixedParameters: 0 0 0

#Transform 41
Transform: AffineTransform_float_3_3
Parameters: 0.999994 -0.00073508 0.00340587 0.000733895 0.999999 0.000489763 -0.0034061 -0.000487342 0.999994 0.00491067 0.0330579 0.0703791
FixedParameters: 0 0 0

#Transform 42
Transform: AffineTransform_float_3_3
Parameters: 0.999993 -0.00126264 0.00332701 0.00125957 0.999999 0.00113871 -0.00332793 -0.00113398 0.999994 0.0734277 -0.0312881 0.0564381
FixedParameters: 0 0 0

#Transform 43
Transform: AffineTransform_float_3_3
Parameters: 0.999994 -0.00102071 0.00327115 0.00101821 0.999999 0.000742616 -0.0032712 -0.000739013 0.999995 0.0225098 -0.0237399 0.0467732
FixedParameters: 0 0 0

#Transform 44
Transform: AffineTransform_float_3_3
Parameters: 0.999993 -0.000717288 0.00346902 0.000717554 1 -4.2564e-05 -0.00346894 4.50785e-05 0.999994 0.0154446 0.0433726 -0.00676517
FixedParameters: 0 0 0

#Transform 45
Transform: AffineTransform_float_3_3
Parameters: 0.999996 -0.000927321 0.00259462 0.000929563 0.999999 -0.000680372 -0.00259406 0.000682706 0.999997 0.00709688 -0.0251803 0.020206
FixedParameters: 0 0 0

#Transform 46
Transform: AffineTransform_float_3_3
Parameters: 0.999996 -0.00113414 0.00259423 0.00113566 0.999999 -0.00073675 -0.00259301 0.000739731 0.999997 0.00318392 0.0280903 -0.0354989
FixedParameters: 0 0 0

#Transform 47
Transform: AffineTransform_float_3_3
Parameters: 0.999996 -0.000915494 0.00259006 0.000917652 0.999999 -0.000617683 -0.00258868 0.000619941 0.999997 0.00420455 -0.0113638 -0.0146861
FixedParameters: 0 0 0

#Transform 48
Transform: AffineTransform_float_3_3
Parameters: 0.999998 -0.00057007 0.00188631 0.000572623 0.999999 -0.00126785 -0.00188527 0.00126886 0.999997 0.0209121 0.0660537 -0.0396513
FixedParameters: 0 0 0

#Transform 49
Transform: AffineTransform_float_3_3
Parameters: 0.999997 -0.000624122 0.00227245 0.000626049 1 -0.000430001 -0.00227197 0.000431568 0.999997 0.00260992 0.0752061 -0.110123
FixedParameters: 0 0 0

#Transform 50
Transform: AffineTransform_float_3_3
Parameters: 0.999997 0.000145417 0.00237654 -0.000143491 1 -0.000804014 -0.00237627 0.000803523 0.999997 0.00399672 0.00673948 0.0251415
FixedParameters: 0 0 0

#Transform 51
Transform: AffineTransform_float_3_3
Parameters: 0.999997 0.000601884 0.00232593 -0.000600278 1 -0.000951099 -0.00232636 0.00094943 0.999997 -0.0275535 0.0731673 -0.0491047
FixedParameters: 0 0 0

#Transform 52
Transform: AffineTransform_float_3_3
Parameters: 0.999996 0.000270158 0.00282328 -0.000269784 1 -0.000430547 -0.00282399 0.000430182 0.999996 0.000488535 0.0145868 0.00224961
FixedParameters: 0 0 0

#Transform 53
Transform: AffineTransform_float_3_3
Parameters: 0.999997 -0.000201776 0.00271819 0.000204416 1 -0.000879604 -0.00271827 0.000880513 0.999996 0.00448737 0.0639856 -0.0370313
FixedParameters: 0 0 0

#Transform 54
Transform: AffineTransform_float_3_3
Parameters: 0.999997 -0.000136846 0.00244029 0.000138111 1 -0.000439847 -0.00243992 0.000441136 0.999997 0.014985 0.027614 0.0265253
FixedParameters: 0 0 0

#Transform 55
Transform: AffineTransform_float_3_3
Parameters: 0.999996 0.00022834 0.00280641 -0.000226937 1 -0.000443992 -0.00280734 0.000443817 0.999996 -0.00889041 0.0646662 0.0342701
FixedParameters: 0 0 0

#Transform 56
Transform: AffineTransform_float_3_3
Parameters: 0.999997 0.000102612 0.0023759 -0.000102046 1 -0.000305269 -0.00237572 0.000305401 0.999997 0.0128696 0.00407525 0.0325105
FixedParameters: 0 0 0

#Transform 57
Transform: AffineTransform_float_3_3
Parameters: 0.999995 0.00061561 0.00303832 -0.000615474 1 -0.000154779 -0.00303828 0.000152615 0.999996 -0.00702047 0.0253411 0.0206666
FixedParameters: 0 0 0

#Transform 58
Transform: AffineTransform_float_3_3
Parameters: 0.999994 0.00013727 0.00325344 -0.000136536 1 -0.000242532 -0.00325325 0.000242342 0.999995 -0.00922332 -0.000400035 0.0110156
FixedParameters: 0 0 0

#Transform 59
Transform: AffineTransform_float_3_3
Parameters: 0.999994 -0.000288231 0.00339234 0.00028928 1 -0.000296068 -0.00339194 0.000296497 0.999994 -0.010367 0.0425922 0.0016059
FixedParameters: 0 0 0

#Transform 60
Transform: AffineTransform_float_3_3
Parameters: 0.999994 -0.000350008 0.00349383 0.000350874 1 -0.000296434 -0.00349436 0.000297358 0.999993 0.0112946 0.0444681 -0.0283387
FixedParameters: 0 0 0

#Transform 61
Transform: AffineTransform_float_3_3
Parameters: 0.999993 -0.000178172 0.00378046 0.000179906 1 -0.000474736 -0.00377973 0.000475574 0.999993 0.00296796 0.0309584 -0.0247939
FixedParameters: 0 0 0

#Transform 62
Transform: AffineTransform_float_3_3
Parameters: 0.999995 0.000575771 0.00332283 -0.000573668 0.999999 -0.00090461 -0.00332388 0.000903021 0.999994 -0.0158641 0.0584686 -0.0644614
FixedParameters: 0 0 0

#Transform 63
Transform: AffineTransform_float_3_3
Parameters: 0.999993 0.000526519 0.00370321 -0.000520084 0.999999 -0.00166645 -0.00370433 0.00166404 0.999992 -0.0159063 0.103247 -0.0597542
FixedParameters: 0 0 0

#Transform 64
Transform: AffineTransform_float_3_3
Parameters: 0.999993 0.000385131 0.0035925 -0.000378851 0.999998 -0.00155737 -0.00359321 0.00155651 0.999993 -0.0171311 0.0804057 -0.0521297
FixedParameters: 0 0 0

#Transform 65
Transform: AffineTransform_float_3_3
Parameters: 0.999992 0.000481711 0.00379548 -0.000478662 0.999999 -0.00078617 -0.00379636 0.000784782 0.999993 -0.0223781 0.0454684 -0.0334156
FixedParameters: 0 0 0

#Transform 66
Transform: AffineTransform_float_3_3
Parameters: 0.999992 0.000503597 0.00411343 -0.00049749 0.999999 -0.00133637 -0.00411449 0.00133374 0.999991 -0.0280209 0.0687638 -0.0864293
FixedParameters: 0 0 0

#Transform 67
Transform: AffineTransform_float_3_3
Parameters: 0.999991 0.000635683 0.00419324 -0.000628648 0.999998 -0.00174047 -0.00419335 0.00173682 0.99999 -0.0182757 0.0362164 -0.10845
FixedParameters: 0 0 0

#Transform 68
Transform: AffineTransform_float_3_3
Parameters: 0.999992 0.00080014 0.00399608 -0.000791804 0.999998 -0.00200999 -0.00399811 0.00200704 0.99999 -0.00741667 0.06502 -0.165584
FixedParameters: 0 0 0

#Transform 69
Transform: AffineTransform_float_3_3
Parameters: 0.999992 0.000813438 0.00399779 -0.000804315 0.999998 -0.00223063 -0.00399986 0.00222764 0.99999 -0.00579351 0.016991 -0.114609
FixedParameters: 0 0 0

#Transform 70
Transform: AffineTransform_float_3_3
Parameters: 0.999992 0.000782931 0.00377852 -0.000772392 0.999996 -0.00268287 -0.00378079 0.00268004 0.999989 -0.0109307 0.11555 -0.151646
FixedParameters: 0 0 0

#Transform 71
Transform: AffineTransform_float_3_3
Parameters: 0.999995 0.000637583 0.0033489 -0.000630152 0.999997 -0.00209412 -0.00334964 0.00209227 0.999992 -0.00204891 0.052901 -0.11962
FixedParameters: 0 0 0

#Transform 72
Transform: AffineTransform_float_3_3
Parameters: 0.999994 0.000621056 0.00322327 -0.000612661 0.999997 -0.00237267 -0.00322512 0.00237062 0.999992 -0.00212113 0.0933721 -0.173035
FixedParameters: 0 0 0

#Transform 73
Transform: AffineTransform_float_3_3
Parameters: 0.999994 0.00089585 0.00333725 -0.00088597 0.999995 -0.00309211 -0.00334049 0.00308879 0.99999 -0.00499255 0.0631958 -0.149763
FixedParameters: 0 0 0

#Transform 74
Transform: AffineTransform_float_3_3
Parameters: 0.999992 0.00150586 0.0036397 -0.00148911 0.999988 -0.00463412 -0.00364706 0.00462846 0.999982 -0.0361053 0.114236 -0.200428
FixedParameters: 0 0 0

#Transform 75
Transform: AffineTransform_float_3_3
Parameters: 0.999993 0.00135174 0.00357806 -0.00133316 0.999985 -0.00525259 -0.00358479 0.00524746 0.99998 -0.0170706 0.121229 -0.203711
FixedParameters: 0 0 0

#Transform 76
Transform: AffineTransform_float_3_3
Parameters: 0.999993 0.00104491 0.00368169 -0.00102124 0.99998 -0.00627561 -0.00368777 0.0062718 0.999974 -0.0215746 0.124419 -0.284239
FixedParameters: 0 0 0

#Transform 77
Transform: AffineTransform_float_3_3
Parameters: 0.999992 0.00150373 0.00371916 -0.00148017 0.999979 -0.006251 -0.00372868 0.00624509 0.999974 -0.0075584 0.143344 -0.309233
FixedParameters: 0 0 0

#Transform 78
Transform: AffineTransform_float_3_3
Parameters: 0.99999 0.00113846 0.00410247 -0.00111034 0.999977 -0.00679621 -0.00411015 0.00679155 0.999968 -0.016772 0.161658 -0.294615
FixedParameters: 0 0 0

#Transform 79
Transform: AffineTransform_float_3_3
Parameters: 0.999991 0.00155541 0.00393482 -0.00153185 0.99998 -0.00614565 -0.00394432 0.00613968 0.999974 -0.00991541 0.100553 -0.253563
FixedParameters: 0 0 0

#Transform 80
Transform: AffineTransform_float_3_3
Parameters: 0.99999 0.00203547 0.0040833 -0.0020091 0.999977 -0.00638967 -0.00409625 0.00638212 0.999971 -0.0407411 0.175148 -0.274331
FixedParameters: 0 0 0

#Transform 81
Transform: AffineTransform_float_3_3
Parameters: 0.99999 0.00198505 0.00404071 -0.0019608 0.99998 -0.00611034 -0.00405324 0.00610283 0.999973 -0.0279828 0.155939 -0.270683
FixedParameters: 0 0 0

#Transform 82
Transform: AffineTransform_float_3_3
Parameters: 0.999989 0.00191041 0.00410122 -0.00188302 0.999976 -0.00664966 -0.004114 0.00664178 0.999969 -0.0217499 0.134155 -0.332694
FixedParameters: 0 0 0

#Transform 83
Transform: AffineTransform_float_3_3
Parameters: 0.99999 0.00184777 0.0041245 -0.0018248 0.999984 -0.00547792 -0.0041343 0.00547017 0.999976 -0.00235329 0.119418 -0.346558
FixedParameters: 0 0 0

#Transform 84
Transform: AffineTransform_float_3_3
Parameters: 0.999989 0.00171398 0.0043735 -0.0016891 0.999983 -0.00552502 -0.00438257 0.0055172 0.999975 -0.00820758 0.132603 -0.48481
FixedParameters: 0 0 0

#Transform 85
Transform: AffineTransform_float_3_3
Parameters: 0.999987 0.00206044 0.00467463 -0.00202935 0.999976 -0.00663045 -0.00468835 0.00662067 0.999967 -0.00202763 0.0774117 -0.501491
FixedParameters: 0 0 0

#Transform 86
Transform: AffineTransform_float_3_3
Parameters: 0.999985 0.00217258 0.00499946 -0.00213729 0.999972 -0.00707485 -0.00501404 0.00706388 0.999963 -0.0329689 0.152039 -0.483654
FixedParameters: 0 0 0

#Transform 87
Transform: AffineTransform_float_3_3
Parameters: 0.999987 0.00254306 0.00428924 -0.00251495 0.999976 -0.00652732 -0.00430569 0.00651648 0.999969 -0.0137905 0.124075 -0.505267
FixedParameters: 0 0 0

#Transform 88
Transform: AffineTransform_float_3_3
Parameters: 0.999986 0.00231732 0.004656 -0.00228318 0.99997 -0.00734155 -0.00467297 0.00733143 0.999962 -0.0286407 0.185816 -0.558374
FixedParameters: 0 0 0

#Transform 89
Transform: AffineTransform_float_3_3
Parameters: 0.999988 0.00264095 0.00415884 -0.0026118 0.999973 -0.0068037 -0.00417596 0.00679222 0.999968 0.00496926 0.1426 -0.529665
FixedParameters: 0 0 0

#Transform 90
Transform: AffineTransform_float_3_3
Parameters: 0.999987 0.00226225 0.00456264 -0.00222932 0.999971 -0.00728311 -0.00457986 0.00727338 0.999963 -0.00515135 0.178473 -0.571975
FixedParameters: 0 0 0

#Transform 91
Transform: AffineTransform_float_3_3
Parameters: 0.999986 0.00258772 0.00450939 -0.00255544 0.999973 -0.00696621 -0.00452662 0.00695452 0.999965 -0.00662459 0.122987 -0.579339
FixedParameters: 0 0 0

#Transform 92
Transform: AffineTransform_float_3_3
Parameters: 0.999987 0.00264997 0.00436037 -0.00261756 0.99997 -0.00733565 -0.00437993 0.00732376 0.999963 -0.00824613 0.168461 -0.584733
FixedParameters: 0 0 0

#Transform 93
Transform: AffineTransform_float_3_3
Parameters: 0.999988 0.00262977 0.00433019 -0.00259858 0.999971 -0.0071283 -0.00434875 0.00711716 0.999966 -0.00171852 0.159788 -0.585374
FixedParameters: 0 0 0

#Transform 94
Transform: AffineTransform_float_3_3
Parameters: 0.999988 0.00257418 0.00421547 -0.00253802 0.99996 -0.00859736 -0.00423689 0.00858629 0.999955 -0.0194895 0.208704 -0.619075
FixedParameters: 0 0 0

#Transform 95
Transform: AffineTransform_float_3_3
Parameters: 0.999992 0.0028369 0.00285363 -0.00281246 0.999959 -0.00859378 -0.00287761 0.00858548 0.999959 -0.00372143 0.175776 -0.58526
FixedParameters: 0 0 0

#Transform 96
Transform: AffineTransform_float_3_3
Parameters: 0.999991 0.00315315 0.00275689 -0.00313129 0.999963 -0.00796546 -0.00278154 0.00795669 0.999965 0.00101597 0.168505 -0.55879
FixedParameters: 0 0 0

#Transform 97
Transform: AffineTransform_float_3_3
Parameters: 0.99999 0.00276891 0.00321071 -0.00274262 0.999963 -0.00814445 -0.00323307 0.00813512 0.999962 -0.0217684 0.159114 -0.550352
FixedParameters: 0 0 0

#Transform 98
Transform: AffineTransform_float_3_3
Parameters: 0.999996 0.0011783 0.00248124 -0.00115534 0.999955 -0.00940927 -0.00249228 0.0094063 0.999953 -0.0105342 0.157081 -0.489526
FixedParameters: 0 0 0

#Transform 99
Transform: AffineTransform_float_3_3
Parameters: 0.999996 0.00197672 0.00231039 -0.00195508 0.999958 -0.00892384 -0.00232798 0.00891915 0.999957 0.00433455 0.198456 -0.545836
FixedParameters: 0 0 0

#Transform 100
Transform: AffineTransform_float_3_3
Parameters: 0.999996 0.00209825 0.0018822 -0.00208252 0.99996 -0.00874485 -0.00189993 0.00874076 0.99996 0.0250852 0.131955 -0.565511
FixedParameters: 0 0 0

#Transform 101
Transform: AffineTransform_float_3_3
Parameters: 0.999994 0.00235201 0.0025827 -0.00233285 0.99997 -0.00735452 -0.00259924 0.00734853 0.999969 -0.0120254 0.185539 -0.516996
FixedParameters: 0 0 0

#Transform 102
Transform: AffineTransform_float_3_3
Parameters: 0.999995 0.00224575 0.00243362 -0.00222743 0.999971 -0.00734508 -0.00245095 0.00733933 0.99997 -0.00268908 0.134383 -0.519002
FixedParameters: 0 0 0

#Transform 103
Transform: AffineTransform_float_3_3
Parameters: 0.999994 0.00247676 0.00239026 -0.00245637 0.999963 -0.00816229 -0.00241099 0.00815659 0.999964 -0.00848095 0.203681 -0.520226
FixedParameters: 0 0 0

#Transform 104
Transform: AffineTransform_float_3_3
Parameters: 0.999995 0.0025569 0.00224476 -0.00254042 0.999969 -0.00737351 -0.00226397 0.00736805 0.99997 -0.00302163 0.14285 -0.48494
FixedParameters: 0 0 0

#Transform 105
Transform: AffineTransform_float_3_3
Parameters: 0.999995 0.00239037 0.00213598 -0.00237268 0.999967 -0.00782919 -0.00215468 0.00782447 0.999967 -0.0133275 0.193078 -0.523354
FixedParameters: 0 0 0

#Transform 106
Transform: AffineTransform_float_3_3
Parameters: 0.999994 0.0024569 0.0023883 -0.00243838 0.999967 -0.00782378 -0.00240825 0.0078182 0.999967 -0.0110123 0.180775 -0.534699
FixedParameters: 0 0 0

#Transform 107
Transform: AffineTransform_float_3_3
Parameters: 0.999994 0.00265194 0.00232372 -0.00263604 0.99997 -0.00720362 -0.0023433 0.00719736 0.999972 -0.00741182 0.138031 -0.602961
FixedParameters: 0 0 0

#Transform 108
Transform: AffineTransform_float_3_3
Parameters: 0.999993 0.00247878 0.00257684 -0.0024598 0.99997 -0.00733471 -0.00259516 0.00732809 0.999969 0.00183798 0.164575 -0.596646
FixedParameters: 0 0 0

#Transform 109
Transform: AffineTransform_float_3_3
Parameters: 0.999994 0.0025022 0.0026658 -0.00248188 0.99997 -0.00733273 -0.00268445 0.00732603 0.99997 0.00791351 0.178346 -0.617212
FixedParameters: 0 0 0

#Transform 110
Transform: AffineTransform_float_3_3
Parameters: 0.999992 0.00302386 0.00264682 -0.00300385 0.999969 -0.00730519 -0.00266902 0.00729711 0.99997 -0.00949712 0.147592 -0.610995
FixedParameters: 0 0 0

#Transform 111
Transform: AffineTransform_float_3_3
Parameters: 0.999992 0.00281143 0.00285147 -0.00279009 0.999968 -0.00744332 -0.00287263 0.00743495 0.999968 -0.0206052 0.186797 -0.660762
FixedParameters: 0 0 0

#Transform 112
Transform: AffineTransform_float_3_3
Parameters: 0.999991 0.00263825 0.00316234 -0.00261488 0.999969 -0.00741548 -0.0031821 0.00740709 0.999967 -0.017308 0.149489 -0.634551
FixedParameters: 0 0 0

#Transform 113
Transform: AffineTransform_float_3_3
Parameters: 0.999992 0.00275146 0.00300569 -0.00273087 0.999973 -0.00684746 -0.00302522 0.00683902 0.999973 -0.00608165 0.134577 -0.632348
FixedParameters: 0 0 0

#Transform 114
Transform: AffineTransform_float_3_3
Parameters: 0.999991 0.00279647 0.00300472 -0.00277456 0.999969 -0.00736212 -0.00302592 0.00735304 0.999968 -0.0124279 0.175697 -0.636808
FixedParameters: 0 0 0

#Transform 115
Transform: AffineTransform_float_3_3
Parameters: 0.999992 0.00257903 0.00305199 -0.00255777 0.999973 -0.00689546 -0.00307036 0.00688783 0.999972 -0.0115387 0.170454 -0.664544
FixedParameters: 0 0 0

#Transform 116
Transform: AffineTransform_float_3_3
Parameters: 0.999991 0.00268987 0.00348772 -0.00266591 0.999973 -0.00682447 -0.00350661 0.00681496 0.999971 -0.0185626 0.150551 -0.627727
FixedParameters: 0 0 0

#Transform 117
Transform: AffineTransform_float_3_3
Parameters: 0.999992 0.00275093 0.00317383 -0.00272891 0.999973 -0.00682352 -0.00319211 0.00681422 0.999972 -0.0110999 0.154911 -0.638138
FixedParameters: 0 0 0

#Transform 118
Transform: AffineTransform_float_3_3
Parameters: 0.999992 0.00265522 0.00302873 -0.00263495 0.999974 -0.00674328 -0.0030465 0.0067353 0.999973 -0.0144675 0.169586 -0.618255
FixedParameters: 0 0 0

#Transform 119
Transform: AffineTransform_float_3_3
Parameters: 0.999991 0.00287365 0.00290992 -0.00285413 0.999974 -0.00667451 -0.00292967 0.00666621 0.999973 -0.00928359 0.107619 -0.604135
FixedParameters: 0 0 0

#Transform 120
Transform: AffineTransform_float_3_3
Parameters: 0.999992 0.00276294 0.00300466 -0.00274251 0.999972 -0.00694297 -0.00302366 0.00693452 0.999971 -0.0101335 0.146756 -0.612405
FixedParameters: 0 0 0

#Transform 121
Transform: AffineTransform_float_3_3
Parameters: 0.999992 0.00297526 0.00295303 -0.00295383 0.99997 -0.00714238 -0.00297415 0.00713381 0.99997 -0.00195019 0.140089 -0.648516
FixedParameters: 0 0 0

#Transform 122
Transform: AffineTransform_float_3_3
Parameters: 0.999991 0.00269065 0.00329836 -0.00266531 0.999967 -0.00769814 -0.00331969 0.00768928 0.999965 -0.00592497 0.153699 -0.636001
FixedParameters: 0 0 0

#Transform 123
Transform: AffineTransform_float_3_3
Parameters: 0.999991 0.00294172 0.0029603 -0.00292092 0.999971 -0.00706722 -0.00298145 0.00705834 0.999971 -0.00236522 0.147723 -0.628875
FixedParameters: 0 0 0

#Transform 124
Transform: AffineTransform_float_3_3
Parameters: 0.999993 0.00289688 0.00252252 -0.0028776 0.999967 -0.00772231 -0.00254459 0.00771567 0.999967 0.00428114 0.174043 -0.620948
FixedParameters: 0 0 0

#Transform 125
Transform: AffineTransform_float_3_3
Parameters: 0.999993 0.00283728 0.00244894 -0.0028204 0.99997 -0.00716693 -0.00246991 0.00716003 0.999971 0.0166874 0.120119 -0.6353
FixedParameters: 0 0 0

#Transform 126
Transform: AffineTransform_float_3_3
Parameters: 0.999991 0.0031303 0.00290583 -0.00311034 0.999972 -0.00683317 -0.00292774 0.00682431 0.999973 0.0125551 0.116382 -0.622459
FixedParameters: 0 0 0

#Transform 127
Transform: AffineTransform_float_3_3
Parameters: 0.999991 0.00320629 0.00287854 -0.00318773 0.999974 -0.00648067 -0.00289982 0.00647149 0.999975 -0.0107097 0.0805408 -0.637531
FixedParameters: 0 0 0

#Transform 128
Transform: AffineTransform_float_3_3
Parameters: 0.999993 0.0028683 0.00271407 -0.00284881 0.999972 -0.00688425 -0.00273315 0.00687704 0.999972 0.0120042 0.199966 -0.638239
FixedParameters: 0 0 0

#Transform 129
Transform: AffineTransform_float_3_3
Parameters: 0.999992 0.00309487 0.00283997 -0.00307576 0.999974 -0.00650284 -0.00286015 0.00649361 0.999975 0.00986369 0.135934 -0.628574
FixedParameters: 0 0 0

#Transform 130
Transform: AffineTransform_float_3_3
Parameters: 0.999991 0.00312619 0.00285502 -0.0031059 0.999971 -0.00697613 -0.00287678 0.00696713 0.999971 -0.00474665 0.161447 -0.589569
FixedParameters: 0 0 0

#Transform 131
Transform: AffineTransform_float_3_3
Parameters: 0.999991 0.00312005 0.00290456 -0.00310026 0.999973 -0.00664437 -0.00292558 0.00663465 0.999974 0.00918436 0.146056 -0.603852
FixedParameters: 0 0 0

#Transform 132
Transform: AffineTransform_float_3_3
Parameters: 0.999991 0.00311803 0.00290437 -0.0030984 0.999973 -0.00660948 -0.00292519 0.00660065 0.999974 0.0113516 0.157007 -0.567157
FixedParameters: 0 0 0

#Transform 133
Transform: AffineTransform_float_3_3
Parameters: 0.999992 0.00297843 0.00293447 -0.00295979 0.999976 -0.0062972 -0.00295396 0.00628808 0.999976 0.00412157 0.121306 -0.546189
FixedParameters: 0 0 0

#Transform 134
Transform: AffineTransform_float_3_3
Parameters: 0.999992 0.00304265 0.00284752 -0.00302629 0.99998 -0.00556314 -0.00286471 0.00555488 0.99998 -0.00338915 0.155615 -0.532172
FixedParameters: 0 0 0

#Transform 135
Transform: AffineTransform_float_3_3
Parameters: 0.999991 0.00303713 0.00289713 -0.00302231 0.999982 -0.00524262 -0.0029134 0.00523409 0.999982 0.00785607 0.153376 -0.645073
FixedParameters: 0 0 0

#Transform 136
Transform: AffineTransform_float_3_3
Parameters: 0.999992 0.00262148 0.00301951 -0.00260275 0.999979 -0.00589682 -0.00303504 0.00588888 0.999978 0.0265582 0.131336 -0.637975
FixedParameters: 0 0 0

#Transform 137
Transform: AffineTransform_float_3_3
Parameters: 0.999991 0.00249242 0.00350887 -0.00247014 0.999977 -0.00630889 -0.00352417 0.00629968 0.999975 0.0217213 0.103227 -0.663106
FixedParameters: 0 0 0

#Transform 138
Transform: AffineTransform_float_3_3
Parameters: 0.999989 0.00284561 0.00389911 -0.00282307 0.999979 -0.00577711 -0.00391528 0.00576548 0.999976 0.016438 0.16601 -0.654082
FixedParameters: 0 0 0

#Transform 139
Transform: AffineTransform_float_3_3
Parameters: 0.999988 0.00281409 0.00385281 -0.00279289 0.999982 -0.00544657 -0.00386836 0.00543621 0.999978 0.0129348 0.115975 -0.663656
FixedParameters: 0 0 0

#Transform 140
Transform: AffineTransform_float_3_3
Parameters: 0.999989 0.00284827 0.00367053 -0.00282769 0.99998 -0.00561022 -0.00368638 0.00559926 0.999977 0.0134797 0.123841 -0.650176
FixedParameters: 0 0 0

#Transform 141
Transform: AffineTransform_float_3_3
Parameters: 0.999991 0.00271883 0.00339566 -0.00269862 0.999979 -0.00587001 -0.00341149 0.00586145 0.999977 0.0160389 0.130883 -0.650729
FixedParameters: 0 0 0

#Transform 142
Transform: AffineTransform_float_3_3
Parameters: 0.99999 0.00281666 0.00342225 -0.0027944 0.999976 -0.00638176 -0.00344029 0.00637201 0.999974 0.0151643 0.173737 -0.64396
FixedParameters: 0 0 0

#Transform 143
Transform: AffineTransform_float_3_3
Parameters: 0.999989 0.00276562 0.00360484 -0.00274397 0.99998 -0.00573118 -0.00362045 0.00572115 0.999977 0.0150716 0.155564 -0.671417
FixedParameters: 0 0 0

#Transform 144
Transform: AffineTransform_float_3_3
Parameters: 0.999989 0.00303248 0.00354843 -0.00301004 0.999975 -0.00636945 -0.00356677 0.00635891 0.999974 0.00685138 0.178188 -0.667306
FixedParameters: 0 0 0

#Transform 145
Transform: AffineTransform_float_3_3
Parameters: 0.999989 0.00317131 0.00350806 -0.00314976 0.999976 -0.00618129 -0.00352744 0.00616947 0.999974 0.00568426 0.158677 -0.68753
FixedParameters: 0 0 0

#Transform 146
Transform: AffineTransform_float_3_3
Parameters: 0.999989 0.00312713 0.00351435 -0.00310622 0.999977 -0.00592701 -0.00353201 0.00591677 0.999976 0.0100111 0.146492 -0.676088
FixedParameters: 0 0 0

#Transform 147
Transform: AffineTransform_float_3_3
Parameters: 0.99999 0.00290873 0.00342347 -0.00288822 0.999978 -0.00596503 -0.0034408 0.00595593 0.999977 0.0169499 0.123541 -0.691168
FixedParameters: 0 0 0

#Transform 148
Transform: AffineTransform_float_3_3
Parameters: 0.999989 0.0031753 0.00349525 -0.0031559 0.999979 -0.00561625 -0.00351194 0.00560437 0.999978 0.00335667 0.14082 -0.66717
FixedParameters: 0 0 0

#Transform 149
Transform: AffineTransform_float_3_3
Parameters: 0.999989 0.00309947 0.00352412 -0.00307858 0.999977 -0.00604759 -0.00354185 0.00603754 0.999976 0.0044818 0.132923 -0.706986
FixedParameters: 0 0 0

#Transform 150
Transform: AffineTransform_float_3_3
Parameters: 0.99999 0.00300992 0.00355185 -0.00298755 0.999976 -0.00625145 -0.00357052 0.006241 0.999974 0.00420229 0.163759 -0.66551
FixedParameters: 0 0 0

#Transform 151
Transform: AffineTransform_float_3_3
Parameters: 0.999989 0.00305205 0.00353585 -0.00303058 0.999977 -0.00601719 -0.00355409 0.00600599 0.999975 0.00378977 0.153918 -0.678402
FixedParameters: 0 0 0

#Transform 152
Transform: AffineTransform_float_3_3
Parameters: 0.99999 0.0030878 0.0030876 -0.0030672 0.999973 -0.00668397 -0.00310788 0.00667479 0.999973 0.0104482 0.141035 -0.664331
FixedParameters: 0 0 0

#Transform 153
Transform: AffineTransform_float_3_3
Parameters: 0.99999 0.00313668 0.00304126 -0.00311663 0.999972 -0.00686311 -0.00306295 0.00685348 0.999972 0.0106525 0.184293 -0.692716
FixedParameters: 0 0 0

#Transform 154
Transform: AffineTransform_float_3_3
Parameters: 0.999991 0.00303125 0.00302483 -0.00301195 0.999975 -0.00633371 -0.00304389 0.00632427 0.999976 0.0157379 0.147315 -0.657629
FixedParameters: 0 0 0

#Transform 155
Transform: AffineTransform_float_3_3
Parameters: 0.999989 0.00303274 0.00342225 -0.00301262 0.999978 -0.00587858 -0.00343967 0.00586815 0.999977 0.0190263 0.105978 -0.666711
FixedParameters: 0 0 0

#Transform 156
Transform: AffineTransform_float_3_3
Parameters: 0.999989 0.00320966 0.00349111 -0.00318863 0.999978 -0.00584993 -0.0035096 0.00583871 0.999976 0.00209409 0.121973 -0.665112
FixedParameters: 0 0 0

#Transform 157
Transform: AffineTransform_float_3_3
Parameters: 0.999993 0.00256923 0.00290563 -0.00255472 0.999985 -0.00480952 -0.00291858 0.00480224 0.999984 0.011147 0.0645016 -0.341929
FixedParameters: 0 0 0

#Transform 158
Transform: AffineTransform_float_3_3
Parameters: 0.999989 0.00299943 0.00351173 -0.00296985 0.99996 -0.00838279 -0.00353625 0.00837175 0.999958 0.0256472 0.213886 -0.976262
FixedParameters: 0 0 0

#Transform 159
Transform: AffineTransform_float_3_3
Parameters: 0.999985 0.00334526 0.00418761 -0.00330544 0.99995 -0.00944398 -0.00421914 0.00943032 0.999947 -0.00134482 0.258665 -1.0934
FixedParameters: 0 0 0

#Transform 160
Transform: AffineTransform_float_3_3
Parameters: 0.999986 0.003433 0.00420869 -0.00339332 0.999951 -0.00934221 -0.00424048 0.00932853 0.999948 -0.0151656 0.215422 -1.0703
FixedParameters: 0 0 0

#Transform 161
Transform: AffineTransform_float_3_3
Parameters: 0.999984 0.00342531 0.00447836 -0.00338193 0.999946 -0.00976559 -0.00451211 0.00975004 0.999942 -0.0130337 0.178069 -1.13483
FixedParameters: 0 0 0

#Transform 162
Transform: AffineTransform_float_3_3
Parameters: 0.999987 0.00317587 0.00416734 -0.00313117 0.999939 -0.0105629 -0.00420053 0.0105497 0.999935 -0.000126692 0.273786 -0.982081
FixedParameters: 0 0 0

#Transform 163
Transform: AffineTransform_float_3_3
Parameters: 0.999984 0.00315274 0.00465016 -0.00311169 0.999957 -0.00869868 -0.00467708 0.0086852 0.999952 -0.0194464 0.204954 -0.853606
FixedParameters: 0 0 0

#Transform 164
Transform: AffineTransform_float_3_3
Parameters: 0.999983 0.00287622 0.00505015 -0.00283132 0.999957 -0.00888163 -0.00507586 0.00886745 0.999948 -0.0117023 0.228141 -0.891575
FixedParameters: 0 0 0

#Transform 165
Transform: AffineTransform_float_3_3
Parameters: 0.999978 0.00312814 0.00573628 -0.00307757 0.999956 -0.00886415 -0.00576369 0.00884636 0.999944 -0.0319402 0.215787 -0.951372
FixedParameters: 0 0 0

#Transform 166
Transform: AffineTransform_float_3_3
Parameters: 0.999979 0.00330837 0.00569643 -0.00325637 0.999953 -0.00908868 -0.00572623 0.00907001 0.999942 -0.0258757 0.203528 -0.937481
FixedParameters: 0 0 0

#Transform 167
Transform: AffineTransform_float_3_3
Parameters: 0.99998 0.00322693 0.0054052 -0.00317806 0.999954 -0.00902345 -0.00543387 0.00900691 0.999945 -0.0263005 0.180847 -0.985843
FixedParameters: 0 0 0

#Transform 168
Transform: AffineTransform_float_3_3
Parameters: 0.99998 0.00312186 0.00548914 -0.00307 0.999951 -0.00936878 -0.00551809 0.00935124 0.999941 -0.0152484 0.254052 -1.0288
FixedParameters: 0 0 0

#Transform 169
Transform: AffineTransform_float_3_3
Parameters: 0.999981 0.00314626 0.00530769 -0.00310251 0.999962 -0.00811583 -0.00533377 0.00809901 0.999953 -0.0216866 0.18196 -0.998138
FixedParameters: 0 0 0

#Transform 170
Transform: AffineTransform_float_3_3
Parameters: 0.99998 0.00327652 0.00550856 -0.00322472 0.999951 -0.00938991 -0.00553937 0.00937147 0.999941 -0.0083431 0.215585 -1.00755
FixedParameters: 0 0 0

#Transform 171
Transform: AffineTransform_float_3_3
Parameters: 0.999979 0.00317456 0.00562453 -0.00312427 0.999955 -0.00890648 -0.00565231 0.0088888 0.999945 -0.0257178 0.167985 -0.993373
FixedParameters: 0 0 0

#Transform 172
Transform: AffineTransform_float_3_3
Parameters: 0.999983 0.00314055 0.00502473 -0.00309333 0.999953 -0.00927294 -0.00505386 0.00925722 0.999945 -0.022302 0.213045 -0.996461
FixedParameters: 0 0 0

#Transform 173
Transform: AffineTransform_float_3_3
Parameters: 0.999983 0.0031269 0.00493764 -0.00307973 0.999951 -0.00943235 -0.00496729 0.0094173 0.999944 -0.0184389 0.180035 -1.01942
FixedParameters: 0 0 0

#Transform 174
Transform: AffineTransform_float_3_3
Parameters: 0.999984 0.00307837 0.00477765 -0.00303302 0.999952 -0.00933379 -0.00480543 0.0093196 0.999945 -0.0107842 0.218677 -0.996363
FixedParameters: 0 0 0

#Transform 175
Transform: AffineTransform_float_3_3
Parameters: 0.999981 0.00320145 0.00514607 -0.00315067 0.999947 -0.00974775 -0.00517686 0.00973223 0.999939 -0.0275814 0.215803 -1.06096
FixedParameters: 0 0 0

#Transform 176
Transform: AffineTransform_float_3_3
Parameters: 0.99998 0.00325118 0.00544693 -0.00320021 0.999952 -0.00924231 -0.00547692 0.00922442 0.999943 -0.0270455 0.194076 -1.05519
FixedParameters: 0 0 0

#Transform 177
Transform: AffineTransform_float_3_3
Parameters: 0.999978 0.00309975 0.00574515 -0.00304704 0.999953 -0.00921202 -0.00577331 0.00919376 0.999941 -0.0302607 0.139063 -1.05103
FixedParameters: 0 0 0

#Transform 178
Transform: AffineTransform_float_3_3
Parameters: 0.999979 0.00331239 0.00545199 -0.00325612 0.999942 -0.0102328 -0.00548605 0.0102154 0.999933 -0.0224972 0.163194 -1.1009
FixedParameters: 0 0 0

#Transform 179
Transform: AffineTransform_float_3_3
Parameters: 0.999983 0.00320868 0.00490966 -0.00315458 0.999936 -0.0109249 -0.00494373 0.0109092 0.999928 -0.00124086 0.181717 -1.17241
FixedParameters: 0 0 0

#Transform 180
Transform: AffineTransform_float_3_3
Parameters: 0.999987 0.00304464 0.00425944 -0.0029969 0.999933 -0.0110998 -0.00429357 0.0110869 0.999929 0.0147159 0.177131 -1.21156
FixedParameters: 0 0 0

#Transform 181
Transform: AffineTransform_float_3_3
Parameters: 0.999988 0.00304022 0.00405443 -0.00299069 0.999924 -0.0119587 -0.00409032 0.0119467 0.99992 0.0182472 0.229786 -1.24637
FixedParameters: 0 0 0

#Transform 182
Transform: AffineTransform_float_3_3
Parameters: 0.999991 0.00283122 0.00310571 -0.00279082 0.999914 -0.0127631 -0.00314126 0.0127539 0.999913 0.0421008 0.202555 -1.29645
FixedParameters: 0 0 0

#Transform 183
Transform: AffineTransform_float_3_3
Parameters: 0.999989 0.00261941 0.00375147 -0.00256873 0.999907 -0.0133938 -0.00378602 0.0133847 0.999903 0.0440494 0.296432 -1.29392
FixedParameters: 0 0 0

#Transform 184
Transform: AffineTransform_float_3_3
Parameters: 0.999988 0.00300113 0.00375415 -0.00295264 0.999915 -0.0126727 -0.00379244 0.0126614 0.999913 0.0398157 0.195629 -1.31719
FixedParameters: 0 0 0

#Transform 185
Transform: AffineTransform_float_3_3
Parameters: 0.999988 0.00266267 0.00416579 -0.00260568 0.999905 -0.0135449 -0.00420146 0.0135337 0.9999 0.00901533 0.230728 -1.32045
FixedParameters: 0 0 0

#Transform 186
Transform: AffineTransform_float_3_3
Parameters: 0.999987 0.00307559 0.00399729 -0.00302331 0.999913 -0.0128216 -0.00403621 0.0128098 0.99991 0.025664 0.220533 -1.30311
FixedParameters: 0 0 0

#Transform 187
Transform: AffineTransform_float_3_3
Parameters: 0.999988 0.00269176 0.00400499 -0.00263664 0.999902 -0.0137038 -0.0040414 0.0136936 0.999898 0.035793 0.217945 -1.32328
FixedParameters: 0 0 0

#Transform 188
Transform: AffineTransform_float_3_3
Parameters: 0.999987 0.0030781 0.00394661 -0.00302602 0.99991 -0.0130983 -0.00398665 0.0130855 0.999906 0.0342267 0.18112 -1.32289
