#Insight Transform File V1.0
#Transform 0
Transform: AffineTransform_float_3_3
Parameters: 0.999998 0.00136374 -0.00102278 -0.00136106 0.999997 0.00207461 0.00102569 -0.00207313 0.999997 -0.0435838 -0.0406379 0.0659317
FixedParameters: 0 0 0

#Transform 1
Transform: AffineTransform_float_3_3
Parameters: 1 0.00102181 -0.000426628 -0.00102147 1 0.000626898 0.000426927 -0.000626412 0.999999 -0.0458101 -0.037001 0.0309277
FixedParameters: 0 0 0

#Transform 2
Transform: AffineTransform_float_3_3
Parameters: 1 0.0010187 -0.000441977 -0.0010182 0.999999 0.000786968 0.000442598 -0.000787375 0.999999 -0.0535204 -0.0129694 0.0619269
FixedParameters: 0 0 0

#Transform 3
Transform: AffineTransform_float_3_3
Parameters: 1 0.000960888 -0.000730642 -0.000960501 0.999999 0.00107068 0.000731914 -0.00106928 0.999999 -0.03907 -0.0327771 0.0684019
FixedParameters: 0 0 0

#Transform 4
Transform: AffineTransform_float_3_3
Parameters: 0.999999 0.000707959 6.73449e-05 -0.00070821 0.999999 0.000397008 -6.77629e-05 -0.000397102 1 -0.0328576 -0.00846109 0.020135
FixedParameters: 0 0 0

#Transform 5
Transform: AffineTransform_float_3_3
Parameters: 1 0.00065599 -0.000190001 -0.000655711 0.999999 0.00124445 0.000190654 -0.0012442 0.999999 -0.0409441 -0.0266705 0.0322813
FixedParameters: 0 0 0

#Transform 6
Transform: AffineTransform_float_3_3
Parameters: 1 0.000372398 -0.000221405 -0.000372162 1 0.000973201 0.000221148 -0.000973422 0.999999 -0.0278448 0.013853 0.0227707
FixedParameters: 0 0 0

#Transform 7
Transform: AffineTransform_float_3_3
Parameters: 0.999999 0.000968504 1.75756e-05 -0.000968951 0.999998 0.00165595 -1.63276e-05 -0.00165637 0.999998 -0.00619594 -0.0912587 0.167985
FixedParameters: 0 0 0

#Transform 8
Transform: AffineTransform_float_3_3
Parameters: 0.999999 0.000649915 0.000612582 -0.000651093 0.999997 0.00240905 -0.000610821 -0.00240984 0.999997 -0.00794663 -0.0438947 0.148159
FixedParameters: 0 0 0

#Transform 9
Transform: AffineTransform_float_3_3
Parameters: 1 0.000463736 0.000940686 -0.000466264 0.999996 0.00280662 -0.000939646 -0.00280749 0.999995 -0.0264999 -0.00484171 0.0824691
FixedParameters: 0 0 0

#Transform 10
Transform: AffineTransform_float_3_3
Parameters: 1 0.000253071 0.000136982 -0.000252987 0.999995 0.00333687 -0.000135489 -0.00333694 0.999995 -0.0302622 0.0418651 0.0849853
FixedParameters: 0 0 0

#Transform 11
Transform: AffineTransform_float_3_3
Parameters: 0.999997 -0.00134768 -0.00228452 0.00135543 0.999994 0.00306968 0.00228054 -0.00307285 0.999993 0.0497087 0.00990794 0.0925089
FixedParameters: 0 0 0

#Transform 12
Transform: AffineTransform_float_3_3
Parameters: 1 0.000797696 -0.000669994 -0.000796641 0.999998 0.00181042 0.000671116 -0.00180935 0.999998 -0.028375 -0.00487356 0.0706337
FixedParameters: 0 0 0

#Transform 13
Transform: AffineTransform_float_3_3
Parameters: 1 0.000460072 -0.000170619 -0.000459933 1 0.000979157 0.00017054 -0.000979386 0.999999 -0.0279064 -0.0300056 0.0416281
FixedParameters: 0 0 0

#Transform 14
Transform: AffineTransform_float_3_3
Parameters: 1 0.000509014 7.53646e-05 -0.000509435 0.999998 0.00150697 -7.48097e-05 -0.00150705 0.999999 -0.029764 -0.0589228 0.0479629
FixedParameters: 0 0 0

#Transform 15
Transform: AffineTransform_float_3_3
Parameters: 1 0.000460074 -0.00017099 -0.000460017 0.999999 0.000741351 0.000170692 -0.000741192 0.999999 -0.0278975 -0.0287718 0.0350228
FixedParameters: 0 0 0

#Transform 16
Transform: AffineTransform_float_3_3
Parameters: 1 0.000412385 0.000211869 -0.000412704 0.999999 0.000753755 -0.000211247 -0.00075393 0.999999 -0.0133578 -0.0166321 0.0226732
FixedParameters: 0 0 0

#Transform 17
Transform: AffineTransform_float_3_3
Parameters: 0.999999 0.000808785 -0.000215388 -0.000808394 0.999998 0.00181056 0.000216355 -0.00181021 0.999999 -0.0323866 -0.0333876 0.0651322
FixedParameters: 0 0 0

#Transform 18
Transform: AffineTransform_float_3_3
Parameters: 0.999998 0.000987818 0.00127259 -0.000990718 0.999996 0.00252868 -0.00127033 -0.00252989 0.999996 -0.0247898 0.0367743 -0.104746
FixedParameters: 0 0 0

#Transform 19
Transform: AffineTransform_float_3_3
Parameters: 0.999999 0.000534163 0.00122468 -0.00054054 0.999986 0.0052603 -0.00122236 -0.00526122 0.999986 0.0083121 0.00422831 -0.124852
FixedParameters: 0 0 0

#Transform 20
Transform: AffineTransform_float_3_3
Parameters: 1 7.02437e-05 -6.02104e-05 -7.01545e-05 0.999999 0.000740083 6.03143e-05 -0.000740075 0.999999 0.00212396 -0.00784134 0.0160892
FixedParameters: 0 0 0

#Transform 21
Transform: AffineTransform_float_3_3
Parameters: 1 4.72957e-05 0.000687388 -4.75985e-05 1 0.000220221 -0.000687367 -0.000220286 0.999999 0.00618354 0.0419786 -0.0316506
FixedParameters: 0 0 0

#Transform 22
Transform: AffineTransform_float_3_3
Parameters: 0.999999 0.000193907 0.0014168 -0.000194531 1 0.000219397 -0.00141671 -0.000219561 0.999999 0.00682745 -0.0827311 0.0167221
FixedParameters: 0 0 0

#Transform 23
Transform: AffineTransform_float_3_3
Parameters: 0.999999 0.000193269 0.00141731 -0.000195024 1 0.000618396 -0.00141707 -0.00061856 0.999999 0.0201459 -0.0205464 -0.0232869
FixedParameters: 0 0 0

#Transform 24
Transform: AffineTransform_float_3_3
Parameters: 0.999998 -0.000626542 0.00159313 0.000622794 0.999998 0.0019154 -0.00159395 -0.00191487 0.999997 0.00493981 -0.0860815 -0.112993
FixedParameters: 0 0 0

#Transform 25
Transform: AffineTransform_float_3_3
Parameters: 0.999999 -8.75679e-05 0.00183179 8.94056e-05 0.999999 -0.000823479 -0.00183242 0.000824578 0.999998 0.020519 0.00738491 -0.115812
FixedParameters: 0 0 0

#Transform 26
Transform: AffineTransform_float_3_3
Parameters: 1 0.000112453 0.00101197 -0.000113016 1 0.000276988 -0.0010119 -0.00027683 1 0.00492815 -0.0265456 -0.0800243
FixedParameters: 0 0 0

#Transform 27
Transform: AffineTransform_float_3_3
Parameters: 0.999999 -0.000605955 0.000410735 0.000604819 0.999995 0.00306269 -0.000412678 -0.00306219 0.999995 -0.0131087 0.0201772 -0.0319179
FixedParameters: 0 0 0

#Transform 28
Transform: AffineTransform_float_3_3
Parameters: 0.999999 0.000959224 8.95799e-05 -0.000958361 0.999997 -0.00252221 -9.24546e-05 0.00252165 0.999997 -0.0436728 -0.0360424 0.0449617
FixedParameters: 0 0 0

#Transform 29
Transform: AffineTransform_float_3_3
Parameters: 0.999999 0.000959097 9.05468e-05 -0.000958515 0.999998 -0.00205225 -9.3501e-05 0.00205261 0.999998 -0.0436327 -0.0173126 0.0180256
FixedParameters: 0 0 0

#Transform 30
Transform: AffineTransform_float_3_3
Parameters: 1 0.00102377 0.000404256 -0.00102179 0.999996 -0.00291591 -0.00040708 0.00291561 0.999995 -0.0289318 -0.047244 -0.0639355
FixedParameters: 0 0 0

#Transform 31
Transform: AffineTransform_float_3_3
Parameters: 0.999998 0.00152998 -0.000644878 -0.001531 0.999996 -0.00201519 0.000641451 0.00201584 0.999998 -0.0283245 -0.0819437 0.0144448
FixedParameters: 0 0 0

#Transform 32
Transform: AffineTransform_float_3_3
Parameters: 0.999999 0.00134177 -0.000196354 -0.00134211 0.999996 -0.00242148 0.000192797 0.00242161 0.999997 -0.0286285 -0.013717 -0.0297857
FixedParameters: 0 0 0

#Transform 33
Transform: AffineTransform_float_3_3
Parameters: 0.999999 0.00127683 -0.000514791 -0.00127848 0.999997 -0.00199974 0.00051164 0.00200067 0.999998 -0.0511004 -0.0310572 -0.0346314
FixedParameters: 0 0 0

#Transform 34
Transform: AffineTransform_float_3_3
Parameters: 1 0.00102705 -0.000463142 -0.00102735 0.999998 -0.00160303 0.000460631 0.00160359 0.999998 -0.0442609 -0.0648116 -0.0293498
FixedParameters: 0 0 0

#Transform 35
Transform: AffineTransform_float_3_3
Parameters: 1 0.00120043 4.18067e-05 -0.00120061 0.999996 -0.00235488 -4.43217e-05 0.00235478 0.999997 -0.0437164 -0.0623781 -0.0625384
FixedParameters: 0 0 0

#Transform 36
Transform: AffineTransform_float_3_3
Parameters: 0.999999 0.000970121 0.000155865 -0.00096999 0.999999 -0.000417186 -0.000156674 0.000417805 1 -0.0269861 -0.039527 -0.00670956
FixedParameters: 0 0 0

#Transform 37
Transform: AffineTransform_float_3_3
Parameters: 0.999999 0.00128528 -0.000431423 -0.00128559 0.999999 -0.000582933 0.000430903 0.000583653 1 -0.039427 -0.0219156 0.062325
FixedParameters: 0 0 0

#Transform 38
Transform: AffineTransform_float_3_3
Parameters: 0.999986 0.0036857 -0.00397105 -0.00365406 0.999964 0.00776327 0.00399938 -0.00774883 0.999962 -0.210124 -0.105356 0.561117
FixedParameters: 0 0 0

#Transform 39
Transform: AffineTransform_float_3_3
Parameters: 0.999999 0.00128211 0.000265353 -0.00128138 0.999999 0.000474409 -0.000264333 -0.000475475 1 0.00868593 -0.0946853 0.0524533
FixedParameters: 0 0 0

#Transform 40
Transform: AffineTransform_float_3_3
Parameters: 0.999998 0.00200579 0.000457949 -0.00200685 0.999997 0.00158968 -0.000454706 -0.00159005 0.999999 0.0381725 -0.318003 -0.217985
FixedParameters: 0 0 0

#Transform 41
Transform: AffineTransform_float_3_3
Parameters: 0.999996 0.00106113 -0.00231798 -0.00105516 0.999996 0.00272555 0.00232101 -0.00272394 0.999994 0.0101604 -0.206392 0.0700884
FixedParameters: 0 0 0

#Transform 42
Transform: AffineTransform_float_3_3
Parameters: 0.999998 0.000943262 -0.00179975 -0.000953034 0.999986 -0.00529108 0.001795 0.00529263 0.999984 0.0168448 -0.0798706 -0.23032
FixedParameters: 0 0 0

#Transform 43
Transform: AffineTransform_float_3_3
Parameters: 0.999999 0.000535055 -0.000734466 -0.000536535 0.999997 -0.00261871 0.000733227 0.00261949 0.999997 0.0299077 -0.0398546 -0.132322
FixedParameters: 0 0 0

#Transform 44
Transform: AffineTransform_float_3_3
Parameters: 0.999999 0.000560808 -0.000608168 -0.000561699 0.999997 -0.00267889 0.000606728 0.00267957 0.999996 0.0225915 -0.0238977 -0.114405
FixedParameters: 0 0 0

#Transform 45
Transform: AffineTransform_float_3_3
Parameters: 0.999999 0.000493565 -0.000647591 -0.000494722 0.999996 -0.00272088 0.00064647 0.00272152 0.999996 0.0269182 -0.0667212 -0.126976
FixedParameters: 0 0 0

#Transform 46
Transform: AffineTransform_float_3_3
Parameters: 1 0.000541454 -0.000412685 -0.000541948 0.999998 -0.00227423 0.000411985 0.00227467 0.999998 0.0398587 -0.0148585 -0.103806
FixedParameters: 0 0 0

#Transform 47
Transform: AffineTransform_float_3_3
Parameters: 1 0.000392368 7.25269e-05 -0.000391803 0.999997 -0.00247704 -7.34879e-05 0.00247698 0.999997 0.045507 -0.0607455 -0.0893334
FixedParameters: 0 0 0

#Transform 48
Transform: AffineTransform_float_3_3
Parameters: 1 0.000178346 -0.000111918 -0.000178974 0.999996 -0.00285683 0.000110898 0.00285687 0.999996 0.048705 -0.0403037 -0.14056
FixedParameters: 0 0 0

#Transform 49
Transform: AffineTransform_float_3_3
Parameters: 1 0.000261761 0.000298245 -0.000261297 0.999997 -0.00240536 -0.000299305 0.0024052 0.999997 0.02796 -0.0723485 -0.0990593
FixedParameters: 0 0 0

#Transform 50
Transform: AffineTransform_float_3_3
Parameters: 1 -0.00010405 0.000219168 0.000104187 0.999995 -0.00297905 -0.000219328 0.00297948 0.999996 0.0497169 -0.0601262 -0.15155
FixedParameters: 0 0 0

#Transform 51
Transform: AffineTransform_float_3_3
Parameters: 1 -0.000187207 0.000235918 0.000187582 0.999994 -0.00327125 -0.000235473 0.00327134 0.999994 0.0504716 -0.0456746 -0.130702
FixedParameters: 0 0 0

#Transform 52
Transform: AffineTransform_float_3_3
Parameters: 1 -8.44545e-05 0.000215164 8.45687e-05 0.999995 -0.00297904 -0.000215441 0.00297947 0.999996 0.0494961 -0.0721437 -0.119087
FixedParameters: 0 0 0

#Transform 53
Transform: AffineTransform_float_3_3
Parameters: 1 -0.000170412 0.000318298 0.000171463 0.999995 -0.00317933 -0.000317012 0.00317944 0.999995 0.0498927 -0.0311577 -0.158154
FixedParameters: 0 0 0

#Transform 54
Transform: AffineTransform_float_3_3
Parameters: 1 -0.000187283 0.000236085 0.000187573 0.999995 -0.00308825 -0.000235708 0.00308834 0.999995 0.0504519 -0.0373793 -0.185969
FixedParameters: 0 0 0

#Transform 55
Transform: AffineTransform_float_3_3
Parameters: 1 -0.000305756 0.000260186 0.000306087 0.999994 -0.00325826 -0.000259954 0.00325842 0.999994 0.04435 -0.0163251 -0.16817
FixedParameters: 0 0 0

#Transform 56
Transform: AffineTransform_float_3_3
Parameters: 1 1.35206e-06 0.00116246 1.57459e-06 0.999996 -0.00260608 -0.00116285 0.00260647 0.999996 0.054704 -0.0234429 -0.202728
FixedParameters: 0 0 0

#Transform 57
Transform: AffineTransform_float_3_3
Parameters: 0.999999 -0.000656894 0.00141609 0.000660553 0.999995 -0.00281551 -0.00141355 0.00281684 0.999995 0.0708002 0.0268456 -0.287913
FixedParameters: 0 0 0

#Transform 58
Transform: AffineTransform_float_3_3
Parameters: 0.999998 -0.000629284 0.00154923 0.000633245 0.999995 -0.00305057 -0.00154734 0.00305107 0.999995 0.0944733 -0.0172016 -0.279579
FixedParameters: 0 0 0

#Transform 59
Transform: AffineTransform_float_3_3
Parameters: 0.999998 -0.000851364 0.00184881 0.000857724 0.999994 -0.00325834 -0.00184618 0.00326004 0.999993 0.0719075 0.0142675 -0.273861
FixedParameters: 0 0 0

#Transform 60
Transform: AffineTransform_float_3_3
Parameters: 0.999998 -0.000607059 0.00167038 0.000609768 0.999998 -0.00175066 -0.00166864 0.00175123 0.999997 0.0667356 0.0433936 -0.29496
FixedParameters: 0 0 0

#Transform 61
Transform: AffineTransform_float_3_3
Parameters: 0.999998 -0.00177819 0.00152591 0.00178005 0.999998 -0.00112459 -0.00152465 0.00112741 0.999998 0.105937 -0.00801816 -0.325218
FixedParameters: 0 0 0

#Transform 62
Transform: AffineTransform_float_3_3
Parameters: 0.999999 -0.00112946 -0.000689632 0.00113082 0.999998 0.00155877 0.000687285 -0.00156033 0.999999 0.0467316 -0.0761353 0.0468807
FixedParameters: 0 0 0

#Transform 63
Transform: AffineTransform_float_3_3
Parameters: 1 -0.000178872 -0.000198274 0.000179658 0.999999 0.00147615 0.000198725 -0.00147622 0.999999 -0.00853097 -0.0477844 0.0499453
FixedParameters: 0 0 0

#Transform 64
Transform: AffineTransform_float_3_3
Parameters: 1 -0.000217592 0.000460027 0.000217515 1 8.35553e-05 -0.000460063 -8.33551e-05 1 0.0227194 -0.0597365 0.00332063
FixedParameters: 0 0 0

#Transform 65
Transform: AffineTransform_float_3_3
Parameters: 0.999996 -0.0014881 0.00210438 0.00148386 0.999997 0.00184866 -0.00210752 -0.00184517 0.999996 0.0450244 -0.0331949 0.0445582
FixedParameters: 0 0 0

#Transform 66
Transform: AffineTransform_float_3_3
Parameters: 0.999999 -0.000739842 0.00133309 0.000741599 0.999999 -0.00110057 -0.00133224 0.00110163 0.999998 0.0415879 -0.0295961 -0.0441025
FixedParameters: 0 0 0

#Transform 67
Transform: AffineTransform_float_3_3
Parameters: 1 -0.000422812 0.0011455 0.000424064 1 -0.00106081 -0.00114538 0.00106086 0.999999 0.0217533 -0.0061634 -0.0605469
FixedParameters: 0 0 0

#Transform 68
Transform: AffineTransform_float_3_3
Parameters: 1 -0.000210362 -0.000631364 0.000208116 0.999996 -0.00255828 0.000632239 0.00255841 0.999997 0.00539986 -0.0419973 -0.159862
FixedParameters: 0 0 0

#Transform 69
Transform: AffineTransform_float_3_3
Parameters: 0.999999 -0.000697899 -0.00105493 0.000701337 0.999993 0.00376345 0.00105262 -0.00376362 0.999992 -0.0369004 0.0194283 0.0198196
FixedParameters: 0 0 0

#Transform 70
Transform: AffineTransform_float_3_3
Parameters: 0.999999 0.000891295 -0.00126512 -0.000887129 0.999994 0.00349972 0.00126822 -0.00349839 0.999993 -0.0912617 -0.0654247 0.238906
FixedParameters: 0 0 0

#Transform 71
Transform: AffineTransform_float_3_3
Parameters: 0.999999 0.00150068 -0.000475654 -0.00150077 0.999999 -9.96846e-05 0.000475353 0.000100725 1 -0.078526 -0.103855 0.175702
FixedParameters: 0 0 0

#Transform 72
Transform: AffineTransform_float_3_3
Parameters: 0.999998 0.00164404 -9.25614e-05 -0.00164459 0.999993 -0.00315165 8.72969e-05 0.00315155 0.999995 -0.0850963 0.0154175 0.056926
FixedParameters: 0 0 0

#Transform 73
Transform: AffineTransform_float_3_3
Parameters: 0.999998 0.001645 0.000326029 -0.0016437 0.999996 -0.00226484 -0.000329357 0.00226429 0.999998 -0.0681464 -0.0388125 -0.0071992
FixedParameters: 0 0 0

#Transform 74
Transform: AffineTransform_float_3_3
Parameters: 0.999989 0.00316418 -0.00340604 -0.00310853 0.999866 0.0160839 0.00345679 -0.0160727 0.999865 -0.332218 0.0688194 0.580045
FixedParameters: 0 0 0

#Transform 75
Transform: AffineTransform_float_3_3
Parameters: 0.999999 0.00068745 -0.00112037 -0.000686023 0.999998 0.00168717 0.00112112 -0.00168655 0.999998 -0.140976 0.0865896 0.166518
FixedParameters: 0 0 0

#Transform 76
Transform: AffineTransform_float_3_3
Parameters: 0.999985 0.0024263 -0.00492063 -0.00234013 0.999847 0.017391 0.00496167 -0.0173788 0.999837 -0.258647 0.131912 0.432652
FixedParameters: 0 0 0

#Transform 77
Transform: AffineTransform_float_3_3
Parameters: 0.999987 0.00244616 -0.00443871 -0.00238111 0.999892 0.014481 0.00447359 -0.0144697 0.999885 -0.237129 0.188342 0.347748
FixedParameters: 0 0 0

#Transform 78
Transform: AffineTransform_float_3_3
Parameters: 0.999987 0.00200961 -0.00454037 -0.00195331 0.99992 0.0124428 0.00456445 -0.0124339 0.999913 -0.22245 0.087277 0.33906
FixedParameters: 0 0 0

#Transform 79
Transform: AffineTransform_float_3_3
Parameters: 0.99999 0.00209282 -0.00408657 -0.00204497 0.999929 0.0117604 0.00411136 -0.0117514 0.999923 -0.219165 0.155163 0.305142
FixedParameters: 0 0 0

#Transform 80
Transform: AffineTransform_float_3_3
Parameters: 0.999989 0.00210834 -0.00400078 -0.00206229 0.999932 0.011545 0.00402467 -0.0115366 0.999926 -0.226424 0.0827017 0.337308
FixedParameters: 0 0 0

#Transform 81
Transform: AffineTransform_float_3_3
Parameters: 0.99999 0.00225476 -0.00398158 -0.0022092 0.999933 0.0113195 0.00400647 -0.0113101 0.999928 -0.227806 0.124896 0.330349
FixedParameters: 0 0 0

#Transform 82
Transform: AffineTransform_float_3_3
Parameters: 0.999989 0.0020574 -0.00426664 -0.00200951 0.999934 0.0113648 0.00429017 -0.0113564 0.999927 -0.224037 0.140399 0.270371
FixedParameters: 0 0 0

#Transform 83
Transform: AffineTransform_float_3_3
Parameters: 0.999997 0.00211514 -0.00132833 -0.00211094 0.999992 0.00327236 0.0013349 -0.00326934 0.999994 -0.108416 -0.0174501 0.168769
FixedParameters: 0 0 0

#Transform 84
Transform: AffineTransform_float_3_3
Parameters: 0.999999 0.000779873 -0.000464127 -0.000779748 0.999999 -0.00113699 0.000463137 0.00113771 0.999999 -0.0993577 0.104615 -0.0663228
FixedParameters: 0 0 0

#Transform 85
Transform: AffineTransform_float_3_3
Parameters: 0.999998 0.00106318 -0.00126746 -0.00106209 0.999999 0.000510011 0.00126756 -0.000509161 1 -0.123953 -0.0262139 0.0106084
FixedParameters: 0 0 0

#Transform 86
Transform: AffineTransform_float_3_3
Parameters: 0.999998 0.00107019 -0.00173871 -0.00106768 0.999998 0.00106124 0.0017402 -0.00105897 0.999998 -0.134967 0.0100302 0.0247059
FixedParameters: 0 0 0

#Transform 87
Transform: AffineTransform_float_3_3
Parameters: 0.999997 0.00142581 -0.00202665 -0.00142323 0.999998 0.00121749 0.00202855 -0.00121448 0.999997 -0.127682 0.0533619 0.0385617
FixedParameters: 0 0 0

#Transform 88
Transform: AffineTransform_float_3_3
Parameters: 0.999997 0.00145933 -0.00186035 -0.00145651 0.999998 0.00144595 0.00186201 -0.00144367 0.999997 -0.124717 0.0520543 0.040855
FixedParameters: 0 0 0

#Transform 89
Transform: AffineTransform_float_3_3
Parameters: 0.999997 0.00125688 -0.00171934 -0.00125476 0.999998 0.00130236 0.00172104 -0.00129988 0.999998 -0.136793 0.046052 0.00543738
FixedParameters: 0 0 0

#Transform 90
Transform: AffineTransform_float_3_3
Parameters: 0.999997 0.0015386 -0.00146502 -0.00153588 0.999997 0.00186703 0.00146723 -0.00186475 0.999997 -0.125103 0.0176375 0.0241033
FixedParameters: 0 0 0

#Transform 91
Transform: AffineTransform_float_3_3
Parameters: 0.999998 0.00111958 -0.00150452 -0.0011171 0.999998 0.00160762 0.00150655 -0.00160609 0.999998 -0.11706 0.0414532 0.0171222
FixedParameters: 0 0 0

#Transform 92
Transform: AffineTransform_float_3_3
Parameters: 0.999998 0.00107483 -0.00173182 -0.0010709 0.999997 0.00215604 0.0017341 -0.00215416 0.999996 -0.134947 0.0452774 0.0211841
FixedParameters: 0 0 0

#Transform 93
Transform: AffineTransform_float_3_3
Parameters: 0.999998 0.000880247 -0.00146125 -0.000875084 0.999993 0.00370514 0.00146482 -0.00370441 0.999993 -0.134723 -0.0670859 0.0856176
FixedParameters: 0 0 0

#Transform 94
Transform: AffineTransform_float_3_3
Parameters: 0.999999 0.00114397 -0.00138515 -0.00114018 0.999997 0.00236016 0.00138702 -0.0023583 0.999996 -0.121877 0.0624384 0.0192265
FixedParameters: 0 0 0

#Transform 95
Transform: AffineTransform_float_3_3
Parameters: 0.999999 0.000543529 -0.00120684 -0.00054005 0.999996 0.00281931 0.00120852 -0.00281854 0.999996 -0.132417 0.0599933 0.024027
FixedParameters: 0 0 0

#Transform 96
Transform: AffineTransform_float_3_3
Parameters: 0.999999 0.000838538 -0.0013252 -0.000835566 0.999998 0.00200776 0.001327 -0.00200646 0.999997 -0.128717 0.0716292 0.0037465
FixedParameters: 0 0 0

#Transform 97
Transform: AffineTransform_float_3_3
Parameters: 0.999999 0.0010695 -0.00137021 -0.00106542 0.999997 0.00241921 0.00137283 -0.0024172 0.999996 -0.13136 0.0695387 0.0331796
FixedParameters: 0 0 0

#Transform 98
Transform: AffineTransform_float_3_3
Parameters: 0.999998 0.00119701 -0.00168469 -0.0011945 0.999998 0.00179217 0.00168662 -0.00178998 0.999997 -0.1166 0.0848216 -0.0184311
FixedParameters: 0 0 0

#Transform 99
Transform: AffineTransform_float_3_3
Parameters: 0.999998 0.00112543 -0.00176877 -0.00112185 0.999997 0.00200922 0.00177094 -0.00200708 0.999996 -0.135294 0.0314465 0.0225473
FixedParameters: 0 0 0

#Transform 100
Transform: AffineTransform_float_3_3
Parameters: 0.999998 0.00117953 -0.00149711 -0.00117606 0.999997 0.00200871 0.00149929 -0.00200702 0.999997 -0.13724 0.0256712 0.00574983
FixedParameters: 0 0 0

#Transform 101
Transform: AffineTransform_float_3_3
Parameters: 0.999998 0.00115785 -0.00160597 -0.00115493 0.999997 0.00200891 0.00160827 -0.00200704 0.999997 -0.136455 0.0372471 0.0315786
FixedParameters: 0 0 0

#Transform 102
Transform: AffineTransform_float_3_3
Parameters: 0.999997 0.00111911 -0.00180168 -0.00111488 0.999997 0.00220747 0.00180328 -0.0022049 0.999996 -0.135004 0.0502577 -0.00361353
FixedParameters: 0 0 0

#Transform 103
Transform: AffineTransform_float_3_3
Parameters: 0.999997 0.00125878 -0.00172322 -0.00125576 0.999997 0.00190241 0.00172565 -0.00190084 0.999997 -0.120687 0.0221038 -0.00325609
FixedParameters: 0 0 0

#Transform 104
Transform: AffineTransform_float_3_3
Parameters: 0.999997 0.00150063 -0.00180498 -0.00149498 0.999994 0.00297589 0.0018088 -0.00297362 0.999994 -0.138759 0.0549355 0.0479025
FixedParameters: 0 0 0

#Transform 105
Transform: AffineTransform_float_3_3
Parameters: 0.999997 0.00131148 -0.00196524 -0.00130761 0.999997 0.00188405 0.00196782 -0.00188074 0.999996 -0.13601 0.044197 0.00723665
FixedParameters: 0 0 0

#Transform 106
Transform: AffineTransform_float_3_3
Parameters: 0.999997 0.00132033 -0.00198077 -0.00131539 0.999996 0.00243311 0.00198404 -0.00242972 0.999995 -0.135955 0.0681289 -0.0130287
FixedParameters: 0 0 0

#Transform 107
Transform: AffineTransform_float_3_3
Parameters: 0.999997 0.00139862 -0.00165299 -0.0013946 0.999996 0.0023415 0.0016562 -0.00233964 0.999996 -0.138596 0.0443142 -0.0204394
FixedParameters: 0 0 0

#Transform 108
Transform: AffineTransform_float_3_3
Parameters: 0.999998 0.000929546 -0.00133926 -0.00092524 0.999993 0.00335896 0.00134235 -0.00335832 0.999993 -0.127174 0.065343 -0.0900562
FixedParameters: 0 0 0

#Transform 109
Transform: AffineTransform_float_3_3
Parameters: 0.999995 0.000655103 -0.00285504 -0.000644136 0.999991 0.00415081 0.0028579 -0.0041487 0.999987 -0.104238 0.103241 -0.0760151
FixedParameters: 0 0 0

#Transform 110
Transform: AffineTransform_float_3_3
Parameters: 0.999996 0.000947229 -0.00268629 -0.000935854 0.999991 0.00415821 0.0026902 -0.00415605 0.999988 -0.128735 0.0041593 0.0413248
FixedParameters: 0 0 0

#Transform 111
Transform: AffineTransform_float_3_3
Parameters: 0.999995 0.00174539 -0.00286546 -0.00173602 0.999993 0.00307289 0.00287067 -0.00306804 0.999991 -0.135682 0.0645021 0.0436622
FixedParameters: 0 0 0

#Transform 112
Transform: AffineTransform_float_3_3
Parameters: 0.999995 0.00183535 -0.00262366 -0.00182837 0.999995 0.00267523 0.00262875 -0.00267021 0.999993 -0.1453 0.0233034 0.0586421
FixedParameters: 0 0 0

#Transform 113
Transform: AffineTransform_float_3_3
Parameters: 0.999994 0.0015806 -0.00310323 -0.00157028 0.999994 0.00330698 0.00310855 -0.00330141 0.999989 -0.150811 0.0319847 0.0640405
FixedParameters: 0 0 0

#Transform 114
Transform: AffineTransform_float_3_3
Parameters: 0.999995 0.00161482 -0.00293131 -0.0016041 0.999993 0.00339967 0.00293695 -0.00339536 0.99999 -0.164543 -0.0412492 0.162585
FixedParameters: 0 0 0

#Transform 115
Transform: AffineTransform_float_3_3
Parameters: 0.999998 0.00125467 -0.00196988 -0.00125305 0.999998 0.00125898 0.00197167 -0.0012568 0.999997 -0.129072 0.0287271 0.0579016
FixedParameters: 0 0 0

#Transform 116
Transform: AffineTransform_float_3_3
Parameters: 0.999998 0.00104853 -0.00173551 -0.00104958 0.999999 -0.000642006 0.00173494 0.000643801 0.999998 -0.122174 0.0300251 -0.00563661
FixedParameters: 0 0 0

#Transform 117
Transform: AffineTransform_float_3_3
Parameters: 0.999997 0.00100948 -0.00193834 -0.00100761 0.999999 0.00078554 0.00193914 -0.000783086 0.999998 -0.125931 -0.0532946 0.0408638
FixedParameters: 0 0 0

#Transform 118
Transform: AffineTransform_float_3_3
Parameters: 0.999999 0.000741784 -0.00121334 -0.00073828 0.999996 0.00241141 0.00121534 -0.00241053 0.999996 -0.119003 0.046238 6.98166e-05
FixedParameters: 0 0 0

#Transform 119
Transform: AffineTransform_float_3_3
Parameters: 0.999999 0.00077311 -0.00105837 -0.0007695 0.999993 0.00346016 0.00106038 -0.00345945 0.999993 -0.14469 0.0031064 0.0751649
FixedParameters: 0 0 0

#Transform 120
Transform: AffineTransform_float_3_3
Parameters: 1 0.000846579 -0.000686151 -0.000844485 0.999996 0.00266349 0.000687911 -0.00266233 0.999996 -0.13084 0.0379359 0.0250211
FixedParameters: 0 0 0

#Transform 121
Transform: AffineTransform_float_3_3
Parameters: 0.999999 0.00124736 -0.000819007 -0.00124574 0.999996 0.002541 0.000822794 -0.00254026 0.999996 -0.141767 -0.00296973 0.0276545
FixedParameters: 0 0 0

#Transform 122
Transform: AffineTransform_float_3_3
Parameters: 1 0.000836652 -0.000736473 -0.000833566 0.999995 0.00301662 0.000739748 -0.00301631 0.999996 -0.1305 0.00756887 0.0731725
FixedParameters: 0 0 0

#Transform 123
Transform: AffineTransform_float_3_3
Parameters: 1 0.00107545 -0.000245612 -0.00107533 0.999999 0.000640538 0.000246009 -0.000640395 1 -0.101504 0.031107 0.0252795
FixedParameters: 0 0 0

#Transform 124
Transform: AffineTransform_float_3_3
Parameters: 1 0.000558808 -4.27637e-06 -0.000557822 0.999999 0.000658109 4.81395e-06 -0.000658104 1 -0.102561 -0.0055584 0.0180585
FixedParameters: 0 0 0

#Transform 125
Transform: AffineTransform_float_3_3
Parameters: 1 0.00111171 -0.000253288 -0.00111148 1 0.00045957 0.000254309 -0.000459392 1 -0.106678 -0.0441045 0.0563859
FixedParameters: 0 0 0

#Transform 126
Transform: AffineTransform_float_3_3
Parameters: 0.999999 0.000809961 -0.000140242 -0.000809763 1 0.000697223 0.000141371 -0.000697382 1 -0.104326 -0.0141033 0.0276954
FixedParameters: 0 0 0

#Transform 127
Transform: AffineTransform_float_3_3
Parameters: 0.999999 0.00077934 -0.00018756 -0.000779366 0.999999 -7.05063e-05 0.00018745 7.07985e-05 1 -0.0942108 -0.00758897 0.0310015
FixedParameters: 0 0 0

#Transform 128
Transform: AffineTransform_float_3_3
Parameters: 0.999999 0.000788166 -0.000188515 -0.000788028 0.999999 0.000364499 0.000189089 -0.000364202 1 -0.103768 0.0468107 0.058677
FixedParameters: 0 0 0

#Transform 129
Transform: AffineTransform_float_3_3
Parameters: 0.999999 0.00149694 -0.000332103 -0.00149701 0.999999 -0.00010406 0.00033179 0.000104667 1 -0.110075 0.0198885 0.0227726
FixedParameters: 0 0 0

#Transform 130
Transform: AffineTransform_float_3_3
Parameters: 0.999999 0.00144701 -0.000320843 -0.00144677 0.999999 0.000364887 0.000321898 -0.000364344 1 -0.109605 0.0424505 0.0373777
FixedParameters: 0 0 0

#Transform 131
Transform: AffineTransform_float_3_3
Parameters: 0.999999 0.000994055 -8.45926e-05 -0.000994122 1 -0.000407837 8.37815e-05 0.000407617 1 -0.106474 0.0435146 0.0142775
FixedParameters: 0 0 0

#Transform 132
Transform: AffineTransform_float_3_3
Parameters: 1 0.00102265 5.81527e-05 -0.00102264 0.999999 -0.000121977 -5.84024e-05 0.00012278 1 -0.107474 0.0129363 0.0263271
FixedParameters: 0 0 0

#Transform 133
Transform: AffineTransform_float_3_3
Parameters: 0.999999 0.000477723 0.000733611 -0.000478193 1 0.000319931 -0.000733305 -0.000320632 0.999999 -0.105641 0.045192 -0.00725064
FixedParameters: 0 0 0

#Transform 134
Transform: AffineTransform_float_3_3
Parameters: 0.999999 0.000662482 0.000526158 -0.000663017 0.999999 0.000320194 -0.000526713 -0.000320891 1 -0.0997452 0.0193551 -0.00906255
FixedParameters: 0 0 0

#Transform 135
Transform: AffineTransform_float_3_3
Parameters: 0.999999 0.000666802 0.000546303 -0.000666877 1 6.9118e-05 -0.00054621 -6.89244e-05 1 -0.106686 -0.0121797 0.00205691
FixedParameters: 0 0 0

#Transform 136
Transform: AffineTransform_float_3_3
Parameters: 0.999999 0.000757457 0.000407099 -0.000757231 0.999999 -0.000278618 -0.000407521 0.000278001 1 -0.0855495 0.055139 -0.0239227
FixedParameters: 0 0 0

#Transform 137
Transform: AffineTransform_float_3_3
Parameters: 0.999999 0.000830944 0.000242219 -0.000830263 0.999999 0.000211645 -0.000243044 -0.000211125 1 -0.0883115 0.0160963 -0.00244833
FixedParameters: 0 0 0

#Transform 138
Transform: AffineTransform_float_3_3
Parameters: 0.999999 0.000868091 0.000445082 -0.00086769 0.999999 -0.000228718 -0.000444498 0.000227945 1 -0.0924109 0.035568 -0.0245038
FixedParameters: 0 0 0

#Transform 139
Transform: AffineTransform_float_3_3
Parameters: 0.999999 0.000827656 0.000245756 -0.000827711 0.999999 0.000111677 -0.000245571 -0.000112084 1 -0.0974326 0.00783457 -0.00504885
FixedParameters: 0 0 0

#Transform 140
Transform: AffineTransform_float_3_3
Parameters: 0.999999 0.000635012 0.000390163 -0.000634408 1 0.000483401 -0.000389746 -0.000482974 0.999999 -0.100234 -0.0271413 0.0130062
FixedParameters: 0 0 0

#Transform 141
Transform: AffineTransform_float_3_3
Parameters: 0.999999 0.000687846 0.000649921 -0.000687716 1 -9.90749e-05 -0.000650056 9.91029e-05 0.999999 -0.0898722 -0.0273384 -0.0225478
FixedParameters: 0 0 0

#Transform 142
Transform: AffineTransform_float_3_3
Parameters: 1 0.000978885 0.000376559 -0.0009786 0.999999 -0.000380605 -0.000377303 0.000379867 1 -0.0919343 0.0109435 -0.0243427
FixedParameters: 0 0 0

#Transform 143
Transform: AffineTransform_float_3_3
Parameters: 1 0.000717378 0.000797105 -0.00071734 1 -2.53559e-05 -0.00079714 2.51344e-05 0.999999 -0.0852248 -0.0259066 -0.0147998
FixedParameters: 0 0 0

#Transform 144
Transform: AffineTransform_float_3_3
Parameters: 0.999999 0.000318867 0.000898282 -0.000319681 1 0.000452978 -0.000897992 -0.000453165 1 -0.0987767 -0.00668842 -0.031676
FixedParameters: 0 0 0

#Transform 145
Transform: AffineTransform_float_3_3
Parameters: 1 0.000692172 8.09772e-05 -0.000692731 0.999997 0.00230799 -7.87601e-05 -0.0023081 0.999998 -0.120721 -0.0163331 0.0792253
FixedParameters: 0 0 0

#Transform 146
Transform: AffineTransform_float_3_3
Parameters: 1 0.000911493 0.000760826 -0.000911299 0.999999 0.000385598 -0.0007613 -0.000386062 0.999999 -0.109071 -0.0162438 0.0414386
FixedParameters: 0 0 0

#Transform 147
Transform: AffineTransform_float_3_3
Parameters: 0.999999 0.000834204 0.000439768 -0.000835238 0.999999 0.000954304 -0.000439154 -0.000955036 1 -0.106688 -0.052887 0.0541067
FixedParameters: 0 0 0

#Transform 148
Transform: AffineTransform_float_3_3
Parameters: 1 0.000695609 0.000804491 -0.00069576 0.999999 0.000578878 -0.000804862 -0.000579609 1 -0.101409 0.00954338 0.000868529
FixedParameters: 0 0 0

#Transform 149
Transform: AffineTransform_float_3_3
Parameters: 0.999999 0.00121648 0.00069939 -0.0012171 1 0.00029837 -0.000699643 -0.000299536 0.999999 -0.111824 -0.0108272 0.00843073
FixedParameters: 0 0 0

#Transform 150
Transform: AffineTransform_float_3_3
Parameters: 0.999999 0.000640945 0.000619561 -0.000640806 1 -0.000112 -0.000619703 0.000112128 0.999999 -0.0967952 0.0149393 -0.000398213
FixedParameters: 0 0 0

#Transform 151
Transform: AffineTransform_float_3_3
Parameters: 0.999999 0.00093802 0.000315344 -0.000937751 0.999999 -0.000424511 -0.00031614 0.000424841 1 -0.0962538 -0.0324811 -0.0042952
FixedParameters: 0 0 0

#Transform 152
Transform: AffineTransform_float_3_3
Parameters: 1 0.00112997 0.000187226 -0.00113005 1 0.000217556 -0.000186734 -0.000217444 1 -0.10819 -0.0362419 0.035584
FixedParameters: 0 0 0

#Transform 153
Transform: AffineTransform_float_3_3
Parameters: 1 0.000918877 0.000495256 -0.000918768 0.999999 -0.000111871 -0.000495461 0.000111883 1 -0.091798 0.0242691 -0.0172563
FixedParameters: 0 0 0

#Transform 154
Transform: AffineTransform_float_3_3
Parameters: 1 0.00110215 0.000270662 -0.00110209 1 -0.000111628 -0.000270908 0.000111566 1 -0.103075 0.0017381 0.0117056
FixedParameters: 0 0 0

#Transform 155
Transform: AffineTransform_float_3_3
Parameters: 1 0.00107201 0.00029803 -0.00107172 0.999999 -0.000170452 -0.000297415 0.000169813 1 -0.107995 0.069791 -0.014535
FixedParameters: 0 0 0

#Transform 156
Transform: AffineTransform_float_3_3
Parameters: 0.999999 0.00106359 0.000669334 -0.00106369 1 -0.000513487 -0.000669247 0.000512598 0.999999 -0.0957284 -0.0159707 -0.013023
FixedParameters: 0 0 0

#Transform 157
Transform: AffineTransform_float_3_3
Parameters: 1 0.00101145 0.000680268 -0.00101085 0.999999 -0.000299252 -0.000679892 0.000297875 0.999999 -0.0979094 0.0363628 -0.00243405
FixedParameters: 0 0 0

#Transform 158
Transform: AffineTransform_float_3_3
Parameters: 1 0.0010117 0.000679678 -0.00101071 1 -0.000579291 -0.000679868 0.000578837 1 -0.092695 -0.00851787 -0.0347866
FixedParameters: 0 0 0

#Transform 159
Transform: AffineTransform_float_3_3
Parameters: 1 0.00101124 0.00068078 -0.00101097 0.999999 -5.62913e-05 -0.000679913 5.58365e-05 0.999999 -0.0926783 -0.00848657 -0.0155212
FixedParameters: 0 0 0

#Transform 160
Transform: AffineTransform_float_3_3
Parameters: 1 0.000994147 0.000598318 -0.000993596 0.999999 0.000357891 -0.000597803 -0.000358157 0.999999 -0.105248 0.0260191 -0.000390534
FixedParameters: 0 0 0

#Transform 161
Transform: AffineTransform_float_3_3
Parameters: 0.999999 0.000431411 0.000798108 -0.000432059 1 0.000405857 -0.000797758 -0.000406546 0.999999 -0.0874406 0.0516144 -0.00514751
FixedParameters: 0 0 0

#Transform 162
Transform: AffineTransform_float_3_3
Parameters: 1 0.00101144 0.000680293 -0.00101086 0.999999 -0.000287252 -0.000679893 0.000285875 0.999999 -0.0926982 -0.0194387 -0.0118445
FixedParameters: 0 0 0

#Transform 163
Transform: AffineTransform_float_3_3
Parameters: 1 0.000758343 0.000684215 -0.000758803 0.999999 -0.000382133 -0.000684597 0.000381095 0.999999 -0.0900757 0.0197368 -0.0304749
FixedParameters: 0 0 0

#Transform 164
Transform: AffineTransform_float_3_3
Parameters: 0.999999 0.00102756 0.00076086 -0.00102726 0.999999 -0.00020147 -0.000761272 0.000200828 0.999999 -0.0933573 -0.0299056 -0.00870874
FixedParameters: 0 0 0

#Transform 165
Transform: AffineTransform_float_3_3
Parameters: 1 0.000865087 0.000712653 -0.000865309 0.999999 -0.000396243 -0.000712161 0.000395009 0.999999 -0.0913114 -0.00148435 -0.0157388
FixedParameters: 0 0 0

#Transform 166
Transform: AffineTransform_float_3_3
Parameters: 1 0.000862447 0.000782319 -0.000862643 0.999999 0.000624778 -0.000782418 -0.000624818 1 -0.0916718 0.0459698 0.00254537
FixedParameters: 0 0 0

#Transform 167
Transform: AffineTransform_float_3_3
Parameters: 1 0.000730783 0.000716938 -0.000730797 0.999999 7.82143e-06 -0.000716926 -8.86928e-06 0.999999 -0.089869 0.0596309 -0.00860718
FixedParameters: 0 0 0

#Transform 168
Transform: AffineTransform_float_3_3
Parameters: 1 0.000621749 0.000889844 -0.000621766 1 7.58235e-06 -0.000889834 -8.68888e-06 0.999999 -0.0897629 0.0472555 -0.029756
FixedParameters: 0 0 0

#Transform 169
Transform: AffineTransform_float_3_3
Parameters: 0.999999 0.00060824 0.000741596 -0.000608252 1 7.84493e-06 -0.000741585 -8.74707e-06 0.999999 -0.0889914 0.0192067 -0.0289562
FixedParameters: 0 0 0

#Transform 170
Transform: AffineTransform_float_3_3
Parameters: 0.999982 0.00388771 -0.004418 -0.00387376 0.999988 0.0031174 0.00443055 -0.00309973 0.999985 -0.222705 -0.0395265 0.0923754
FixedParameters: 0 0 0

#Transform 171
Transform: AffineTransform_float_3_3
Parameters: 0.999936 0.0042704 -0.0105217 -0.00407538 0.99982 0.018522 0.0105993 -0.0184777 0.999774 -0.343828 0.234742 0.43398
FixedParameters: 0 0 0

#Transform 172
Transform: AffineTransform_float_3_3
Parameters: 0.999989 0.00217404 -0.00429886 -0.00212869 0.999944 0.0103764 0.00432178 -0.0103668 0.999937 -0.134984 -0.0711525 0.21445
FixedParameters: 0 0 0

#Transform 173
Transform: AffineTransform_float_3_3
Parameters: 0.999985 0.00172995 -0.00516227 -0.00164145 0.999853 0.0170708 0.00519074 -0.0170612 0.999841 -0.20109 0.143912 0.274642
FixedParameters: 0 0 0

#Transform 174
Transform: AffineTransform_float_3_3
Parameters: 0.999996 0.00137222 -0.00253772 -0.00136328 0.999992 0.00376887 0.00254293 -0.00376522 0.99999 -0.174544 0.0511625 0.0466392
FixedParameters: 0 0 0

#Transform 175
Transform: AffineTransform_float_3_3
Parameters: 0.999995 0.00126181 -0.0031226 -0.00124349 0.999982 0.00578336 0.00312946 -0.00577897 0.999979 -0.145426 0.0443212 0.101355
FixedParameters: 0 0 0

#Transform 176
Transform: AffineTransform_float_3_3
Parameters: 0.999995 0.00132751 -0.00280126 -0.00130747 0.999973 0.00716457 0.00281094 -0.00716008 0.999971 -0.150212 0.0709742 0.115999
FixedParameters: 0 0 0

#Transform 177
Transform: AffineTransform_float_3_3
Parameters: 0.999999 0.000524117 -0.00125691 -0.000508797 0.999931 0.0117822 0.00126284 -0.0117818 0.99993 -0.0407518 0.145367 -0.406084
FixedParameters: 0 0 0

#Transform 178
Transform: AffineTransform_float_3_3
Parameters: 0.999994 0.000972196 -0.00324706 -0.000917185 0.999855 0.0170516 0.00326312 -0.0170489 0.99985 0.0849615 0.16588 -0.782315
FixedParameters: 0 0 0

#Transform 179
Transform: AffineTransform_float_3_3
Parameters: 0.999995 0.00144819 -0.00295847 -0.00139887 0.99986 0.0166474 0.00298126 -0.0166427 0.999857 -0.0926948 0.024993 0.00645626
FixedParameters: 0 0 0

#Transform 180
Transform: AffineTransform_float_3_3
Parameters: 1 0.000137069 0.000365035 -0.000137665 0.999999 0.000816574 -0.00036481 -0.000816674 0.999999 0.00936842 0.0635325 -0.282414
FixedParameters: 0 0 0

#Transform 181
Transform: AffineTransform_float_3_3
Parameters: 1 0.000404873 -0.000234778 -0.000404745 0.999995 0.00317043 0.000235583 -0.00317024 0.999995 0.0097697 0.0475325 -0.204455
FixedParameters: 0 0 0

#Transform 182
Transform: AffineTransform_float_3_3
Parameters: 0.999999 0.000529235 -0.000517933 -0.000529382 1 0.000992942 0.000518201 -0.000992392 1 0.021594 0.0368755 -0.2307
FixedParameters: 0 0 0

#Transform 183
Transform: AffineTransform_float_3_3
Parameters: 1 0.000655914 -7.06073e-05 -0.000655899 1 0.000103243 7.07426e-05 -0.000103151 1 0.0279058 -0.0131685 -0.229982
FixedParameters: 0 0 0

#Transform 184
Transform: AffineTransform_float_3_3
Parameters: 1 0.000476603 0.000139284 -0.000476907 1 0.000383868 -0.000139898 -0.000384 1 0.0335192 0.0331545 -0.264617
FixedParameters: 0 0 0

#Transform 185
Transform: AffineTransform_float_3_3
Parameters: 1 0.000316575 5.78222e-05 -0.000316587 1 0.000102976 -5.7757e-05 -0.000103012 1 0.0357092 -0.039289 -0.229628
FixedParameters: 0 0 0

#Transform 186
Transform: AffineTransform_float_3_3
Parameters: 1 0.000309834 0.00025675 -0.000309765 1 -0.000134305 -0.000256833 0.000134146 1 0.0281463 0.00189065 -0.233285
FixedParameters: 0 0 0

#Transform 187
Transform: AffineTransform_float_3_3
Parameters: 1 8.85459e-05 0.000286825 -8.83616e-05 1 -0.000321325 -0.000286882 0.000321274 1 0.0233211 0.0351804 -0.233959
FixedParameters: 0 0 0

#Transform 188
Transform: AffineTransform_float_3_3
Parameters: 1 0.000364107 -0.000253354 -0.000363948 1 0.000313437 0.000253582 -0.000313252 1 0.0099846 0.00300054 -0.211499
FixedParameters: 0 0 0

#Transform 189
