#Insight Transform File V1.0
#Transform 0
Transform: AffineTransform_float_3_3
Parameters: 1 -2.57725e-05 -0.000106909 2.61283e-05 0.999999 0.0017873 0.000106822 -0.00178731 0.999999 -0.00954578 -0.141446 0.0172655
FixedParameters: 0 0 0

#Transform 1
Transform: AffineTransform_float_3_3
Parameters: 1 -0.000144782 -0.000593118 0.00014618 0.999998 0.00201887 0.000592776 -0.00201904 0.999998 0.0169704 -0.0751541 -0.0469801
FixedParameters: 0 0 0

#Transform 2
Transform: AffineTransform_float_3_3
Parameters: 0.999999 -0.000577117 -0.000462643 0.000578379 0.999995 0.003296 0.000460301 -0.00329652 0.999995 -0.00965584 -0.108292 -0.041984
FixedParameters: 0 0 0

#Transform 3
Transform: AffineTransform_float_3_3
Parameters: 0.999999 -0.000861684 -0.000468385 0.0008631 0.999994 0.00315143 0.000465384 -0.00315222 0.999995 -0.0130662 -0.0699518 -0.0575458
FixedParameters: 0 0 0

#Transform 4
Transform: AffineTransform_float_3_3
Parameters: 0.999999 -0.000760362 -0.000121875 0.000761295 0.999998 0.00198506 0.000120795 -0.00198435 0.999998 -0.00296889 -0.0221697 -0.0759726
FixedParameters: 0 0 0

#Transform 5
Transform: AffineTransform_float_3_3
Parameters: 1 -0.000222691 -0.000236368 0.000223035 0.999996 0.00289916 0.000235326 -0.00289926 0.999996 -0.00156908 -0.0792173 -0.0484482
FixedParameters: 0 0 0

#Transform 6
Transform: AffineTransform_float_3_3
Parameters: 0.999999 -0.000716144 5.90848e-05 0.000716157 0.999999 0.00167726 -6.05107e-05 -0.00167764 0.999998 0.0158992 0.0315112 -0.0986284
FixedParameters: 0 0 0

#Transform 7
Transform: AffineTransform_float_3_3
Parameters: 1 -0.000410265 -0.000445964 0.000411452 0.999998 0.00219539 0.000445378 -0.00219575 0.999998 0.0204246 -0.101263 -0.00718967
FixedParameters: 0 0 0

#Transform 8
Transform: AffineTransform_float_3_3
Parameters: 0.999999 -0.000524361 0.000614109 0.000523618 0.999998 0.00157973 -0.000615025 -0.00157997 0.999998 0.00814362 -0.084398 -0.0188718
FixedParameters: 0 0 0

#Transform 9
Transform: AffineTransform_float_3_3
Parameters: 0.999999 -0.000658413 0.000294556 0.000657845 0.999999 0.00134826 -0.000295357 -0.00134787 0.999999 0.018053 -0.0688514 -0.0391185
FixedParameters: 0 0 0

#Transform 10
Transform: AffineTransform_float_3_3
Parameters: 0.999999 0.000231817 0.00083004 -0.000231968 1 9.05713e-05 -0.000829998 -9.09562e-05 0.999999 -0.0215763 -0.0903585 -0.0963844
FixedParameters: 0 0 0

#Transform 11
Transform: AffineTransform_float_3_3
Parameters: 0.999999 -0.000352476 0.000790373 0.000352083 0.999999 -0.000515973 -0.000790734 0.000515641 0.999999 0.0138801 0.0476235 -0.124813
FixedParameters: 0 0 0

#Transform 12
Transform: AffineTransform_float_3_3
Parameters: 0.999999 -0.000193288 0.000850274 0.000192342 0.999999 0.00111956 -0.000850936 -0.00112012 0.999999 0.0278245 -0.092776 -0.049105
FixedParameters: 0 0 0

#Transform 13
Transform: AffineTransform_float_3_3
Parameters: 1 0.000328187 -0.000120877 -0.000327933 0.999997 0.00214574 0.000121319 -0.00214566 0.999997 0.0236172 -0.0565558 0.0219092
FixedParameters: 0 0 0

#Transform 14
Transform: AffineTransform_float_3_3
Parameters: 1 -0.00059453 -0.000262188 0.000595348 0.999999 0.00112834 0.000261819 -0.00112865 1 0.018545 -0.0559241 -0.0389487
FixedParameters: 0 0 0

#Transform 15
Transform: AffineTransform_float_3_3
Parameters: 0.999999 -0.000792705 -0.000443535 0.000793094 0.999998 0.00213566 0.000442572 -0.00213546 0.999998 0.0272332 -0.111082 -0.0213457
FixedParameters: 0 0 0

#Transform 16
Transform: AffineTransform_float_3_3
Parameters: 1 8.70368e-05 -0.000663274 -8.76499e-05 1 -0.000462184 0.000663193 0.000462299 0.999999 0.0132843 0.00201 -0.0830132
FixedParameters: 0 0 0

#Transform 17
Transform: AffineTransform_float_3_3
Parameters: 1 -8.1707e-05 0.000357763 8.05162e-05 0.999998 0.0016453 -0.000358028 -0.00164524 0.999998 -0.00690357 -0.0511818 0.0405166
FixedParameters: 0 0 0

#Transform 18
Transform: AffineTransform_float_3_3
Parameters: 1 0.000346094 -0.000124749 -0.00034617 1 -0.000302308 0.000124539 0.000302395 1 -0.00508874 0.0463488 -0.0397064
FixedParameters: 0 0 0

#Transform 19
Transform: AffineTransform_float_3_3
Parameters: 0.999999 -0.000514529 0.000590908 0.000514312 0.999999 0.00119651 -0.000591405 -0.0011959 0.999999 0.0148873 -0.0740921 -0.00117963
FixedParameters: 0 0 0

#Transform 20
Transform: AffineTransform_float_3_3
Parameters: 1 0.000256998 0.000348028 -0.000256944 1 -7.74568e-05 -0.000348068 7.7278e-05 1 -0.00751494 0.00445565 -0.00113122
FixedParameters: 0 0 0

#Transform 21
Transform: AffineTransform_float_3_3
Parameters: 0.999999 -0.000527857 0.000536336 0.000527373 0.999999 0.000675097 -0.000536078 -0.000674525 0.999999 0.000821718 -0.0907895 0.0171044
FixedParameters: 0 0 0

#Transform 22
Transform: AffineTransform_float_3_3
Parameters: 1 -0.000843156 -0.000737916 0.000842486 0.999999 -0.000463394 0.000738693 0.000462616 1 -0.00674838 0.00915719 -0.0331673
FixedParameters: 0 0 0

#Transform 23
Transform: AffineTransform_float_3_3
Parameters: 0.999999 -0.00178543 -0.000511651 0.00178508 0.999998 0.000356956 0.000511571 -0.00035747 0.999999 0.0164929 -0.0240942 0.00566127
FixedParameters: 0 0 0

#Transform 24
Transform: AffineTransform_float_3_3
Parameters: 0.999999 -0.00178532 -0.000510525 0.0017858 0.999998 0.000221959 0.000510687 -0.000222473 0.999999 0.0137389 -0.0576711 0.00910508
FixedParameters: 0 0 0

#Transform 25
Transform: AffineTransform_float_3_3
Parameters: 0.999998 -0.00171102 -0.000209519 0.00171135 0.999998 0.000218646 0.000209735 -0.000218938 1 0.00802656 -0.0492431 0.0167574
FixedParameters: 0 0 0

#Transform 26
Transform: AffineTransform_float_3_3
Parameters: 0.999999 -0.000918662 -6.52706e-06 0.000918641 1 -0.000567553 7.57261e-06 0.000567075 1 -0.0216012 0.0218721 -0.00452563
FixedParameters: 0 0 0

#Transform 27
Transform: AffineTransform_float_3_3
Parameters: 0.999999 -0.00088498 3.63726e-06 0.00088498 0.999999 -3.31831e-05 -3.57851e-06 3.31895e-05 1 -0.0143476 -0.0610871 0.0231252
FixedParameters: 0 0 0

#Transform 28
Transform: AffineTransform_float_3_3
Parameters: 0.999999 -0.000808974 -0.000162196 0.000808482 1 -0.000738554 0.000162423 0.000737819 0.999999 -0.0146391 -0.00222151 -0.00548148
FixedParameters: 0 0 0

#Transform 29
Transform: AffineTransform_float_3_3
Parameters: 0.999999 -0.00120462 -0.000219065 0.00120458 0.999998 -0.00120138 0.000219777 0.00120084 1 0.0147484 0.0464779 -0.0672295
FixedParameters: 0 0 0

#Transform 30
Transform: AffineTransform_float_3_3
Parameters: 1 -0.00106489 0.000105213 0.00106491 1 -9.08885e-05 -0.00010502 9.06466e-05 1 0.0119066 -0.038389 0.00536508
FixedParameters: 0 0 0

#Transform 31
Transform: AffineTransform_float_3_3
Parameters: 1 -0.00103796 3.60358e-05 0.00103801 1 -0.000649454 -3.4693e-05 0.000649947 0.999999 0.0123961 0.0373986 -0.0185132
FixedParameters: 0 0 0

#Transform 32
Transform: AffineTransform_float_3_3
Parameters: 0.999999 -0.000724332 -0.000459359 0.000723267 0.999999 -0.00114142 0.000461008 0.00114164 0.999999 0.0147621 -0.0204451 -0.0465148
FixedParameters: 0 0 0

#Transform 33
Transform: AffineTransform_float_3_3
Parameters: 1 -0.000644604 -0.000792663 0.000645327 1 0.000297358 0.000793241 -0.000297489 0.999999 0.0189874 0.0194493 0.00147439
FixedParameters: 0 0 0

#Transform 34
Transform: AffineTransform_float_3_3
Parameters: 0.999999 -0.000669328 -0.000453347 0.000669285 1 -4.81932e-05 0.000453411 4.75863e-05 1 0.0168265 -0.0724751 0.0815448
FixedParameters: 0 0 0

#Transform 35
Transform: AffineTransform_float_3_3
Parameters: 0.999999 -0.00017547 -0.00124301 0.000174479 0.999999 -0.000794397 0.00124305 0.000794425 0.999999 0.0369764 -0.0329584 0.0325248
FixedParameters: 0 0 0

#Transform 36
Transform: AffineTransform_float_3_3
Parameters: 0.999998 -0.000288921 -0.00159234 0.000288994 1 -0.000286076 0.00159226 0.000285618 0.999998 0.0349397 -0.0349777 -0.00261223
FixedParameters: 0 0 0

#Transform 37
Transform: AffineTransform_float_3_3
Parameters: 0.999999 0.000392676 -0.00131262 -0.000393403 0.999999 -0.000652281 0.00131188 0.00065289 0.999999 -0.00639603 0.117483 -0.113408
FixedParameters: 0 0 0

#Transform 38
Transform: AffineTransform_float_3_3
Parameters: 0.999998 0.00121443 -0.00146238 -0.00121561 0.999999 -0.000898289 0.00146191 0.000899616 0.999999 0.00891669 -0.122943 -0.0188806
FixedParameters: 0 0 0

#Transform 39
Transform: AffineTransform_float_3_3
Parameters: 0.999998 0.00101709 -0.00137362 -0.00101792 0.999999 -0.000831123 0.00137365 0.000832157 0.999999 0.0209467 -0.0361966 -0.00232138
FixedParameters: 0 0 0

#Transform 40
Transform: AffineTransform_float_3_3
Parameters: 0.999998 0.000701112 -0.00183578 -0.000702114 1 -0.000541691 0.00183479 0.000542494 0.999998 -0.00973155 -0.0146213 -0.000401305
FixedParameters: 0 0 0

#Transform 41
Transform: AffineTransform_float_3_3
Parameters: 1 -0.000273404 0.000244724 0.000274156 0.999998 -0.00156574 -0.000243864 0.00156587 0.999998 0.0229346 0.0220442 -0.106349
FixedParameters: 0 0 0

#Transform 42
Transform: AffineTransform_float_3_3
Parameters: 1 -0.000221263 0.000225801 0.000221077 1 0.000412239 -0.000225983 -0.000412139 1 0.0270255 -0.147157 0.089399
FixedParameters: 0 0 0

#Transform 43
Transform: AffineTransform_float_3_3
Parameters: 0.999998 -0.00174017 0.000761193 0.00174091 0.999998 -0.000645491 -0.000759908 0.000646316 0.999999 0.0365141 -0.0615118 0.031517
FixedParameters: 0 0 0

#Transform 44
Transform: AffineTransform_float_3_3
Parameters: 1 -0.000312232 -0.000462886 0.000313328 0.999999 0.00119842 0.000462139 -0.00119871 0.999999 0.0445455 -0.100316 0.124552
FixedParameters: 0 0 0

#Transform 45
Transform: AffineTransform_float_3_3
Parameters: 0.999997 0.00118253 -0.00188804 -0.00117886 0.999998 0.00161566 0.00189041 -0.00161386 0.999998 0.0199741 -0.108679 0.13867
FixedParameters: 0 0 0

#Transform 46
Transform: AffineTransform_float_3_3
Parameters: 0.999997 0.000447585 -0.00268979 -0.000439008 0.999995 0.00317486 0.00269163 -0.00317419 0.999991 0.0532279 -0.124519 0.147725
FixedParameters: 0 0 0

#Transform 47
Transform: AffineTransform_float_3_3
Parameters: 0.999999 0.000789518 -0.00128541 -0.00078566 0.999996 0.00293077 0.00128785 -0.00292964 0.999995 0.0755344 -0.185358 0.120509
FixedParameters: 0 0 0

#Transform 48
Transform: AffineTransform_float_3_3
Parameters: 1 -0.00100322 -0.000511517 0.00100298 0.999999 -0.000237304 0.000511984 0.000237162 0.999999 0.094851 -0.00144145 0.0824641
FixedParameters: 0 0 0

#Transform 49
Transform: AffineTransform_float_3_3
Parameters: 0.999999 -7.39998e-06 -0.00129079 7.19293e-06 1 0.000289811 0.00129103 -0.000290246 0.999999 0.0629075 -0.0942441 0.112805
FixedParameters: 0 0 0

#Transform 50
Transform: AffineTransform_float_3_3
Parameters: 0.999996 0.00148362 -0.00240493 -0.00147942 0.999997 0.00188107 0.0024076 -0.00187749 0.999996 0.00105283 -0.0577345 0.142371
FixedParameters: 0 0 0

#Transform 51
Transform: AffineTransform_float_3_3
Parameters: 0.999998 0.00111139 -0.00168997 -0.00111169 0.999999 0.00019443 0.00169065 -0.00019244 0.999999 0.0325266 0.0163573 0.0689939
FixedParameters: 0 0 0

#Transform 52
Transform: AffineTransform_float_3_3
Parameters: 0.999999 -0.000477769 -0.000655527 0.000477353 1 0.000424688 0.000655355 -0.000424426 0.999999 0.0519555 -0.0537283 0.0535253
FixedParameters: 0 0 0

#Transform 53
Transform: AffineTransform_float_3_3
Parameters: 0.999998 0.000468972 -0.00166508 -0.000469562 1 -0.000181213 0.00166491 0.000182357 0.999998 0.00775835 0.00904526 -0.185142
FixedParameters: 0 0 0

#Transform 54
Transform: AffineTransform_float_3_3
Parameters: 0.999999 -0.0003269 0.00134383 0.000327703 1 -0.000292908 -0.00134364 0.000293369 0.999999 0.0147973 -0.0419947 -0.201774
FixedParameters: 0 0 0

#Transform 55
Transform: AffineTransform_float_3_3
Parameters: 0.999996 0.00185412 0.00239623 -0.00186831 0.999979 0.00622639 -0.00238413 -0.00623133 0.999978 0.000407407 -0.257105 -0.0562922
FixedParameters: 0 0 0

#Transform 56
Transform: AffineTransform_float_3_3
Parameters: 0.999995 -0.00234777 0.00181197 0.00233326 0.999965 0.00799095 -0.0018303 -0.00798591 0.999967 0.102198 -0.184108 -0.0919503
FixedParameters: 0 0 0

#Transform 57
Transform: AffineTransform_float_3_3
Parameters: 0.999997 -0.00140608 0.00205764 0.00138482 0.999949 0.010036 -0.00207209 -0.0100328 0.999948 0.0795049 -0.360613 0.674581
FixedParameters: 0 0 0

#Transform 58
Transform: AffineTransform_float_3_3
Parameters: 0.999997 -0.00156201 0.00185615 0.00155332 0.999988 0.00471203 -0.00186372 -0.00470932 0.999987 0.0736459 0.00545485 -0.42449
FixedParameters: 0 0 0

#Transform 59
Transform: AffineTransform_float_3_3
Parameters: 1 0.000560161 -0.000943699 -0.000559215 0.999999 0.00114118 0.000944252 -0.00114101 0.999999 0.10418 -0.0201425 -0.3289
FixedParameters: 0 0 0

#Transform 60
Transform: AffineTransform_float_3_3
Parameters: 0.999995 -0.00154132 0.00267723 0.00152583 0.999983 0.00574705 -0.00268625 -0.00574321 0.99998 0.142294 -0.322888 0.0126754
FixedParameters: 0 0 0

#Transform 61
Transform: AffineTransform_float_3_3
Parameters: 0.999999 0.000831438 0.000241141 -0.000833212 0.999968 0.00798265 -0.000234549 -0.0079831 0.999968 0.0927239 -0.137646 -0.833777
FixedParameters: 0 0 0

#Transform 62
Transform: AffineTransform_float_3_3
Parameters: 1 -0.000105584 0.000394473 0.000104728 1 0.00107057 -0.000394689 -0.00107137 1 0.0953154 0.115072 -1.65644
FixedParameters: 0 0 0

#Transform 63
Transform: AffineTransform_float_3_3
Parameters: 1 0.000536156 -0.0002438 -0.000534216 0.999983 0.00589514 0.000247247 -0.00589536 0.999982 0.057008 -0.11139 -1.38784
FixedParameters: 0 0 0

#Transform 64
Transform: AffineTransform_float_3_3
Parameters: 0.999998 0.00044723 -0.00173431 -0.000426873 0.99993 0.0118443 0.00173947 -0.0118437 0.999928 0.0705836 -0.151277 -0.701486
FixedParameters: 0 0 0

#Transform 65
Transform: AffineTransform_float_3_3
Parameters: 1 9.43936e-05 8.96691e-06 -9.43911e-05 0.999888 0.0149285 -7.2956e-06 -0.0149285 0.999888 0.087516 -0.249824 -0.577296
FixedParameters: 0 0 0

#Transform 66
Transform: AffineTransform_float_3_3
Parameters: 1 -0.000491331 -0.00103186 0.000509265 0.999852 0.0172345 0.00102298 -0.0172354 0.999851 0.148761 -0.416912 0.0872607
FixedParameters: 0 0 0

#Transform 67
Transform: AffineTransform_float_3_3
Parameters: 0.999997 -0.00126705 -0.00184851 0.00129156 0.999906 0.0136574 0.0018312 -0.0136606 0.999905 0.111025 -0.389679 0.289232
FixedParameters: 0 0 0

#Transform 68
Transform: AffineTransform_float_3_3
Parameters: 1 -0.000665969 5.40304e-05 0.000665072 0.999886 0.0151247 -6.41407e-05 -0.015125 0.999885 0.148373 -0.411461 0.217613
FixedParameters: 0 0 0

#Transform 69
Transform: AffineTransform_float_3_3
Parameters: 1 -0.000148571 0.00101743 0.000142857 0.999982 0.00592105 -0.00101764 -0.00592117 0.999982 0.232217 -0.289524 0.266168
FixedParameters: 0 0 0

#Transform 70
Transform: AffineTransform_float_3_3
Parameters: 0.999981 0.0025005 0.00557743 -0.00256868 0.999923 0.0121458 -0.00554586 -0.0121597 0.999911 -0.00228015 -0.447773 0.369971
FixedParameters: 0 0 0

#Transform 71
Transform: AffineTransform_float_3_3
Parameters: 0.999987 0.00373729 -0.00354191 -0.00371919 0.99998 0.00495016 0.0035604 -0.00493765 0.999981 -0.0750402 -0.0408034 -0.0244037
FixedParameters: 0 0 0

#Transform 72
Transform: AffineTransform_float_3_3
Parameters: 0.999994 0.00311878 -0.00158896 -0.00310435 0.999958 0.00864279 0.00161613 -0.00863707 0.999962 -0.0433975 -0.239125 0.337846
FixedParameters: 0 0 0

#Transform 73
Transform: AffineTransform_float_3_3
Parameters: 0.99999 0.00419899 -0.0016371 -0.00419096 0.999978 0.00496872 0.00165818 -0.00496234 0.999986 0.0155925 -0.19219 0.466515
FixedParameters: 0 0 0

#Transform 74
Transform: AffineTransform_float_3_3
Parameters: 0.999986 0.00364015 -0.00370154 -0.0036268 0.999986 0.00363545 0.00371487 -0.00362198 0.999986 -0.00900624 -0.0130117 -0.0756519
FixedParameters: 0 0 0

#Transform 75
Transform: AffineTransform_float_3_3
Parameters: 0.999992 0.00155829 -0.00373867 -0.00154404 0.999992 0.00388533 0.00374514 -0.003879 0.999985 0.0369531 -0.108145 -0.219428
FixedParameters: 0 0 0

#Transform 76
Transform: AffineTransform_float_3_3
Parameters: 0.999994 0.00281722 -0.00163073 -0.00281797 0.999996 -0.000747077 0.00162919 0.000752644 0.999998 0.103439 0.116362 -0.821406
FixedParameters: 0 0 0

#Transform 77
Transform: AffineTransform_float_3_3
Parameters: 0.999998 0.00169212 -0.00116391 -0.0017018 0.999965 -0.00816963 0.00115037 0.00817229 0.999966 0.0724775 0.119246 -0.918142
FixedParameters: 0 0 0

#Transform 78
Transform: AffineTransform_float_3_3
Parameters: 0.99999 0.00383113 -0.00239639 -0.00382333 0.999988 0.00309318 0.00240843 -0.0030839 0.999993 -0.0315796 -0.0124072 -0.481188
FixedParameters: 0 0 0

#Transform 79
Transform: AffineTransform_float_3_3
Parameters: 0.99998 0.00406769 -0.00489367 -0.00405889 0.99999 0.00193605 0.00490164 -0.00191589 0.999986 0.00409489 0.0447026 -0.541325
FixedParameters: 0 0 0

#Transform 80
Transform: AffineTransform_float_3_3
Parameters: 0.999984 0.0041557 -0.00381845 -0.00414186 0.999985 0.00349143 0.00383311 -0.00347587 0.999987 -0.0686393 -0.00574499 -0.366822
FixedParameters: 0 0 0

#Transform 81
Transform: AffineTransform_float_3_3
Parameters: 0.999996 0.00265492 0.00112004 -0.00266459 0.999957 0.00886261 -0.00109703 -0.00886561 0.99996 0.12649 -0.107609 -0.14775
FixedParameters: 0 0 0

#Transform 82
Transform: AffineTransform_float_3_3
Parameters: 0.999979 0.00475487 -0.00440639 -0.00471244 0.999941 0.0097739 0.00445213 -0.00975238 0.999943 0.237884 0.0477435 -0.854421
FixedParameters: 0 0 0

#Transform 83
Transform: AffineTransform_float_3_3
Parameters: 0.999985 0.00532981 -0.00173693 -0.00533041 0.999986 -0.000241407 0.00173531 0.000249814 0.999999 0.201012 0.187826 -1.10783
FixedParameters: 0 0 0

#Transform 84
Transform: AffineTransform_float_3_3
Parameters: 0.999984 0.00529628 -0.00156727 -0.00529684 0.999986 -0.000789357 0.00156253 0.000796734 0.999998 0.046436 0.0997513 -0.840977
FixedParameters: 0 0 0

#Transform 85
Transform: AffineTransform_float_3_3
Parameters: 0.999993 0.0034648 -0.001388 -0.00345222 0.999955 0.0087792 0.00141873 -0.00877423 0.999961 0.0779835 -0.203007 -0.376237
FixedParameters: 0 0 0

#Transform 86
Transform: AffineTransform_float_3_3
Parameters: 1 0.000209005 3.01668e-05 -0.000208914 0.999998 -0.00191056 -3.09598e-05 0.00191055 0.999998 0.224289 -0.00350446 -0.34477
FixedParameters: 0 0 0

#Transform 87
Transform: AffineTransform_float_3_3
Parameters: 0.999999 0.00142513 0.000393531 -0.00142451 0.999996 -0.00238236 -0.000396925 0.00238167 0.999997 0.214371 -0.0831793 -0.114142
FixedParameters: 0 0 0

#Transform 88
Transform: AffineTransform_float_3_3
Parameters: 0.999998 0.00217715 0.000434755 -0.00217754 0.999998 0.00100431 -0.000432572 -0.00100538 0.999999 0.205792 -0.188655 0.132493
FixedParameters: 0 0 0

#Transform 89
Transform: AffineTransform_float_3_3
Parameters: 0.999998 0.00200827 6.89088e-05 -0.00200822 0.999998 -0.000340469 -7.02811e-05 0.000340143 1 0.240474 -0.133301 -0.00844149
FixedParameters: 0 0 0

#Transform 90
Transform: AffineTransform_float_3_3
Parameters: 0.999996 0.00266003 0.00152477 -0.00266819 0.999982 0.00551834 -0.00150989 -0.00552211 0.999984 0.0981662 -0.0664419 -0.0419548
FixedParameters: 0 0 0

#Transform 91
Transform: AffineTransform_float_3_3
Parameters: 0.999993 0.00366283 -0.000373276 -0.00365933 0.999952 0.00910446 0.000406802 -0.00910284 0.999959 0.159568 -0.20236 -0.197309
FixedParameters: 0 0 0

#Transform 92
Transform: AffineTransform_float_3_3
Parameters: 0.999996 0.00223776 0.00124136 -0.0022543 0.999908 0.0133263 -0.0012113 -0.0133285 0.99991 0.228368 -0.382077 0.269764
FixedParameters: 0 0 0

#Transform 93
Transform: AffineTransform_float_3_3
Parameters: 0.999994 0.00287801 -0.0019552 -0.00285395 0.999925 0.0118381 0.00198948 -0.0118324 0.999928 0.260179 -0.391613 -0.031292
FixedParameters: 0 0 0

#Transform 94
Transform: AffineTransform_float_3_3
Parameters: 0.999998 0.00155437 -0.00122161 -0.00154036 0.999931 0.0116488 0.00123963 -0.0116469 0.999931 0.172959 -0.266793 -0.129433
FixedParameters: 0 0 0

#Transform 95
Transform: AffineTransform_float_3_3
Parameters: 0.999997 0.00254634 0.000597139 -0.00255861 0.999767 0.0214594 -0.000542221 -0.021461 0.99977 0.0850856 -0.266118 -0.311429
FixedParameters: 0 0 0

#Transform 96
Transform: AffineTransform_float_3_3
Parameters: 0.999995 0.00303519 -0.00108602 -0.00300756 0.999691 0.0246684 0.00116044 -0.0246652 0.999695 0.24711 -0.653005 -0.0361853
FixedParameters: 0 0 0

#Transform 97
Transform: AffineTransform_float_3_3
Parameters: 0.999987 0.00260707 -0.00435655 -0.00252138 0.999804 0.01962 0.00440633 -0.0196084 0.999798 0.24814 -0.057698 -0.764923
FixedParameters: 0 0 0

#Transform 98
Transform: AffineTransform_float_3_3
Parameters: 0.999984 0.00504104 -0.00240173 -0.00501129 0.99991 0.0124691 0.00246463 -0.0124573 0.999919 0.119515 -0.13026 -0.157686
FixedParameters: 0 0 0

#Transform 99
Transform: AffineTransform_float_3_3
Parameters: 0.999978 0.00594 -0.00276607 -0.00589479 0.999855 0.0160072 0.0028604 -0.0159908 0.999868 0.0781903 -0.173835 -0.465563
FixedParameters: 0 0 0

#Transform 100
Transform: AffineTransform_float_3_3
Parameters: 0.99999 0.00447701 0.000141436 -0.00447796 0.999864 0.015899 -6.97902e-05 -0.0158993 0.999873 0.086387 0.0181137 -0.482995
FixedParameters: 0 0 0

#Transform 101
Transform: AffineTransform_float_3_3
Parameters: 0.999998 0.00184886 -0.00108096 -0.00182297 0.999709 0.0240533 0.0011254 -0.0240513 0.99971 0.212606 -0.645075 0.355281
FixedParameters: 0 0 0

#Transform 102
Transform: AffineTransform_float_3_3
Parameters: 0.999994 0.0021582 -0.00277746 -0.00210229 0.9998 0.0198679 0.00282008 -0.0198611 0.999799 0.290176 -0.248008 0.0680116
FixedParameters: 0 0 0

#Transform 103
Transform: AffineTransform_float_3_3
Parameters: 0.999959 0.00286648 -0.00857213 -0.00272655 0.999864 0.0162608 0.00861731 -0.0162368 0.999831 0.281944 -0.108669 -0.418115
FixedParameters: 0 0 0

#Transform 104
Transform: AffineTransform_float_3_3
Parameters: 0.999941 0.00769553 -0.00764674 -0.00753994 0.999768 0.0201953 0.0078002 -0.0201361 0.999767 0.166576 -0.173457 -0.432626
FixedParameters: 0 0 0

#Transform 105
Transform: AffineTransform_float_3_3
Parameters: 0.999969 0.00231885 -0.00751865 -0.00213402 0.999697 0.0245156 0.00757365 -0.0244995 0.999671 0.253316 -0.407739 -0.269431
FixedParameters: 0 0 0

#Transform 106
Transform: AffineTransform_float_3_3
Parameters: 0.999991 0.000205661 -0.00437183 -6.11171e-05 0.999458 0.0329238 0.00437566 -0.0329227 0.999448 0.141673 -0.207601 -1.66415
FixedParameters: 0 0 0

#Transform 107
Transform: AffineTransform_float_3_3
Parameters: 0.99999 0.000350713 -0.00446607 -0.000161837 0.999114 0.0421021 0.004477 -0.0421008 0.999103 0.373825 -0.236179 -2.95617
FixedParameters: 0 0 0

#Transform 108
Transform: AffineTransform_float_3_3
Parameters: 0.999988 0.00379041 -0.00301017 -0.00363759 0.998774 0.0493795 0.00319413 -0.0493682 0.998776 0.181179 -0.442338 -1.95229
FixedParameters: 0 0 0

#Transform 109
Transform: AffineTransform_float_3_3
Parameters: 0.999999 0.00157054 0.000532275 -0.00158398 0.99968 0.02524 -0.000492973 -0.0252401 0.999681 0.18672 -0.32162 -2.71609
FixedParameters: 0 0 0

#Transform 110
Transform: AffineTransform_float_3_3
Parameters: 0.999992 -0.00138441 0.00365464 0.00126391 0.999456 0.0329571 -0.00369811 -0.032953 0.99945 0.137265 -0.544649 -0.790005
FixedParameters: 0 0 0

#Transform 111
Transform: AffineTransform_float_3_3
Parameters: 0.999998 -0.00130053 0.00172673 0.00124501 0.999494 0.0317999 -0.00176709 -0.031797 0.999493 0.209881 -0.356734 -1.45106
FixedParameters: 0 0 0

#Transform 112
Transform: AffineTransform_float_3_3
Parameters: 0.999999 6.8867e-05 0.000792067 -8.90162e-05 0.999668 0.0257698 -0.000790175 -0.02577 0.999667 0.150125 -0.145136 -1.67248
FixedParameters: 0 0 0

#Transform 113
Transform: AffineTransform_float_3_3
Parameters: 0.999961 0.0080362 -0.00370658 -0.00793053 0.999588 0.0276078 0.00392692 -0.0275773 0.999613 0.00524316 -0.1804 -1.8726
FixedParameters: 0 0 0

#Transform 114
Transform: AffineTransform_float_3_3
Parameters: 0.999929 0.00652942 -0.00997934 -0.00626186 0.999625 0.0266323 0.0101493 -0.0265673 0.999596 -0.0530161 -0.0832908 -2.40188
FixedParameters: 0 0 0

#Transform 115
Transform: AffineTransform_float_3_3
Parameters: 0.999934 0.00601162 -0.00978502 -0.00581034 0.999774 0.0204674 0.00990577 -0.0204095 0.999743 -0.0114313 0.0404368 -1.95138
FixedParameters: 0 0 0

#Transform 116
Transform: AffineTransform_float_3_3
Parameters: 0.999952 0.00587898 -0.00785054 -0.00566446 0.999617 0.0271212 0.00800766 -0.0270758 0.999601 0.0122648 -0.221421 -1.12065
FixedParameters: 0 0 0

#Transform 117
Transform: AffineTransform_float_3_3
Parameters: 0.999941 0.00690612 -0.00837573 -0.00670375 0.999691 0.0239637 0.00853862 -0.023906 0.999677 -0.0208716 0.00831756 -1.39201
FixedParameters: 0 0 0

#Transform 118
Transform: AffineTransform_float_3_3
Parameters: 0.999961 0.00793406 -0.00373883 -0.00784374 0.999688 0.0236875 0.00392577 -0.0236568 0.999712 -0.140399 0.176209 -1.25711
FixedParameters: 0 0 0

#Transform 119
Transform: AffineTransform_float_3_3
Parameters: 0.999999 0.00169911 -0.00073932 -0.00167552 0.999525 0.0307827 0.000791114 -0.0307813 0.999526 0.109217 -0.30811 -0.434897
FixedParameters: 0 0 0

#Transform 120
Transform: AffineTransform_float_3_3
Parameters: 0.999991 0.00422611 0.000478917 -0.00423701 0.999688 0.0246309 -0.000375102 -0.0246323 0.999696 0.0664823 -0.4988 -0.335772
FixedParameters: 0 0 0

#Transform 121
Transform: AffineTransform_float_3_3
Parameters: 0.99999 0.00427173 0.000445767 -0.00427703 0.999884 0.0145719 -0.000383721 -0.0145738 0.999894 0.0224998 -0.0528647 -0.786516
FixedParameters: 0 0 0

#Transform 122
Transform: AffineTransform_float_3_3
Parameters: 0.99999 0.00432677 -0.000911254 -0.00431434 0.999905 0.0130695 0.000967383 -0.0130655 0.999914 0.0385569 -0.0950966 -0.933391
FixedParameters: 0 0 0

#Transform 123
Transform: AffineTransform_float_3_3
Parameters: 0.99999 0.00448273 0.00107339 -0.0044924 0.999941 0.00989946 -0.00102856 -0.00990403 0.99995 0.0539108 -0.0437712 -0.517936
FixedParameters: 0 0 0

#Transform 124
Transform: AffineTransform_float_3_3
Parameters: 0.999993 0.00362689 0.000763953 -0.00363542 0.999924 0.011749 -0.000722099 -0.0117512 0.99993 0.00134028 -0.180564 -0.28977
FixedParameters: 0 0 0

#Transform 125
Transform: AffineTransform_float_3_3
Parameters: 0.999989 0.00365683 -0.00292919 -0.00360434 0.999838 0.0176533 0.00299293 -0.0176425 0.99984 -0.0292185 -0.053009 -0.494878
FixedParameters: 0 0 0

#Transform 126
Transform: AffineTransform_float_3_3
Parameters: 0.999987 0.00463235 -0.00243084 -0.0046064 0.99993 0.0108922 0.00248159 -0.0108807 0.999938 0.000478242 -0.015154 -0.261994
FixedParameters: 0 0 0

#Transform 127
Transform: AffineTransform_float_3_3
Parameters: 0.999986 0.00441701 -0.00266332 -0.00439258 0.99995 0.00901823 0.00270231 -0.00900703 0.999956 0.0615203 -0.0776843 -0.113603
FixedParameters: 0 0 0

#Transform 128
Transform: AffineTransform_float_3_3
Parameters: 0.999983 0.00533109 -0.00244556 -0.00531416 0.999963 0.00677889 0.00248158 -0.00676564 0.999974 0.0370951 0.0396971 -0.221162
FixedParameters: 0 0 0

#Transform 129
Transform: AffineTransform_float_3_3
Parameters: 0.999984 0.00573269 -0.00039623 -0.00572888 0.999931 0.0102127 0.000454675 -0.0102099 0.999948 -0.0574588 0.0782065 -0.332308
FixedParameters: 0 0 0

#Transform 130
Transform: AffineTransform_float_3_3
Parameters: 0.999988 0.00456702 -0.0014468 -0.00455632 0.999966 0.00680686 0.00147715 -0.00679972 0.999975 -0.0081177 0.0332127 -0.0702064
FixedParameters: 0 0 0

#Transform 131
Transform: AffineTransform_float_3_3
Parameters: 0.999994 0.00312191 -0.000991368 -0.00310835 0.999915 0.0126968 0.00103016 -0.012694 0.999919 -0.0405466 -0.0496342 -0.159061
FixedParameters: 0 0 0

#Transform 132
Transform: AffineTransform_float_3_3
Parameters: 0.999977 0.00541967 -0.0042514 -0.0053772 0.999937 0.00983979 0.00430405 -0.00981727 0.999942 -0.059168 -0.148052 -0.00684465
FixedParameters: 0 0 0

#Transform 133
Transform: AffineTransform_float_3_3
Parameters: 0.999972 0.00579988 -0.00473816 -0.00576636 0.999957 0.00726757 0.00477948 -0.00724014 0.999963 -0.0620086 0.0618451 -0.253963
FixedParameters: 0 0 0

#Transform 134
Transform: AffineTransform_float_3_3
Parameters: 0.999984 0.00489737 -0.00261011 -0.00487497 0.999953 0.00843048 0.00265153 -0.00841772 0.999961 -0.026273 0.0544298 -0.263451
FixedParameters: 0 0 0

#Transform 135
Transform: AffineTransform_float_3_3
Parameters: 0.999987 0.00427388 -0.00282936 -0.00421632 0.999794 0.0198943 0.00291331 -0.0198826 0.999798 -0.10278 0.371208 -0.935941
FixedParameters: 0 0 0

#Transform 136
Transform: AffineTransform_float_3_3
Parameters: 0.999984 0.00494469 -0.00301584 -0.00487322 0.99972 0.0231573 0.00312977 -0.0231418 0.999728 -0.0875743 -0.38928 -0.294476
FixedParameters: 0 0 0

#Transform 137
Transform: AffineTransform_float_3_3
Parameters: 0.999984 0.00424819 -0.0039766 -0.0041769 0.999831 0.0179032 0.00405155 -0.0178864 0.999832 -0.0833235 -0.0555392 -0.565631
FixedParameters: 0 0 0

#Transform 138
Transform: AffineTransform_float_3_3
Parameters: 0.999944 0.00182227 -0.0104211 -0.00164892 0.999861 0.0166143 0.0104497 -0.0165962 0.999808 0.250062 -0.0512187 -1.12421
FixedParameters: 0 0 0

#Transform 139
Transform: AffineTransform_float_3_3
Parameters: 0.999981 0.00329822 -0.00536849 -0.00326084 0.999971 0.0070088 0.00539094 -0.0069909 0.999961 0.247844 -0.0691288 -0.719512
FixedParameters: 0 0 0

#Transform 140
Transform: AffineTransform_float_3_3
Parameters: 0.999982 0.00283488 -0.00516637 -0.00284355 0.999994 -0.00166586 0.00516208 0.00168021 0.999986 0.118123 0.210973 -1.16286
FixedParameters: 0 0 0

#Transform 141
Transform: AffineTransform_float_3_3
Parameters: 0.99996 0.00465551 -0.00761125 -0.00457082 0.999928 0.0110956 0.00766146 -0.0110603 0.999909 0.128221 0.324811 -2.34167
FixedParameters: 0 0 0

#Transform 142
Transform: AffineTransform_float_3_3
Parameters: 0.99995 0.00512475 -0.00858554 -0.00489288 0.999631 0.0267165 0.00871949 -0.0266729 0.999606 0.0670045 -0.249542 -1.194
FixedParameters: 0 0 0

#Transform 143
Transform: AffineTransform_float_3_3
Parameters: 0.999965 2.81344e-06 -0.00835714 0.000292831 0.999372 0.0354216 0.00835191 -0.0354229 0.999338 0.13951 -0.41676 -0.702567
FixedParameters: 0 0 0

#Transform 144
Transform: AffineTransform_float_3_3
Parameters: 0.999984 -0.00114279 -0.00547375 0.00123896 0.999845 0.0175611 0.0054524 -0.0175668 0.999831 -0.0250586 0.174203 -1.8181
FixedParameters: 0 0 0

#Transform 145
Transform: AffineTransform_float_3_3
Parameters: 0.999978 0.0011201 -0.00661395 -0.00101097 0.999864 0.0164639 0.00663169 -0.0164569 0.999843 -0.0402605 0.120608 -0.977958
FixedParameters: 0 0 0

#Transform 146
Transform: AffineTransform_float_3_3
Parameters: 0.999972 0.00255993 -0.00714148 -0.00254903 0.999996 0.00154896 0.00714505 -0.00153037 0.999973 -0.0698022 0.160839 -0.989285
FixedParameters: 0 0 0

#Transform 147
Transform: AffineTransform_float_3_3
Parameters: 0.999972 0.00247444 -0.00702137 -0.00241716 0.999963 0.00826258 0.00704141 -0.00824524 0.999942 -0.131359 0.144015 -1.32735
FixedParameters: 0 0 0

#Transform 148
Transform: AffineTransform_float_3_3
Parameters: 0.999977 0.00374214 -0.00572455 -0.00365563 0.999882 0.0149207 0.00577976 -0.0148996 0.999872 -0.154499 0.293722 -1.19211
FixedParameters: 0 0 0

#Transform 149
Transform: AffineTransform_float_3_3
Parameters: 0.999997 0.00259325 0.000140073 -0.00259675 0.999351 0.0359188 -4.64089e-05 -0.0359182 0.999355 -0.0802449 -0.525171 -0.57071
FixedParameters: 0 0 0

#Transform 150
Transform: AffineTransform_float_3_3
Parameters: 0.999979 0.00485914 -0.00441508 -0.00473588 0.999609 0.0275214 0.00454677 -0.0275002 0.999612 -0.033538 -0.338345 -0.569221
FixedParameters: 0 0 0

#Transform 151
Transform: AffineTransform_float_3_3
Parameters: 0.999967 0.00553309 -0.00593048 -0.00536634 0.999599 0.0278117 0.00608221 -0.0277787 0.999596 0.0960978 -0.228639 -0.368612
FixedParameters: 0 0 0

#Transform 152
Transform: AffineTransform_float_3_3
Parameters: 0.999997 8.27988e-05 0.00250016 -0.000144546 0.999697 0.0246266 -0.00249647 -0.0246276 0.999693 0.0765515 -0.181683 -0.197826
FixedParameters: 0 0 0

#Transform 153
Transform: AffineTransform_float_3_3
Parameters: 0.999997 -0.000654815 0.00242152 0.000612005 0.999844 0.0176446 -0.00243289 -0.0176433 0.999841 0.0264287 -0.247128 0.226231
FixedParameters: 0 0 0

#Transform 154
Transform: AffineTransform_float_3_3
Parameters: 0.999991 0.00280827 -0.00321879 -0.00275085 0.999839 0.0177443 0.00326778 -0.0177355 0.999837 0.0456757 0.0394405 -0.418532
FixedParameters: 0 0 0

#Transform 155
Transform: AffineTransform_float_3_3
Parameters: 0.999977 0.00313555 -0.00602143 -0.00301954 0.99981 0.0192414 0.00608118 -0.0192225 0.999797 0.089175 -0.0634349 -1.26875
FixedParameters: 0 0 0

#Transform 156
Transform: AffineTransform_float_3_3
Parameters: 0.999985 0.00318329 -0.00442878 -0.0030766 0.99971 0.0238994 0.00450375 -0.0238856 0.999705 0.0987363 -0.339887 -0.339821
FixedParameters: 0 0 0

#Transform 157
Transform: AffineTransform_float_3_3
Parameters: 0.999983 0.00344407 -0.00462374 -0.00339496 0.99994 0.0104205 0.00465941 -0.0104044 0.999935 0.00926638 0.077964 -0.468534
FixedParameters: 0 0 0

#Transform 158
Transform: AffineTransform_float_3_3
Parameters: 0.999995 0.00305262 -0.000752201 -0.00304245 0.999908 0.0132234 0.000792014 -0.0132204 0.999912 -0.0595791 0.269022 -1.47206
FixedParameters: 0 0 0

#Transform 159
Transform: AffineTransform_float_3_3
Parameters: 0.999991 0.00293505 0.00280063 -0.00295497 0.999968 0.00734866 -0.00277909 -0.00735632 0.999969 -0.064712 0.462792 -2.57135
FixedParameters: 0 0 0

#Transform 160
Transform: AffineTransform_float_3_3
Parameters: 0.999997 -0.000294697 0.0023288 0.000287116 0.999994 0.00344121 -0.00232979 -0.0034407 0.999991 -0.154442 0.512872 -3.66418
FixedParameters: 0 0 0

#Transform 161
Transform: AffineTransform_float_3_3
Parameters: 0.999994 0.00245425 -0.00216386 -0.00243556 0.999962 0.00840682 0.00218466 -0.0084017 0.999962 -0.0964275 0.188816 -2.40302
FixedParameters: 0 0 0

#Transform 162
Transform: AffineTransform_float_3_3
Parameters: 0.999999 -0.000210787 -0.000729908 0.000215211 0.999979 0.00655993 0.000728373 -0.00656023 0.999978 -0.131589 -0.0271912 -1.65372
FixedParameters: 0 0 0

#Transform 163
Transform: AffineTransform_float_3_3
Parameters: 0.999996 -0.0013628 -0.00238637 0.00140711 0.99982 0.0189344 0.00235949 -0.0189376 0.999818 -0.141338 0.223041 -2.18482
FixedParameters: 0 0 0

#Transform 164
Transform: AffineTransform_float_3_3
Parameters: 0.999999 -0.000614704 -0.000705745 0.000632785 0.999666 0.0258587 0.000690118 -0.0258586 0.999665 -0.164914 -0.0707876 -1.94359
FixedParameters: 0 0 0

#Transform 165
Transform: AffineTransform_float_3_3
Parameters: 0.999959 0.000997584 -0.00899017 -0.000850863 0.999867 0.0162817 0.009005 -0.0162735 0.999827 0.0414371 0.323289 -2.0097
FixedParameters: 0 0 0

#Transform 166
Transform: AffineTransform_float_3_3
Parameters: 0.999977 0.00204687 -0.00659768 -0.00214751 0.999881 -0.0152567 0.00656562 0.0152705 0.999862 -0.182804 0.533709 -1.98887
FixedParameters: 0 0 0

#Transform 167
Transform: AffineTransform_float_3_3
Parameters: 0.999989 0.00159742 -0.00433355 -0.00166924 0.999858 -0.0167466 0.00430615 0.0167534 0.999851 -0.0138399 0.301969 -1.70491
FixedParameters: 0 0 0

#Transform 168
Transform: AffineTransform_float_3_3
Parameters: 0.99999 0.00242913 -0.00360046 -0.00243133 0.999997 -0.000680039 0.00359961 0.000689585 0.999994 -0.0671814 0.569291 -2.29125
FixedParameters: 0 0 0

#Transform 169
Transform: AffineTransform_float_3_3
Parameters: 0.99999 0.00051282 -0.00432562 -0.000474007 0.99996 0.00892866 0.00433057 -0.0089273 0.999951 -0.0395024 0.913679 -4.25766
FixedParameters: 0 0 0

#Transform 170
Transform: AffineTransform_float_3_3
Parameters: 0.999978 0.00159058 -0.00653193 -0.00146043 0.999801 0.0199134 0.00656213 -0.0199038 0.99978 -0.271554 0.364969 -3.0294
FixedParameters: 0 0 0

#Transform 171
Transform: AffineTransform_float_3_3
Parameters: 0.999985 0.00181858 -0.00521284 -0.00173234 0.999862 0.016496 0.00524226 -0.0164871 0.999851 -0.224392 -0.204309 -2.23764
FixedParameters: 0 0 0

#Transform 172
Transform: AffineTransform_float_3_3
Parameters: 0.999981 0.00286838 -0.00539178 -0.0027414 0.999725 0.0232934 0.00545768 -0.0232782 0.999714 -0.215035 0.0130189 -1.92963
FixedParameters: 0 0 0

#Transform 173
Transform: AffineTransform_float_3_3
Parameters: 1 0.00103568 -0.000578456 -0.00102432 0.999837 0.0180183 0.000597323 -0.0180176 0.999837 -0.115368 0.153733 -1.91475
FixedParameters: 0 0 0

#Transform 174
Transform: AffineTransform_float_3_3
Parameters: 0.99998 0.00245789 -0.00590281 -0.00237744 0.999905 0.0135995 0.00593495 -0.013585 0.99989 -0.109112 0.0782518 -3.0987
FixedParameters: 0 0 0

#Transform 175
Transform: AffineTransform_float_3_3
Parameters: 0.999979 0.00353981 -0.00540701 -0.00343971 0.999824 0.018459 0.00547109 -0.01844 0.999815 -0.0674361 0.0798006 -1.34042
FixedParameters: 0 0 0

#Transform 176
Transform: AffineTransform_float_3_3
Parameters: 0.999941 0.00262821 -0.0105511 -0.00227395 0.999436 0.0334819 0.010633 -0.0334563 0.999383 -0.103309 0.34511 -2.96042
FixedParameters: 0 0 0

#Transform 177
Transform: AffineTransform_float_3_3
Parameters: 0.999951 0.00408329 -0.0089543 -0.00388987 0.999762 0.0214878 0.00903949 -0.021452 0.999729 -0.26835 0.647418 -3.55412
FixedParameters: 0 0 0

#Transform 178
Transform: AffineTransform_float_3_3
Parameters: 0.999915 0.00703444 -0.0109453 -0.00673062 0.999596 0.027605 0.0111349 -0.0275292 0.999559 -0.19294 -0.0563669 -2.20484
FixedParameters: 0 0 0

#Transform 179
Transform: AffineTransform_float_3_3
Parameters: 0.999932 0.0061098 -0.0099343 -0.00605175 0.999965 0.00586128 0.00996955 -0.00580104 0.999934 -0.174675 0.504169 -2.9962
FixedParameters: 0 0 0

#Transform 180
Transform: AffineTransform_float_3_3
Parameters: 0.999953 0.00497508 -0.00838069 -0.00484102 0.99986 0.0160077 0.00845904 -0.015967 0.999837 -0.18147 0.498274 -2.76651
FixedParameters: 0 0 0

#Transform 181
Transform: AffineTransform_float_3_3
Parameters: 0.999765 0.0117209 -0.0182281 -0.0112073 0.999544 0.0280471 0.0185495 -0.0278362 0.999441 -0.019263 -0.234812 -1.58939
FixedParameters: 0 0 0

#Transform 182
Transform: AffineTransform_float_3_3
Parameters: 0.999791 0.0100518 -0.0178105 -0.00962805 0.999672 0.0237387 0.0180434 -0.0235621 0.999559 -0.214049 0.291618 -1.76225
FixedParameters: 0 0 0

#Transform 183
Transform: AffineTransform_float_3_3
Parameters: 0.999991 -0.000741867 -0.00417906 0.000840864 0.99972 0.0236431 0.00415958 -0.0236461 0.999712 -0.367558 0.110387 -1.30236
FixedParameters: 0 0 0

#Transform 184
Transform: AffineTransform_float_3_3
Parameters: 0.999967 0.00266144 -0.0077043 -0.00242408 0.999525 0.0307247 0.00778346 -0.0307051 0.999498 -0.301006 0.0411427 -1.75197
FixedParameters: 0 0 0

#Transform 185
Transform: AffineTransform_float_3_3
Parameters: 0.999948 0.00707395 -0.00736575 -0.00689366 0.999684 0.0241623 0.00753423 -0.0241101 0.999681 -0.334679 0.8014 -2.71858
FixedParameters: 0 0 0

#Transform 186
Transform: AffineTransform_float_3_3
Parameters: 0.999954 0.00470221 -0.00840486 -0.00445299 0.999557 0.0294081 0.00853987 -0.0293695 0.999532 -0.204093 -0.170874 -1.3953
FixedParameters: 0 0 0

#Transform 187
Transform: AffineTransform_float_3_3
Parameters: 0.999977 0.0041032 -0.00538817 -0.00396538 0.999669 0.0254442 0.00549072 -0.0254217 0.999662 -0.200132 0.528485 -2.4425
FixedParameters: 0 0 0

#Transform 188
Transform: AffineTransform_float_3_3
Parameters: 0.999981 0.00312859 -0.00531683 -0.00292461 0.999271 0.0380658 0.00543192 -0.0380497 0.999262 -0.334735 -0.110702 -2.17006
FixedParameters: 0 0 0

#Transform 189
Transform: AffineTransform_float_3_3
