# transform file /out/sourcedata/freesurfer/sub-v2s13x29133_ses-1/mri/transforms/cc_up.lta
# created by oesteban on Wed Mar 11 06:47:29 2026

type      = 0 # LINEAR_VOX_TO_VOX
nxforms   = 1
mean      = 129.0000 136.0000 116.0000
sigma     = 10000.0000
1 4 4
9.989914298057556e-01 -2.596823126077652e-02 -3.663047403097153e-02 7.544045925140381e+00 
2.595079131424427e-02 9.996627569198608e-01 -9.515495039522648e-04 1.183279323577881e+01 
3.664283081889153e-02 0.000000000000000e+00 9.993284344673157e-01 1.340013885498047e+01 
0.000000000000000e+00 0.000000000000000e+00 0.000000000000000e+00 1.000000000000000e+00 
src volume info
valid = 1  # volume info valid
filename = /out/sourcedata/freesurfer/sub-v2s13x29133_ses-1/mri/norm.mgz
volume = 256 256 256
voxelsize = 8.984375000000000e-01 8.984375000000000e-01 8.984375000000000e-01
xras   = -1.000000000000000e+00 1.133783969486934e-10 -6.478765440798284e-11
yras   = 0.000000000000000e+00 0.000000000000000e+00 -1.000000000000000e+00
zras   = -2.591506176319314e-10 1.000000119209290e+00 3.317127905688722e-08
cras   = 1.837821960449219e+00 2.178039550781250e-01 -1.055825805664062e+01
dst volume info
valid = 1  # volume info valid
filename = /out/sourcedata/freesurfer/sub-v2s13x29133_ses-1/mri/norm.mgz
volume = 256 256 256
voxelsize = 8.984375000000000e-01 8.984375000000000e-01 8.984375000000000e-01
xras   = -1.000000000000000e+00 1.133783969486934e-10 -6.478765440798284e-11
yras   = 0.000000000000000e+00 0.000000000000000e+00 -1.000000000000000e+00
zras   = -2.591506176319314e-10 1.000000119209290e+00 3.317127905688722e-08
cras   = 1.837821960449219e+00 2.178039550781250e-01 -1.055825805664062e+01
