# transform file transforms/talairach.lta
# created by oesteban on Wed Mar 11 05:24:06 2026

type      = 0 # LINEAR_VOX_TO_VOX
nxforms   = 1
mean      = 129.0000 137.0000 116.0000
sigma     = 10000.0000
1 4 4
9.295981526374817e-01 0.000000000000000e+00 0.000000000000000e+00 6.943504333496094e+00 
0.000000000000000e+00 9.896782040596008e-01 3.651118874549866e-01 -4.972141647338867e+01 
0.000000000000000e+00 -3.520714342594147e-01 8.684708476066589e-01 5.790106201171875e+01 
0.000000000000000e+00 0.000000000000000e+00 0.000000000000000e+00 1.000000000000000e+00 
src volume info
valid = 1  # volume info valid
filename = nu.mgz
volume = 256 256 256
voxelsize = 8.984375000000000e-01 8.984375000000000e-01 8.984375000000000e-01
xras   = -1.000000000000000e+00 1.133783969486934e-10 -6.478765440798284e-11
yras   = 0.000000000000000e+00 0.000000000000000e+00 -1.000000000000000e+00
zras   = -2.591506176319314e-10 1.000000119209290e+00 3.317127905688722e-08
cras   = 1.837821960449219e+00 2.178039550781250e-01 -1.055825805664062e+01
dst volume info
valid = 1  # volume info valid
filename = /opt/freesurfer/average/RB_all_2020-01-02.gca
volume = 256 256 256
voxelsize = 1.000000000000000e+00 1.000000000000000e+00 1.000000000000000e+00
xras   = -1.000000000000000e+00 0.000000000000000e+00 0.000000000000000e+00
yras   = 0.000000000000000e+00 0.000000000000000e+00 -1.000000000000000e+00
zras   = 0.000000000000000e+00 1.000000000000000e+00 0.000000000000000e+00
cras   = 0.000000000000000e+00 0.000000000000000e+00 0.000000000000000e+00
