#Insight Transform File V1.0
#Transform 0
Transform: AffineTransform_float_3_3
Parameters: 0.999999 -0.000457888 -0.000622341 0.000457216 0.999998 -0.00206247 0.000623581 0.00206195 0.999997 -0.0136694 -0.0944815 0.0623338
FixedParameters: 0 0 0

#Transform 1
Transform: AffineTransform_float_3_3
Parameters: 0.999999 -0.000424417 -0.00117557 0.000420711 0.999995 -0.00318229 0.00117692 0.00318191 0.999994 0.00232546 -0.00895028 -0.0427529
FixedParameters: 0 0 0

#Transform 2
Transform: AffineTransform_float_3_3
Parameters: 1 -0.000433373 -0.000539893 0.000432114 0.999998 -0.00202951 0.000541276 0.00202906 0.999998 -0.0157102 -0.0743461 0.000302648
FixedParameters: 0 0 0

#Transform 3
Transform: AffineTransform_float_3_3
Parameters: 1 -0.000376976 -0.00103712 0.000373763 0.999995 -0.00291239 0.00103829 0.0029122 0.999995 -0.0061517 0.035394 -0.0849938
FixedParameters: 0 0 0

#Transform 4
Transform: AffineTransform_float_3_3
Parameters: 1 -0.000182141 -0.000511489 0.000181729 0.999999 -0.00133028 0.000511649 0.00133012 0.999999 -0.0185224 -0.0597807 -0.0282793
FixedParameters: 0 0 0

#Transform 5
Transform: AffineTransform_float_3_3
Parameters: 1 -5.97522e-05 -0.00100087 5.79107e-05 0.999997 -0.00247667 0.00100115 0.00247716 0.999997 -0.0357173 0.0441611 -0.0493335
FixedParameters: 0 0 0

#Transform 6
Transform: AffineTransform_float_3_3
Parameters: 1 -9.10098e-05 -0.000599344 8.95751e-05 0.999998 -0.00197736 0.000599327 0.00197727 0.999998 -0.0251123 -0.0393824 -0.0133658
FixedParameters: 0 0 0

#Transform 7
Transform: AffineTransform_float_3_3
Parameters: 1 5.62679e-05 -0.000407401 -5.66172e-05 0.999998 -0.00191071 0.000407771 0.00191079 0.999998 -0.0335129 0.03025 -0.0638021
FixedParameters: 0 0 0

#Transform 8
Transform: AffineTransform_float_3_3
Parameters: 0.999999 -2.78435e-05 -0.000799559 2.73394e-05 0.999999 -0.000907596 0.000799286 0.0009081 0.999999 -0.0234306 -0.0916006 -0.0101863
FixedParameters: 0 0 0

#Transform 9
Transform: AffineTransform_float_3_3
Parameters: 0.999999 0.000310026 -0.000639763 -0.000310827 0.999998 -0.00158136 0.000639418 0.0015818 0.999998 -0.03569 0.0105269 -0.0133064
FixedParameters: 0 0 0

#Transform 10
Transform: AffineTransform_float_3_3
Parameters: 1 0.000170033 -8.25244e-05 -0.000170235 1 -0.00114522 8.20841e-05 0.00114525 1 -0.0362557 -0.00888863 -0.036949
FixedParameters: 0 0 0

#Transform 11
Transform: AffineTransform_float_3_3
Parameters: 1 0.000157392 -0.000203002 -0.000157535 1 -0.0003504 0.000202892 0.000350464 1 -0.0295935 -0.0685411 0.0127146
FixedParameters: 0 0 0

#Transform 12
Transform: AffineTransform_float_3_3
Parameters: 1 0.000120502 -0.000265891 -0.00012107 1 -0.00104412 0.000265588 0.00104419 1 -0.00543147 -0.0127329 -0.039262
FixedParameters: 0 0 0

#Transform 13
Transform: AffineTransform_float_3_3
Parameters: 1 8.39592e-05 -0.000374186 -8.36492e-05 0.999999 -0.00125088 0.000374606 0.00125012 1 -0.00655736 -0.0205625 -0.0113483
FixedParameters: 0 0 0

#Transform 14
Transform: AffineTransform_float_3_3
Parameters: 1 3.10086e-05 -0.000526778 -3.17343e-05 0.999998 -0.00158976 0.000526355 0.00158981 0.999998 -0.0181611 0.00991343 -0.0558587
FixedParameters: 0 0 0

#Transform 15
Transform: AffineTransform_float_3_3
Parameters: 1 0.000239802 -0.000110174 -0.00023965 1 -0.000546942 0.000110873 0.000547008 1 -0.0165367 -0.0537559 0.00758868
FixedParameters: 0 0 0

#Transform 16
Transform: AffineTransform_float_3_3
Parameters: 1 0.000191795 -3.95369e-05 -0.000191858 0.999999 -0.000795374 3.92317e-05 0.000795389 0.999999 -0.0169151 0.00166896 -0.0357154
FixedParameters: 0 0 0

#Transform 17
Transform: AffineTransform_float_3_3
Parameters: 1 4.7688e-05 8.30385e-05 -4.76636e-05 1 -0.000146716 -8.30525e-05 0.000146708 1 0.00233984 -0.0404674 -0.012773
FixedParameters: 0 0 0

#Transform 18
Transform: AffineTransform_float_3_3
Parameters: 1 0.000222912 3.30294e-05 -0.000222884 1 -0.000409569 -3.3212e-05 0.000409554 1 -0.00977404 -0.0321648 -0.010316
FixedParameters: 0 0 0

#Transform 19
Transform: AffineTransform_float_3_3
Parameters: 1 -3.62304e-05 -0.000327318 3.54883e-05 1 -0.00111363 0.000327348 0.00111361 1 0.0153323 0.0421822 -0.0654861
FixedParameters: 0 0 0

#Transform 20
Transform: AffineTransform_float_3_3
Parameters: 1 0.000231981 3.07576e-05 -0.000231978 1 -5.0691e-05 -3.07811e-05 5.06768e-05 1 0.00126881 0.00262443 -0.00298817
FixedParameters: 0 0 0

#Transform 21
Transform: AffineTransform_float_3_3
Parameters: 1 0.000205075 3.74909e-05 -0.000205004 1 -0.00111533 -3.79989e-05 0.00111531 1 -0.00597912 0.0708191 -0.0779634
FixedParameters: 0 0 0

#Transform 22
Transform: AffineTransform_float_3_3
Parameters: 1 0.000241962 5.50491e-05 -0.000241969 1 6.3248e-05 -5.50185e-05 -6.32746e-05 1 -0.0127206 -0.0164807 -0.0299588
FixedParameters: 0 0 0

#Transform 23
Transform: AffineTransform_float_3_3
Parameters: 1 0.000255217 0.000138278 -0.000254856 1 -0.000321687 -0.000137481 0.00032163 1 -0.00776134 0.0245743 -0.0220158
FixedParameters: 0 0 0

#Transform 24
Transform: AffineTransform_float_3_3
Parameters: 1 9.97849e-05 -0.000373 -0.000100297 1 -0.00068717 0.000372863 0.000687245 0.999999 0.0156764 0.0361999 -0.0862485
FixedParameters: 0 0 0

#Transform 25
Transform: AffineTransform_float_3_3
Parameters: 1 0.000269889 0.000133581 -0.000269962 1 0.000272103 -0.000133435 -0.000272175 1 -0.00539221 -0.0178193 -0.0181864
FixedParameters: 0 0 0

#Transform 26
Transform: AffineTransform_float_3_3
Parameters: 1 0.000163953 -0.000141783 -0.000164165 0.999999 -0.00074831 0.000141538 0.000748356 0.999999 0.00839665 0.046034 -0.0804802
FixedParameters: 0 0 0

#Transform 27
Transform: AffineTransform_float_3_3
Parameters: 1 0.000269725 0.000105812 -0.000269843 1 0.000558029 -0.000105511 -0.000558086 1 -0.00588255 -0.0675276 0.0197994
FixedParameters: 0 0 0

#Transform 28
Transform: AffineTransform_float_3_3
Parameters: 1 0.000262729 0.000204406 -0.000262426 0.999999 -0.000741608 -0.000204796 0.000741501 0.999999 -0.00185627 0.0722433 -0.101104
FixedParameters: 0 0 0

#Transform 29
Transform: AffineTransform_float_3_3
Parameters: 1 0.000305438 0.000195809 -0.000306078 0.999999 0.000937802 -0.000196196 -0.000937935 0.999999 -0.0032033 -0.0318002 -0.0263753
FixedParameters: 0 0 0

#Transform 30
Transform: AffineTransform_float_3_3
Parameters: 0.999999 9.97906e-05 0.000799328 -0.000100401 1 0.000381753 -0.000799251 -0.000381913 0.999999 -0.0248026 -0.0528452 0.0859993
FixedParameters: 0 0 0

#Transform 31
Transform: AffineTransform_float_3_3
Parameters: 1 -2.84692e-05 0.000506434 2.84556e-05 0.999999 0.00094865 -0.000506812 -0.000948074 1 -0.00958578 -0.0954436 0.0499778
FixedParameters: 0 0 0

#Transform 32
Transform: AffineTransform_float_3_3
Parameters: 1 0.00032029 0.00036713 -0.000319921 0.999999 0.000807476 -0.000366886 -0.000807688 0.999999 -0.00940421 0.00604577 0.0109793
FixedParameters: 0 0 0

#Transform 33
Transform: AffineTransform_float_3_3
Parameters: 1 0.000240068 0.000389713 -0.000240566 1 0.000639597 -0.000389405 -0.000639784 0.999999 -0.00931815 -0.101099 0.0468795
FixedParameters: 0 0 0

#Transform 34
Transform: AffineTransform_float_3_3
Parameters: 1 0.000287113 0.000581965 -0.000287531 1 0.000359498 -0.000581759 -0.000359833 1 -0.0147481 -0.0357629 0.0130115
FixedParameters: 0 0 0

#Transform 35
Transform: AffineTransform_float_3_3
Parameters: 1 0.000102404 -0.000118846 -0.000102196 0.999999 0.000874943 0.000119025 -0.000874919 0.999999 0.00731685 -0.0605068 -0.00828417
FixedParameters: 0 0 0

#Transform 36
Transform: AffineTransform_float_3_3
Parameters: 1 0.00032745 -0.000247371 -0.000327705 1 -0.000516001 0.000247032 0.000516162 1 0.00837008 0.0783608 -0.0494584
FixedParameters: 0 0 0

#Transform 37
Transform: AffineTransform_float_3_3
Parameters: 1 0.000449324 -0.000223264 -0.000448929 1 0.000879312 0.000224054 -0.000879637 0.999999 0.00602902 -0.103695 0.0152385
FixedParameters: 0 0 0

#Transform 38
Transform: AffineTransform_float_3_3
Parameters: 1 0.000555591 -0.000363864 -0.000555466 1 -0.000203299 0.000364599 0.000203717 1 0.00876316 -0.0258406 -0.00997505
FixedParameters: 0 0 0

#Transform 39
Transform: AffineTransform_float_3_3
Parameters: 1 5.46216e-05 -0.000631439 -5.38667e-05 1 0.00059773 0.000631503 -0.000597661 0.999999 0.0231528 -0.0526936 -0.0598194
FixedParameters: 0 0 0

#Transform 40
Transform: AffineTransform_float_3_3
Parameters: 1 0.000671538 -0.000805495 -0.000670053 0.999999 0.00107573 0.00080597 -0.00107551 0.999999 0.00598805 -0.0366686 -0.0556266
FixedParameters: 0 0 0

#Transform 41
Transform: AffineTransform_float_3_3
Parameters: 1 0.000741354 -0.000826721 -0.000741113 0.999999 0.000138494 0.000826976 -0.000137268 0.999999 0.000423475 0.0143176 -0.141067
FixedParameters: 0 0 0

#Transform 42
Transform: AffineTransform_float_3_3
Parameters: 0.999999 0.000858417 -0.000409581 -0.000857898 0.999999 0.000964018 0.000410274 -0.000963854 0.999999 -0.00859062 -0.0597008 -0.0418152
FixedParameters: 0 0 0

#Transform 43
Transform: AffineTransform_float_3_3
Parameters: 0.999999 0.00064589 -0.00105981 -0.000645968 0.999999 -5.45399e-05 0.00105978 5.50589e-05 0.999999 0.0283444 0.0356757 -0.0811561
FixedParameters: 0 0 0

#Transform 44
Transform: AffineTransform_float_3_3
Parameters: 0.999999 0.000653713 -0.000614376 -0.000652957 0.999998 0.00186246 0.000615059 -0.00186171 0.999998 0.0161674 -0.0876277 -0.0528725
FixedParameters: 0 0 0

#Transform 45
Transform: AffineTransform_float_3_3
Parameters: 0.999999 0.000848494 -0.000422725 -0.000848142 1 0.000737112 0.000423015 -0.000736934 0.999999 0.0084931 0.000342688 -0.0707553
FixedParameters: 0 0 0

#Transform 46
Transform: AffineTransform_float_3_3
Parameters: 1 0.000769203 -0.000749749 -0.000768586 0.999999 0.00121769 0.000750926 -0.00121742 0.999999 0.0057349 -0.0636481 -0.108534
FixedParameters: 0 0 0

#Transform 47
Transform: AffineTransform_float_3_3
Parameters: 0.999999 0.000871271 -0.000396082 -0.00087053 0.999999 0.00129515 0.000397326 -0.00129447 0.999999 0.00731931 -0.0329404 -0.0523119
FixedParameters: 0 0 0

#Transform 48
Transform: AffineTransform_float_3_3
Parameters: 0.999999 0.000602058 -0.00126794 -0.000602035 1 0.000486453 0.00126783 -0.000485813 0.999999 0.0351193 0.0399115 -0.103326
FixedParameters: 0 0 0

#Transform 49
Transform: AffineTransform_float_3_3
Parameters: 1 0.000561168 -0.000213108 -0.000561573 0.999998 0.00194124 0.000214491 -0.00194189 0.999998 0.00474226 -0.0748698 0.00169493
FixedParameters: 0 0 0

#Transform 50
Transform: AffineTransform_float_3_3
Parameters: 0.999999 0.000686071 -0.000468726 -0.000685725 0.999999 0.000370025 0.000469233 -0.000369382 1 0.00225313 0.034452 -0.136971
FixedParameters: 0 0 0

#Transform 51
Transform: AffineTransform_float_3_3
Parameters: 0.999999 0.000876062 -0.000428838 -0.000875081 0.999998 0.00180902 0.000429983 -0.00180829 0.999998 -0.0143927 -0.0266005 -0.0612663
FixedParameters: 0 0 0

#Transform 52
Transform: AffineTransform_float_3_3
Parameters: 0.999999 0.000603386 -0.00126824 -0.000603236 1 0.000536438 0.00126819 -0.000535794 0.999999 0.00482745 2.89549e-05 -0.112761
FixedParameters: 0 0 0

#Transform 53
Transform: AffineTransform_float_3_3
Parameters: 1 0.000860895 -0.00077387 -0.000858843 0.999997 0.00229767 0.000776064 -0.00229724 0.999997 0.00264904 -0.0765672 -0.0731457
FixedParameters: 0 0 0

#Transform 54
Transform: AffineTransform_float_3_3
Parameters: 1 0.00101849 -0.00054282 -0.0010171 0.999998 0.00176891 0.000544441 -0.00176868 0.999999 -0.0174609 -0.0368276 -0.110242
FixedParameters: 0 0 0

#Transform 55
Transform: AffineTransform_float_3_3
Parameters: 0.999999 0.00127123 -0.00073501 -0.00126993 0.999997 0.00208346 0.000737636 -0.00208303 0.999997 -0.0166619 -0.071124 -0.10862
FixedParameters: 0 0 0

#Transform 56
Transform: AffineTransform_float_3_3
Parameters: 0.999999 0.00123086 -0.000734695 -0.00122929 0.999997 0.00227453 0.000737572 -0.00227415 0.999998 -0.01519 -0.0125046 -0.055262
FixedParameters: 0 0 0

#Transform 57
Transform: AffineTransform_float_3_3
Parameters: 0.999998 0.0010374 -0.00138839 -0.00103475 0.999998 0.00194183 0.00138997 -0.00193989 0.999998 0.0059052 -0.032323 -0.0929033
FixedParameters: 0 0 0

#Transform 58
Transform: AffineTransform_float_3_3
Parameters: 0.999999 0.00121278 -0.000826671 -0.00121033 0.999996 0.00255758 0.00083015 -0.00255701 0.999996 -0.0118132 -0.0128847 -0.077248
FixedParameters: 0 0 0

#Transform 59
Transform: AffineTransform_float_3_3
Parameters: 0.999999 0.00110991 -0.000788474 -0.00110877 0.999999 0.000890679 0.000789538 -0.000889467 0.999999 -0.0185413 0.0138725 -0.131762
FixedParameters: 0 0 0

#Transform 60
Transform: AffineTransform_float_3_3
Parameters: 0.999999 0.00116666 -0.000956726 -0.0011642 0.999996 0.00221416 0.000959168 -0.00221284 0.999997 -0.00803666 -0.0371193 -0.0640257
FixedParameters: 0 0 0

#Transform 61
Transform: AffineTransform_float_3_3
Parameters: 0.999998 0.00100864 -0.00138242 -0.00100744 0.999999 0.000863263 0.00138346 -0.000862211 0.999999 -0.00524958 0.0606309 -0.121532
FixedParameters: 0 0 0

#Transform 62
Transform: AffineTransform_float_3_3
Parameters: 0.999999 0.00117037 -0.000972738 -0.00116756 0.999996 0.00251074 0.000974935 -0.00250907 0.999996 -0.0065853 -0.0558746 -0.0979764
FixedParameters: 0 0 0

#Transform 63
Transform: AffineTransform_float_3_3
Parameters: 0.999999 0.00121606 -0.000776468 -0.00121448 0.999997 0.00216489 0.000779011 -0.00216392 0.999998 -0.0130706 -0.0666006 -0.0752494
FixedParameters: 0 0 0

#Transform 64
Transform: AffineTransform_float_3_3
Parameters: 0.999999 0.00117974 -0.00090545 -0.0011776 0.999997 0.0021651 0.000907835 -0.00216387 0.999998 -0.00826933 -0.0169587 -0.118843
FixedParameters: 0 0 0

#Transform 65
Transform: AffineTransform_float_3_3
Parameters: 0.999999 0.00120343 -0.000834957 -0.00120136 0.999997 0.00230368 0.000837778 -0.00230311 0.999997 -0.0115884 -0.0222044 -0.0733478
FixedParameters: 0 0 0

#Transform 66
Transform: AffineTransform_float_3_3
Parameters: 0.999998 0.00101142 -0.001383 -0.00100993 0.999999 0.000967231 0.00138425 -0.000966171 0.999999 0.00618747 0.0354116 -0.1172
FixedParameters: 0 0 0

#Transform 67
Transform: AffineTransform_float_3_3
Parameters: 0.999999 0.00119401 -0.00092667 -0.0011907 0.999995 0.00289463 0.000929843 -0.00289386 0.999995 -0.0115152 -0.0574805 -0.101607
FixedParameters: 0 0 0

#Transform 68
Transform: AffineTransform_float_3_3
Parameters: 0.999999 0.00118769 -0.000868368 -0.00118588 0.999997 0.00207573 0.000870633 -0.00207425 0.999997 -0.0102328 -0.0626265 -0.0778194
FixedParameters: 0 0 0

#Transform 69
Transform: AffineTransform_float_3_3
Parameters: 0.999999 0.00118254 -0.000886656 -0.00118065 0.999997 0.00207576 0.0008889 -0.00207425 0.999997 -0.00849882 -0.0406401 -0.125274
FixedParameters: 0 0 0

#Transform 70
Transform: AffineTransform_float_3_3
Parameters: 0.999999 0.00119841 -0.000865477 -0.00119627 0.999997 0.0024336 0.000867632 -0.00243213 0.999996 -0.016946 -0.0716101 -0.0593397
FixedParameters: 0 0 0

#Transform 71
Transform: AffineTransform_float_3_3
Parameters: 0.999999 0.000995137 -0.00149879 -0.000992914 0.999998 0.00154817 0.00150048 -0.00154696 0.999998 0.0101263 0.0163055 -0.127595
FixedParameters: 0 0 0

#Transform 72
Transform: AffineTransform_float_3_3
Parameters: 0.999999 0.00164499 -0.000910816 -0.00164265 0.999995 0.00254631 0.000914597 -0.0025453 0.999996 -0.015239 -0.0608144 -0.0349075
FixedParameters: 0 0 0

#Transform 73
Transform: AffineTransform_float_3_3
Parameters: 0.999999 0.00115895 -0.000878771 -0.00115746 0.999999 0.00114315 0.000879489 -0.00114252 0.999999 -0.00886702 0.0193187 -0.133484
FixedParameters: 0 0 0

#Transform 74
Transform: AffineTransform_float_3_3
Parameters: 0.999999 0.00133497 -0.000871688 -0.00133277 0.999996 0.00243631 0.000874508 -0.00243543 0.999997 -0.0126447 -0.0643838 -0.0462365
FixedParameters: 0 0 0

#Transform 75
Transform: AffineTransform_float_3_3
Parameters: 0.999998 0.00107064 -0.00123331 -0.00106825 0.999998 0.00156784 0.00123494 -0.00156695 0.999999 -0.0116937 0.00642446 -0.057953
FixedParameters: 0 0 0

#Transform 76
Transform: AffineTransform_float_3_3
Parameters: 0.999999 0.00119327 -0.000824731 -0.00119174 0.999998 0.00183182 0.000827392 -0.00183128 0.999998 -0.0115135 -0.0393411 -0.0869842
FixedParameters: 0 0 0

#Transform 77
Transform: AffineTransform_float_3_3
Parameters: 0.999998 0.00145078 -0.000799892 -0.00144886 0.999995 0.00266292 0.000802922 -0.00266206 0.999996 -0.0259573 -0.0577715 -0.00873675
FixedParameters: 0 0 0

#Transform 78
Transform: AffineTransform_float_3_3
Parameters: 0.999998 0.00137475 -0.00135339 -0.00137317 0.999998 0.00157462 0.00135537 -0.00157321 0.999998 0.00120508 0.037583 -0.109767
FixedParameters: 0 0 0

#Transform 79
Transform: AffineTransform_float_3_3
Parameters: 0.999998 0.0013799 -0.000945077 -0.00137699 0.999994 0.00315399 0.000950271 -0.003152 0.999994 -0.00990693 -0.0638295 -0.0898345
FixedParameters: 0 0 0

#Transform 80
Transform: AffineTransform_float_3_3
Parameters: 0.999998 0.00144141 -0.00102644 -0.00143795 0.999995 0.00282306 0.00102988 -0.00282156 0.999995 -0.00853065 -0.0549188 -0.0933524
FixedParameters: 0 0 0

#Transform 81
Transform: AffineTransform_float_3_3
Parameters: 0.999999 0.00147333 -0.00106924 -0.00147151 0.999997 0.00212381 0.0010731 -0.00212212 0.999998 -0.0219306 0.00569848 -0.162261
FixedParameters: 0 0 0

#Transform 82
Transform: AffineTransform_float_3_3
Parameters: 0.999998 0.00145054 -0.00100285 -0.00144704 0.999995 0.00291299 0.00100655 -0.00291155 0.999996 -0.0162648 -0.0585162 -0.0881547
FixedParameters: 0 0 0

#Transform 83
Transform: AffineTransform_float_3_3
Parameters: 0.999998 0.00142353 -0.00102705 -0.00142109 0.999997 0.00218527 0.00102958 -0.0021838 0.999997 -0.00904604 -0.00276926 -0.0794469
FixedParameters: 0 0 0

#Transform 84
Transform: AffineTransform_float_3_3
Parameters: 0.999999 0.00117403 -0.000907224 -0.00117147 0.999996 0.00253909 0.0009095 -0.00253841 0.999996 -0.00846433 -0.0763629 -0.102842
FixedParameters: 0 0 0

#Transform 85
Transform: AffineTransform_float_3_3
Parameters: 0.999998 0.00141201 -0.00101939 -0.00140907 0.999992 0.00367606 0.00102451 -0.0036747 0.999993 -0.00914741 -0.0965639 -0.048023
FixedParameters: 0 0 0

#Transform 86
Transform: AffineTransform_float_3_3
Parameters: 0.999999 0.00136175 -0.0013074 -0.00135772 0.999995 0.00279752 0.00131064 -0.00279545 0.999995 0.000179583 -0.0300409 -0.0976811
FixedParameters: 0 0 0

#Transform 87
Transform: AffineTransform_float_3_3
Parameters: 0.999998 0.00156383 -0.000652209 -0.00156101 0.999993 0.00345509 0.000656986 -0.00345365 0.999994 -0.0295913 -0.0573835 -0.0881225
FixedParameters: 0 0 0

#Transform 88
Transform: AffineTransform_float_3_3
Parameters: 0.999999 0.000360328 -0.00119245 -0.00035811 0.999998 0.0018452 0.0011933 -0.00184526 0.999997 0.0325145 -0.0118492 -0.162476
FixedParameters: 0 0 0

#Transform 89
Transform: AffineTransform_float_3_3
Parameters: 0.999999 0.000896236 -0.00125489 -0.00089383 0.999998 0.00205099 0.00125611 -0.00204968 0.999997 0.00305382 -0.0400854 -0.0721239
FixedParameters: 0 0 0

#Transform 90
Transform: AffineTransform_float_3_3
Parameters: 0.999999 0.000839836 -0.00122653 -0.000837269 0.999998 0.00205252 0.00122848 -0.00205138 0.999998 0.00433394 -0.0299283 -0.123373
FixedParameters: 0 0 0

#Transform 91
Transform: AffineTransform_float_3_3
Parameters: 0.999999 0.00090585 -0.00108655 -0.000902088 0.999995 0.00300205 0.00108943 -0.00300102 0.999995 -0.00131945 -0.0828176 -0.0654526
FixedParameters: 0 0 0

#Transform 92
Transform: AffineTransform_float_3_3
Parameters: 0.999998 0.000685739 -0.00178343 -0.000681774 0.999998 0.00215126 0.0017842 -0.00214925 0.999996 0.0219997 -0.0194737 -0.149382
FixedParameters: 0 0 0

#Transform 93
Transform: AffineTransform_float_3_3
Parameters: 0.999999 0.00110684 -0.00102089 -0.00110413 0.999994 0.0032896 0.00102488 -0.00328831 0.999994 -0.00404804 -0.098755 -0.107772
FixedParameters: 0 0 0

#Transform 94
Transform: AffineTransform_float_3_3
Parameters: 0.999999 0.000877252 -0.00108857 -0.00087535 0.999998 0.00200011 0.00109064 -0.00199965 0.999997 0.000265537 0.00987564 -0.13853
FixedParameters: 0 0 0

#Transform 95
Transform: AffineTransform_float_3_3
Parameters: 0.999999 0.000912925 -0.000993139 -0.000911067 0.999997 0.00231515 0.000994917 -0.00231427 0.999997 -0.00294887 -0.0547451 -0.116227
FixedParameters: 0 0 0

#Transform 96
Transform: AffineTransform_float_3_3
Parameters: 1 0.0010237 -0.00059637 -0.00102275 0.999996 0.00228164 0.000598322 -0.00228133 0.999998 -0.016716 0.00517789 -0.0684219
FixedParameters: 0 0 0

#Transform 97
Transform: AffineTransform_float_3_3
Parameters: 1 0.00094978 -0.000799976 -0.000948582 0.999998 0.00168213 0.000801462 -0.00168151 0.999999 -0.00829802 0.0767438 -0.164398
FixedParameters: 0 0 0

#Transform 98
Transform: AffineTransform_float_3_3
Parameters: 0.999999 0.000670301 -0.000712139 -0.000668779 0.999998 0.00214332 0.000713259 -0.00214294 0.999997 -8.60006e-05 -0.0268164 -0.0566691
FixedParameters: 0 0 0

#Transform 99
Transform: AffineTransform_float_3_3
Parameters: 0.999998 0.00105541 -0.00141058 -0.00105305 0.999997 0.00169627 0.00141271 -0.00169506 0.999998 0.0224477 0.00831612 -0.105513
FixedParameters: 0 0 0

#Transform 100
Transform: AffineTransform_float_3_3
Parameters: 1 0.000975281 -0.000748465 -0.000973226 0.999996 0.0025681 0.000750701 -0.00256755 0.999997 -0.0048316 -0.0347281 -0.07262
FixedParameters: 0 0 0

#Transform 101
Transform: AffineTransform_float_3_3
Parameters: 0.999999 0.000860535 -0.00113111 -0.000858041 0.999997 0.00231364 0.00113264 -0.00231263 0.999997 -0.000388511 -0.00570616 -0.0631744
FixedParameters: 0 0 0

#Transform 102
Transform: AffineTransform_float_3_3
Parameters: 0.999999 0.000930795 -0.000866513 -0.000928553 0.999997 0.0021614 0.000868774 -0.00216068 0.999998 -0.00720848 0.00873376 -0.111736
FixedParameters: 0 0 0

#Transform 103
Transform: AffineTransform_float_3_3
Parameters: 0.999999 0.000948727 -0.000837675 -0.000946013 0.999996 0.00251498 0.000840682 -0.00251481 0.999996 0.0037972 -0.00477228 -0.0816965
FixedParameters: 0 0 0

#Transform 104
Transform: AffineTransform_float_3_3
Parameters: 0.999999 0.000845472 -0.00110949 -0.000843507 0.999999 0.00155889 0.00111042 -0.00155791 0.999999 0.0179534 0.0747644 -0.153698
FixedParameters: 0 0 0

#Transform 105
Transform: AffineTransform_float_3_3
Parameters: 0.999999 0.00095387 -0.000854087 -0.000950759 0.999996 0.00286688 0.000856778 -0.00286669 0.999995 -0.00770381 -0.0464011 -0.101807
FixedParameters: 0 0 0

#Transform 106
Transform: AffineTransform_float_3_3
Parameters: 0.999999 0.00102558 -0.00111188 -0.00102314 0.999998 0.00189037 0.00111309 -0.00188953 0.999997 -0.00111112 -0.0236115 -0.125158
FixedParameters: 0 0 0

#Transform 107
Transform: AffineTransform_float_3_3
Parameters: 0.999999 0.000917517 -0.000941222 -0.0009147 0.999997 0.00244013 0.000942975 -0.00243985 0.999996 0.00655507 -0.0766955 -0.0858992
FixedParameters: 0 0 0

#Transform 108
Transform: AffineTransform_float_3_3
Parameters: 0.999999 0.00101749 -0.00118198 -0.00101503 0.999997 0.0020845 0.00118473 -0.00208301 0.999997 0.0005196 -0.0241035 -0.106109
FixedParameters: 0 0 0

#Transform 109
Transform: AffineTransform_float_3_3
Parameters: 0.999999 0.000856739 -0.0011946 -0.000852764 0.999996 0.0028143 0.00119691 -0.00281372 0.999995 -0.000518162 -0.0489353 -0.116458
FixedParameters: 0 0 0

#Transform 110
Transform: AffineTransform_float_3_3
Parameters: 0.999999 0.00108482 -0.000982927 -0.00108259 0.999996 0.00252584 0.000985956 -0.00252516 0.999996 -0.00395729 -0.03261 -0.0885667
FixedParameters: 0 0 0

#Transform 111
Transform: AffineTransform_float_3_3
Parameters: 0.999999 0.00105949 -0.00100677 -0.00105623 0.999996 0.00264064 0.00100862 -0.00263944 0.999996 -0.0109177 -0.0371659 -0.156291
FixedParameters: 0 0 0

#Transform 112
Transform: AffineTransform_float_3_3
Parameters: 0.999998 0.00140754 -0.000865714 -0.00140504 0.999996 0.00263264 0.000869388 -0.00263165 0.999997 -0.0124915 -0.0411027 -0.104356
FixedParameters: 0 0 0

#Transform 113
Transform: AffineTransform_float_3_3
Parameters: 0.999998 0.00127861 -0.00125684 -0.00127666 0.999997 0.00195556 0.00125847 -0.00195467 0.999997 0.000854826 0.00165678 -0.161759
FixedParameters: 0 0 0

#Transform 114
Transform: AffineTransform_float_3_3
Parameters: 0.999998 0.00129921 -0.00126092 -0.00129562 0.999995 0.00273224 0.00126359 -0.00273045 0.999995 -0.00124277 -0.0247146 -0.0773564
FixedParameters: 0 0 0

#Transform 115
Transform: AffineTransform_float_3_3
Parameters: 0.999998 0.00127897 -0.00119085 -0.00127734 0.999998 0.00130462 0.00119252 -0.001303 0.999998 -0.0122801 0.0141732 -0.187747
FixedParameters: 0 0 0

#Transform 116
Transform: AffineTransform_float_3_3
Parameters: 0.999999 0.000949968 -0.000848471 -0.000947532 0.999997 0.00248187 0.000850463 -0.0024817 0.999996 -0.00802194 -0.0446549 -0.100413
FixedParameters: 0 0 0

#Transform 117
Transform: AffineTransform_float_3_3
Parameters: 0.999999 0.000846155 -0.00102416 -0.000845317 1 0.000535678 0.00102415 -0.000534484 0.999999 -0.00580098 0.074727 -0.155832
FixedParameters: 0 0 0

#Transform 118
Transform: AffineTransform_float_3_3
Parameters: 0.999998 0.000789539 -0.00144491 -0.000785344 0.999996 0.00274197 0.00144695 -0.00274012 0.999996 0.00936713 -0.0401208 -0.0726341
FixedParameters: 0 0 0

#Transform 119
Transform: AffineTransform_float_3_3
Parameters: 0.999999 0.000976881 -0.00102974 -0.000974739 0.999997 0.00236915 0.00103192 -0.0023686 0.999997 -0.0133892 -0.0199444 -0.056501
FixedParameters: 0 0 0

#Transform 120
Transform: AffineTransform_float_3_3
Parameters: 0.999998 0.00113945 -0.00114287 -0.00113775 0.999997 0.00192551 0.00114486 -0.00192522 0.999998 -0.00978024 -0.0630257 -0.135656
FixedParameters: 0 0 0

#Transform 121
Transform: AffineTransform_float_3_3
Parameters: 0.999999 0.000919771 -0.000965522 -0.000916579 0.999996 0.00258026 0.000967491 -0.00257939 0.999997 -0.0125445 -0.0287667 -0.0657858
FixedParameters: 0 0 0

#Transform 122
Transform: AffineTransform_float_3_3
Parameters: 0.999999 0.000692479 -0.00163118 -0.000689827 0.999999 0.00117675 0.00163211 -0.00117571 0.999998 0.017048 0.0368831 -0.149905
FixedParameters: 0 0 0

#Transform 123
Transform: AffineTransform_float_3_3
Parameters: 0.999999 0.00102408 -0.00083066 -0.00102155 0.999996 0.00261439 0.000833246 -0.00261275 0.999996 -0.00969676 -0.0462265 -0.0861447
FixedParameters: 0 0 0

#Transform 124
Transform: AffineTransform_float_3_3
Parameters: 1 0.000921236 -0.000793316 -0.000920082 0.999999 0.000883614 0.000793975 -0.000883016 1 -0.0166764 0.0299231 -0.150467
FixedParameters: 0 0 0

#Transform 125
Transform: AffineTransform_float_3_3
Parameters: 1 0.00100837 -0.000634402 -0.0010071 0.999997 0.00241652 0.000636562 -0.00241583 0.999997 -0.0252624 -0.00906914 -0.135011
FixedParameters: 0 0 0

#Transform 126
Transform: AffineTransform_float_3_3
Parameters: 0.999999 0.000912237 -0.000942447 -0.000909814 0.999998 0.00207613 0.000944523 -0.00207584 0.999997 -0.00569776 -0.0291409 -0.0787061
FixedParameters: 0 0 0

#Transform 127
Transform: AffineTransform_float_3_3
Parameters: 0.999999 0.00089226 -0.00103923 -0.000888905 0.999996 0.00233743 0.00104163 -0.00233648 0.999997 -0.00125794 -0.035331 -0.135488
FixedParameters: 0 0 0

#Transform 128
Transform: AffineTransform_float_3_3
Parameters: 0.999999 0.000916514 -0.000928054 -0.000914136 0.999997 0.00208411 0.000930162 -0.00208383 0.999997 -0.0277584 -0.00651415 -0.109172
FixedParameters: 0 0 0

#Transform 129
Transform: AffineTransform_float_3_3
Parameters: 1 0.000991572 -0.000611406 -0.000990196 0.999998 0.00156979 0.000612595 -0.00156913 0.999998 -0.040304 0.000735158 -0.179105
FixedParameters: 0 0 0

#Transform 130
Transform: AffineTransform_float_3_3
Parameters: 0.999999 0.000898484 -0.00110284 -0.000894477 0.999995 0.0031992 0.00110502 -0.00319817 0.999995 -0.000767022 -0.06309 -0.0807791
FixedParameters: 0 0 0

#Transform 131
Transform: AffineTransform_float_3_3
Parameters: 1 0.000983239 -0.000614734 -0.000981887 0.999998 0.00130023 0.00061632 -0.00129988 0.999999 -0.0133219 0.0592332 -0.183222
FixedParameters: 0 0 0

#Transform 132
Transform: AffineTransform_float_3_3
Parameters: 0.999999 0.000847703 -0.000593486 -0.000845742 0.999996 0.00235205 0.000594427 -0.00235194 0.999997 -0.0177342 -0.0296469 -0.14501
FixedParameters: 0 0 0

#Transform 133
Transform: AffineTransform_float_3_3
Parameters: 0.999999 0.000977726 -0.000937307 -0.000975655 0.999998 0.00191343 0.000939345 -0.00191217 0.999997 -0.019403 0.00309445 -0.164993
FixedParameters: 0 0 0

#Transform 134
Transform: AffineTransform_float_3_3
Parameters: 0.999998 0.000913936 -0.00148065 -0.000910755 0.999997 0.00231519 0.00148269 -0.00231482 0.999996 0.0110338 -0.0369014 -0.152249
FixedParameters: 0 0 0

#Transform 135
Transform: AffineTransform_float_3_3
Parameters: 0.999999 0.00107971 -0.000796965 -0.00107777 0.999997 0.00232792 0.000799269 -0.00232764 0.999997 -0.0221476 -0.0172126 -0.123819
FixedParameters: 0 0 0

#Transform 136
Transform: AffineTransform_float_3_3
Parameters: 0.999999 0.00111554 -0.000890529 -0.00111419 0.999998 0.00161048 0.000892419 -0.00160854 0.999999 -0.0200967 0.034886 -0.192006
FixedParameters: 0 0 0

#Transform 137
Transform: AffineTransform_float_3_3
Parameters: 0.999999 0.00147574 -0.000585847 -0.00147435 0.999996 0.00209621 0.000588129 -0.00209591 0.999998 -0.0205129 -0.048463 -0.122918
FixedParameters: 0 0 0

#Transform 138
Transform: AffineTransform_float_3_3
Parameters: 0.999999 0.000933717 -0.000836184 -0.00093165 0.999998 0.00154603 0.000837139 -0.00154588 0.999998 -0.00672632 0.0287148 -0.177112
FixedParameters: 0 0 0

#Transform 139
Transform: AffineTransform_float_3_3
Parameters: 1 0.00103358 -0.000589165 -0.00103132 0.999996 0.00264451 0.000591591 -0.00264333 0.999997 -0.0157842 -0.0399245 -0.115973
FixedParameters: 0 0 0

#Transform 140
Transform: AffineTransform_float_3_3
Parameters: 1 0.000952096 -0.000774803 -0.000950159 0.999998 0.00158394 0.000775886 -0.00158387 0.999998 -0.025441 0.0378831 -0.190338
FixedParameters: 0 0 0

#Transform 141
Transform: AffineTransform_float_3_3
Parameters: 1 0.00101541 -0.000636296 -0.00101284 0.999997 0.00246538 0.000639273 -0.00246464 0.999997 -0.0144078 -0.0124961 -0.118205
FixedParameters: 0 0 0

#Transform 142
Transform: AffineTransform_float_3_3
Parameters: 0.999999 0.000930571 -0.00102767 -0.000929027 0.999999 0.00147099 0.00102874 -0.0014705 0.999998 -0.00230613 0.0412047 -0.151283
FixedParameters: 0 0 0

#Transform 143
Transform: AffineTransform_float_3_3
Parameters: 0.999999 0.000954099 -0.000857908 -0.000951306 0.999996 0.00250173 0.000860917 -0.00250152 0.999996 -0.00727846 -0.0430244 -0.125106
FixedParameters: 0 0 0

#Transform 144
Transform: AffineTransform_float_3_3
Parameters: 1 0.00109595 -0.000353476 -0.00109475 0.999996 0.00250093 0.000356931 -0.00250071 0.999997 -0.0243089 -0.0268704 -0.0687683
FixedParameters: 0 0 0

#Transform 145
Transform: AffineTransform_float_3_3
Parameters: 1 0.000994135 -0.000675627 -0.000992109 0.999997 0.00209363 0.000676845 -0.0020937 0.999997 -0.0162208 -0.0376974 -0.150361
FixedParameters: 0 0 0

#Transform 146
Transform: AffineTransform_float_3_3
Parameters: 0.999999 0.00111525 -0.000743792 -0.00111293 0.999996 0.00277342 0.00074721 -0.00277235 0.999996 -0.0124202 0.00126524 -0.126559
FixedParameters: 0 0 0

#Transform 147
Transform: AffineTransform_float_3_3
Parameters: 0.999999 0.00122322 -0.000965845 -0.00122048 0.999995 0.00299665 0.000969667 -0.00299491 0.999995 -0.00744304 -0.00501137 -0.123681
FixedParameters: 0 0 0

#Transform 148
Transform: AffineTransform_float_3_3
Parameters: 1 0.000961079 -0.000648283 -0.000959108 0.999995 0.00291678 0.000651122 -0.00291612 0.999995 -0.0125988 -0.0354794 -0.143185
FixedParameters: 0 0 0

#Transform 149
Transform: AffineTransform_float_3_3
Parameters: 1 0.000872094 -0.000658369 -0.000870397 0.999997 0.00242883 0.000660844 -0.00242911 0.999997 -0.00403689 -0.022317 -0.115947
FixedParameters: 0 0 0

#Transform 150
Transform: AffineTransform_float_3_3
Parameters: 1 0.000990568 -0.000703862 -0.000989127 0.999995 0.00319582 0.000706689 -0.00319505 0.999994 -0.0122465 -0.0705916 -0.098964
FixedParameters: 0 0 0

#Transform 151
Transform: AffineTransform_float_3_3
Parameters: 0.999999 0.000884011 -0.000678692 -0.000882512 0.999997 0.00224055 0.000680849 -0.00223939 0.999997 -0.0128678 0.0428101 -0.0916168
FixedParameters: 0 0 0

#Transform 152
Transform: AffineTransform_float_3_3
Parameters: 0.999999 0.00115619 -0.000597158 -0.00115356 0.999995 0.00291553 0.000600807 -0.00291419 0.999996 -0.0162237 -0.0218882 -0.144068
FixedParameters: 0 0 0

#Transform 153
Transform: AffineTransform_float_3_3
Parameters: 1 0.000948125 -0.000673376 -0.00094654 0.999997 0.00251382 0.000675428 -0.00251313 0.999996 -0.0139152 0.0108533 -0.074098
FixedParameters: 0 0 0

#Transform 154
Transform: AffineTransform_float_3_3
Parameters: 1 0.000808373 -0.00069379 -0.000807722 0.999999 0.00153589 0.000694616 -0.00153619 0.999998 -0.0206036 0.0116337 -0.176252
FixedParameters: 0 0 0

#Transform 155
Transform: AffineTransform_float_3_3
Parameters: 0.999999 0.000801159 -0.000601933 -0.000799117 0.999995 0.00320117 0.000604187 -0.00320164 0.999995 -0.00517728 -0.012003 -0.0813057
FixedParameters: 0 0 0

#Transform 156
Transform: AffineTransform_float_3_3
Parameters: 0.999999 0.000850388 -0.000586544 -0.000849615 0.999997 0.0019638 0.000588132 -0.00196285 0.999998 -0.00409077 0.0156029 -0.166363
FixedParameters: 0 0 0

#Transform 157
Transform: AffineTransform_float_3_3
Parameters: 0.999999 0.000940107 -0.000339488 -0.000938839 0.999996 0.00270031 0.00034243 -0.00270054 0.999997 -0.00495391 -0.0633181 -0.0850198
FixedParameters: 0 0 0

#Transform 158
Transform: AffineTransform_float_3_3
Parameters: 1 0.00104255 -0.000655672 -0.00104082 0.999998 0.00172268 0.000657281 -0.00172219 0.999999 -0.0138482 0.027979 -0.142581
FixedParameters: 0 0 0

#Transform 159
Transform: AffineTransform_float_3_3
Parameters: 1 0.000812329 -0.000800372 -0.000809851 0.999997 0.00250245 0.000802681 -0.00250172 0.999996 0.000696492 0.00783021 -0.170155
FixedParameters: 0 0 0

#Transform 160
Transform: AffineTransform_float_3_3
Parameters: 0.999999 0.000905306 -0.000491706 -0.000904176 0.999996 0.00272723 0.000494789 -0.00272639 0.999996 -0.00946737 -0.016905 -0.0799091
FixedParameters: 0 0 0

#Transform 161
Transform: AffineTransform_float_3_3
Parameters: 1 0.00088545 -0.000713432 -0.000883847 0.999997 0.0021953 0.000715565 -0.00219409 0.999998 -0.00924615 -0.0236445 -0.176073
FixedParameters: 0 0 0

#Transform 162
Transform: AffineTransform_float_3_3
Parameters: 0.999999 0.000801937 -0.000561317 -0.00080039 0.999996 0.00273948 0.000563848 -0.00273948 0.999996 -0.0146483 -0.0265691 -0.0952821
FixedParameters: 0 0 0

#Transform 163
Transform: AffineTransform_float_3_3
Parameters: 1 0.000813489 -0.000677963 -0.000812964 0.999999 0.00129696 0.000679384 -0.00129589 0.999999 -0.0109358 0.0164814 -0.132267
FixedParameters: 0 0 0

#Transform 164
Transform: AffineTransform_float_3_3
Parameters: 1 0.000876267 -0.000605902 -0.00087464 0.999996 0.00283809 0.00060811 -0.00283761 0.999996 -0.0136158 -0.0433006 -0.110338
FixedParameters: 0 0 0

#Transform 165
Transform: AffineTransform_float_3_3
Parameters: 0.999998 0.0011579 -0.00126254 -0.00115473 0.999997 0.0023415 0.00126551 -0.00234004 0.999996 0.00103042 -0.0170639 -0.111474
FixedParameters: 0 0 0

#Transform 166
Transform: AffineTransform_float_3_3
Parameters: 1 0.00103754 -0.000618421 -0.00103726 0.999999 0.00142262 0.000619716 -0.00142276 0.999999 -0.017803 0.0166402 -0.197981
FixedParameters: 0 0 0

#Transform 167
Transform: AffineTransform_float_3_3
Parameters: 1 0.000944767 -0.000539395 -0.000942572 0.999996 0.00257096 0.000542173 -0.00256997 0.999997 -0.0123859 -0.0362591 -0.140425
FixedParameters: 0 0 0

#Transform 168
Transform: AffineTransform_float_3_3
Parameters: 1 0.00101734 -0.000586535 -0.00101705 0.999999 0.00153326 0.000588005 -0.00153264 0.999998 -0.0150224 0.0249172 -0.157543
FixedParameters: 0 0 0

#Transform 169
Transform: AffineTransform_float_3_3
Parameters: 0.999999 0.00111486 -0.000802165 -0.00111249 0.999996 0.00260105 0.000805247 -0.00259985 0.999996 -0.00988279 -0.0380491 -0.152611
FixedParameters: 0 0 0

#Transform 170
Transform: AffineTransform_float_3_3
Parameters: 0.999999 0.00113087 -0.000715918 -0.0011294 0.999996 0.00226334 0.000718316 -0.00226263 0.999998 -0.013586 -0.0333273 -0.107174
FixedParameters: 0 0 0

#Transform 171
Transform: AffineTransform_float_3_3
Parameters: 0.999999 0.00100786 -0.000800069 -0.00100599 0.999998 0.0014904 0.000801141 -0.00149019 0.999998 -0.00748127 0.0277006 -0.218433
FixedParameters: 0 0 0

#Transform 172
Transform: AffineTransform_float_3_3
Parameters: 1 0.000847397 -0.00062549 -0.000845917 0.999996 0.0024048 0.000627812 -0.00240379 0.999997 -0.0120951 -0.0442793 -0.139407
FixedParameters: 0 0 0

#Transform 173
Transform: AffineTransform_float_3_3
Parameters: 0.999999 0.00139729 -0.000719448 -0.00139702 0.999998 0.00121615 0.000721189 -0.00121556 0.999999 -0.0121977 0.0242011 -0.187413
FixedParameters: 0 0 0

#Transform 174
Transform: AffineTransform_float_3_3
Parameters: 1 0.000961445 -0.000522346 -0.000960622 0.999997 0.00251133 0.000524462 -0.00251091 0.999996 -0.0119276 -0.0542195 -0.10754
FixedParameters: 0 0 0

#Transform 175
Transform: AffineTransform_float_3_3
Parameters: 1 0.000908479 -0.000582353 -0.000908566 0.999998 0.00119719 0.000582872 -0.00119703 0.999999 -0.0136021 0.0252216 -0.172667
FixedParameters: 0 0 0

#Transform 176
Transform: AffineTransform_float_3_3
Parameters: 1 0.000948944 -0.000533956 -0.000948425 0.999997 0.00217472 0.000535372 -0.00217377 0.999998 -0.0162091 -0.0551089 -0.118549
FixedParameters: 0 0 0

#Transform 177
Transform: AffineTransform_float_3_3
Parameters: 1 0.000951841 -0.000608596 -0.000951922 0.999999 0.000926885 0.000609665 -0.000926612 1 -0.0141543 0.0406755 -0.147222
FixedParameters: 0 0 0

#Transform 178
Transform: AffineTransform_float_3_3
Parameters: 1 0.000863415 -0.000846322 -0.000862051 0.999997 0.00226217 0.000848741 -0.00226163 0.999997 -0.0186053 -0.0476986 -0.148078
FixedParameters: 0 0 0

#Transform 179
Transform: AffineTransform_float_3_3
Parameters: 0.999999 0.00114592 -0.000601611 -0.00114465 0.999996 0.00232153 0.000605178 -0.0023202 0.999997 -0.0168762 -0.0158914 -0.112823
FixedParameters: 0 0 0

#Transform 180
Transform: AffineTransform_float_3_3
Parameters: 1 0.000955442 -0.000526284 -0.000955199 0.999998 0.0016495 0.000527729 -0.00164939 0.999999 -0.0145522 0.0150504 -0.210283
FixedParameters: 0 0 0

#Transform 181
Transform: AffineTransform_float_3_3
Parameters: 0.999999 0.00107806 -6.08637e-05 -0.00107782 0.999992 0.00368163 6.43311e-05 -0.00368153 0.999993 -0.0315998 -0.0784921 -0.0695496
FixedParameters: 0 0 0

#Transform 182
Transform: AffineTransform_float_3_3
Parameters: 0.999999 0.000959156 -0.000251579 -0.000958828 0.999999 0.00126768 0.000253005 -0.00126636 0.999999 -0.022838 0.0409058 -0.195337
FixedParameters: 0 0 0

#Transform 183
Transform: AffineTransform_float_3_3
Parameters: 0.999999 0.000867973 -0.00010206 -0.00086813 0.999997 0.00202213 0.000103548 -0.00202198 0.999998 -0.0225537 -0.0169155 -0.102557
FixedParameters: 0 0 0

#Transform 184
Transform: AffineTransform_float_3_3
Parameters: 0.999999 0.000800732 -0.000436971 -0.000799608 0.999999 0.00160852 0.000438533 -0.00160836 0.999998 -0.0162877 0.0395599 -0.181465
FixedParameters: 0 0 0

#Transform 185
Transform: AffineTransform_float_3_3
Parameters: 0.999999 0.00101272 -0.000152936 -0.00101263 0.999997 0.00221727 0.000155354 -0.00221699 0.999998 -0.0117117 -0.0106879 -0.11495
FixedParameters: 0 0 0

#Transform 186
Transform: AffineTransform_float_3_3
Parameters: 0.999999 0.000903193 -0.000421195 -0.000902644 0.999999 0.000972841 0.000421991 -0.000972619 0.999999 -0.0171493 0.0526344 -0.21992
